DATE, OPEN, HIGH, LOW, CLOSE, VOL, p
20150623,14.00,14.25,13.75,14.25,61386,0
20150624,14.06,14.30,14.06,14.30,55062,0
20150625,13.93,14.69,13.50,13.95,318471,0
20150626,13.95,15.05,13.35,14.90,13419902,0
20150629,14.37,14.75,13.72,14.13,8919667,0
20150630,14.02,14.13,13.42,13.99,5882273,0
20150701,13.89,13.97,13.13,13.32,2666249,0
20150702,13.13,13.18,11.86,12.40,4234123,0
20150706,11.64,12.12,10.75,11.78,6580505,0
20150707,11.55,11.94,11.35,11.44,6479857,0
20150708,11.35,11.43,10.84,11.30,4891882,0
20150709,11.36,12.46,11.13,12.06,4473456,0
20150710,12.56,13.53,12.33,13.37,3180763,0
20150713,13.46,14.03,13.02,13.69,3152027,0
20150714,13.45,13.50,12.76,13.20,3671353,0
20150715,13.20,13.43,13.09,13.21,2393896,0
20150716,13.25,13.90,13.24,13.73,2011403,0
20150717,13.72,13.99,13.64,13.92,1595864,0
20150720,13.94,14.24,13.90,14.17,2560715,0
20150721,13.92,14.08,13.21,13.31,2642219,0
20150722,13.34,13.76,12.72,12.79,2479111,0
20150723,12.92,13.34,12.55,13.05,2362626,0
20150724,13.28,14.18,13.02,13.64,2886294,0
20150727,13.56,13.99,13.52,13.63,2343523,0
20150728,13.75,13.78,13.17,13.31,1954272,0
20150729,12.85,13.81,12.80,13.35,2375846,0
20150730,13.14,13.36,12.63,12.83,2891632,0
20150731,12.95,13.15,12.55,12.65,3431213,0
20150803,12.84,13.13,12.11,12.54,2712745,0
20150804,12.79,13.06,12.15,12.31,1409338,0
20150805,12.32,12.52,12.03,12.08,1548398,0
20150806,12.07,12.08,11.73,11.99,1771708,0
20150807,11.96,12.84,11.96,12.81,919180,0
20150810,12.95,13.17,12.73,12.97,1280560,0
20150811,12.90,12.96,12.44,12.90,1966007,0
20150812,12.80,13.60,12.18,13.26,1964415,0
20150813,13.27,13.75,13.06,13.48,1421368,0
20150814,13.42,13.42,12.82,13.04,1260868,0
20150817,13.03,13.66,13.00,13.51,1800238,0
20150818,13.45,13.62,13.18,13.50,1004213,0
20150819,13.40,13.46,12.82,13.18,941139,0
20150820,13.03,13.05,12.59,12.76,924461,0
20150821,12.73,13.19,12.54,12.78,1584091,0
20150824,12.04,12.78,11.85,12.32,1413687,0
20150825,12.60,12.68,12.09,12.10,1118332,0
20150826,12.36,12.60,12.04,12.40,1277043,0
20150827,12.50,12.76,11.84,12.05,1498841,0
20150828,11.99,12.60,11.98,12.58,1446596,0
20150831,12.65,13.91,12.57,13.11,1660623,0
20150901,12.71,13.24,12.62,12.72,2361092,0
20150902,12.56,13.34,12.56,13.24,1268412,0
20150903,13.33,13.64,13.21,13.51,1097746,0
20150904,13.21,13.63,13.21,13.47,1031559,0
20150908,13.75,13.98,13.54,13.65,2193611,0
20150909,13.75,13.82,13.13,13.16,1322758,0
20150910,13.36,13.36,12.92,13.16,1153296,0
20150911,13.11,13.22,12.93,13.10,987248,0
20150914,13.12,13.36,13.06,13.28,935290,0
20150915,13.30,13.62,13.12,13.29,1739906,0
20150916,13.37,13.45,13.22,13.41,1118618,0
20150917,13.44,13.94,13.15,13.74,1173939,0
20150918,13.74,13.74,13.09,13.16,2082264,0
20150921,13.29,13.37,13.04,13.16,1122991,0
20150922,13.04,13.31,12.98,13.29,877798,0
20150923,13.33,13.87,13.25,13.51,836158,0
20150924,13.46,13.85,13.30,13.83,1107045,0
20150925,13.89,14.26,13.76,14.00,1685114,0
20150928,13.95,14.06,13.77,13.84,1342951,0
20150929,13.94,14.35,13.76,14.32,1134503,0
20150930,14.53,14.75,14.14,14.73,1327491,0
20151001,14.80,14.87,13.85,14.58,1384397,0
20151002,14.64,15.49,14.18,15.42,1528652,0
20151005,15.45,15.80,14.60,14.89,3961477,0
20151006,14.95,15.09,14.36,14.40,1449405,0
20151007,14.47,15.00,14.41,14.94,1855722,0
20151008,15.56,16.00,14.91,15.20,2925443,0
20151009,15.20,15.20,14.39,15.11,1194718,0
20151012,15.16,15.27,15.02,15.06,691894,0
20151013,15.07,15.33,14.87,15.27,1029099,0
20151014,15.34,15.34,15.02,15.06,562786,0
20151015,15.33,15.33,14.73,14.87,1378514,0
20151016,14.97,15.04,14.81,15.03,870610,0
20151019,15.05,15.23,14.89,14.99,864029,0
20151020,15.02,15.17,14.59,14.60,951291,0
20151021,14.68,14.82,14.49,14.79,708489,0
20151022,14.76,15.38,14.67,15.25,1146898,0
20151023,15.31,15.36,15.00,15.04,736043,0
20151026,15.06,15.41,14.96,15.00,724163,0
20151027,15.14,15.17,14.46,14.50,944327,0
20151028,14.57,14.74,14.37,14.50,1603821,0
20151029,15.03,15.84,14.13,15.72,3076579,0
20151030,15.72,15.86,15.52,15.82,977065,0
20151102,15.89,16.58,15.67,16.50,940943,0
20151103,16.44,16.45,16.09,16.22,645116,0
20151104,16.28,16.35,15.99,16.09,769668,0
20151105,16.42,17.15,16.42,16.86,1612360,0
20151106,16.76,17.12,16.48,16.95,1065048,0
20151109,16.93,17.21,16.82,16.96,1343949,0
20151110,16.88,17.46,16.83,17.21,1275038,0
20151111,17.21,17.23,16.83,16.92,653422,0
20151112,16.73,17.09,16.65,16.68,491894,0
20151113,16.56,17.09,16.40,16.46,411734,0
20151116,16.40,16.72,16.29,16.69,504883,0
20151117,16.70,17.17,16.42,17.02,479572,0
20151118,17.02,17.11,16.58,16.90,501893,0
20151119,16.65,16.81,16.28,16.76,600410,0
20151120,16.76,17.14,16.73,17.00,415055,0
20151123,16.99,17.24,16.67,16.75,633258,0
20151124,16.57,17.63,16.57,17.50,701461,0
20151125,17.49,17.63,17.32,17.40,331361,0
20151127,17.37,17.48,17.12,17.22,250704,0
20151130,17.22,17.33,17.02,17.08,564578,0
20151201,17.13,17.91,17.04,17.75,1662943,0
20151202,17.48,17.84,17.36,17.63,653870,0
20151203,17.52,17.90,17.02,17.33,1105041,0
20151204,17.29,17.73,17.23,17.48,774306,0
20151207,17.31,17.73,16.99,17.10,722493,0
20151208,17.00,17.07,16.57,16.62,884413,0
20151209,16.47,16.81,16.44,16.78,615313,0
20151210,16.81,17.45,16.62,16.90,677061,0
20151211,16.69,17.20,16.53,17.08,943225,0
20151214,17.10,17.51,16.65,16.82,904082,0
20151215,17.00,17.52,16.88,17.10,871301,0
20151216,17.20,17.39,16.90,17.14,979299,0
20151217,17.18,17.29,16.26,16.78,1297090,0
20151218,16.77,16.85,16.17,16.55,3807888,0
20151221,16.56,16.82,16.33,16.51,1099345,0
20151222,16.51,16.61,16.25,16.40,737298,0
20151223,16.44,16.51,15.93,16.25,1236126,0
20151224,16.20,16.41,16.13,16.21,375410,0
20151228,16.22,16.42,16.17,16.34,927828,0
20151229,16.37,16.56,16.29,16.50,936340,0
20151230,16.36,16.59,16.14,16.35,926844,0
20151231,16.25,16.37,16.02,16.29,772268,0
20160104,16.07,16.09,15.25,15.61,1302992,0
20160105,15.58,16.39,15.53,16.34,1438724,0
20160106,16.05,16.77,15.94,16.74,1616981,0
20160107,16.43,16.47,15.94,16.14,729648,0
20160108,16.20,16.39,16.00,16.15,728032,0
20160111,16.18,16.25,15.97,16.16,849953,0
20160112,16.21,16.28,15.58,16.22,1178069,0
20160113,16.21,16.61,15.49,15.76,2241786,0
20160114,15.78,16.24,15.30,15.74,1717002,0
20160115,15.50,15.50,15.09,15.27,1173718,0
20160119,15.30,15.30,14.26,14.50,1654592,0
20160120,14.35,14.53,13.39,14.27,1955507,0
20160121,14.27,14.43,13.96,14.25,1262466,0
20160122,14.49,14.67,14.20,14.32,756803,0
20160125,14.37,14.50,14.01,14.07,972694,0
20160126,14.02,14.64,14.00,14.48,997973,0
20160127,14.48,14.80,14.01,14.46,980590,0
20160128,14.46,14.59,14.14,14.53,580047,0
20160129,14.59,14.87,14.50,14.84,765477,0
20160201,14.75,15.03,14.62,14.89,606715,0
20160202,14.73,14.82,14.36,14.79,573921,0
20160203,14.86,15.02,14.59,14.89,578746,0
20160204,14.79,15.07,14.69,14.95,776163,0
20160205,14.84,15.15,14.77,15.00,1165588,0
20160208,14.80,15.06,14.64,14.91,921351,0
20160209,14.73,15.14,14.32,14.82,1199468,0
20160210,14.67,14.81,14.19,14.59,977534,0
20160211,14.39,14.72,14.08,14.36,817521,0
20160212,14.39,14.69,14.04,14.58,1522661,0
20160216,14.77,15.55,14.77,15.34,1784029,0
20160217,14.95,14.99,13.27,14.24,2274888,0
20160218,14.09,14.40,13.56,14.30,1394051,0
20160219,14.17,14.30,13.92,14.03,834635,0
20160222,14.18,14.90,14.08,14.87,899027,0
20160223,14.85,14.95,14.54,14.87,730888,0
20160224,14.77,14.85,14.36,14.58,906064,0
20160225,14.65,14.94,14.48,14.75,726868,0
20160226,14.83,14.85,14.21,14.56,1273446,0
20160229,14.60,15.34,14.58,15.26,1506314,0
20160301,15.19,15.41,15.04,15.19,1361794,0
20160302,15.19,15.32,15.10,15.17,1565354,0
20160303,15.17,15.32,15.11,15.23,1435141,0
20160304,15.29,15.87,15.18,15.80,1383513,0
20160307,15.75,15.80,15.15,15.51,1228958,0
20160308,15.51,15.68,15.33,15.50,1276353,0
20160309,15.39,15.62,15.22,15.50,1130475,0
20160310,15.53,15.94,15.26,15.31,1670432,0
20160311,15.32,15.36,14.88,14.99,1130935,0
20160314,14.92,15.32,14.85,15.24,1141318,0
20160315,15.09,15.19,14.36,14.44,1278187,0
20160316,14.40,15.13,14.39,15.07,1002624,0
20160317,15.04,15.11,14.75,14.98,735065,0
20160318,14.98,15.34,14.92,15.12,913798,0
20160321,15.05,15.21,14.92,14.95,697897,0
20160322,14.96,15.65,14.91,15.50,935897,0
20160323,15.50,15.66,15.22,15.24,693180,0
20160324,15.22,15.39,15.16,15.39,611188,0
20160328,15.39,15.41,15.04,15.08,412026,0
20160329,15.10,15.54,15.00,15.50,810929,0
20160330,15.51,15.66,15.36,15.40,507915,0
20160331,15.36,15.59,15.12,15.14,933679,0
20160401,14.97,15.28,14.78,15.20,1037015,0
20160404,15.28,15.79,15.09,15.28,1238441,0
20160405,15.13,15.36,15.07,15.18,1450995,0
20160406,15.21,15.50,15.13,15.45,633144,0
20160407,15.42,15.57,15.04,15.19,1831824,0
20160408,15.30,15.51,15.25,15.45,545981,0
20160411,15.35,15.59,15.31,15.38,1410219,0
20160412,15.43,15.58,15.09,15.11,1720604,0
20160413,15.14,15.73,15.11,15.68,1656302,0
20160414,15.66,15.67,15.27,15.45,695087,0
20160415,15.50,15.72,15.37,15.55,1069189,0
20160418,15.44,15.62,15.41,15.48,556182,0
20160419,15.57,15.62,15.46,15.50,1093871,0
20160420,15.48,15.62,15.47,15.53,936945,0
20160421,15.53,15.65,15.45,15.49,1054859,0
20160422,15.50,15.84,15.48,15.77,1589414,0
20160425,15.72,16.91,15.63,16.79,2388127,0
20160426,16.79,16.82,16.22,16.39,1110014,0
20160427,16.55,17.60,16.55,17.56,1874757,0
20160428,17.40,17.72,16.76,16.81,1357319,0
20160429,16.80,16.91,16.37,16.85,1166172,0
20160502,16.80,16.91,16.69,16.82,712262,0
20160503,16.79,16.79,16.13,16.18,989794,0
20160504,16.21,16.39,16.12,16.27,750275,0
20160505,16.30,16.30,15.99,16.10,704450,0
20160506,16.01,16.23,15.92,16.13,1068455,0
20160509,16.17,16.19,15.81,15.83,1104212,0
20160510,15.85,15.87,15.70,15.76,952552,0
20160511,15.77,15.92,15.64,15.74,868327,0
20160512,15.78,15.83,15.27,15.44,925109,0
20160513,15.42,15.71,15.41,15.63,605381,0
20160516,15.52,16.14,15.42,15.98,921976,0
20160517,15.90,16.07,15.79,15.95,843384,0
20160518,15.92,16.01,15.61,15.78,606901,0
20160519,15.70,16.48,15.70,15.97,1231643,0
20160520,16.00,16.34,15.79,16.12,815117,0
20160523,16.28,16.39,15.72,15.74,743236,0
20160524,15.81,15.96,15.58,15.92,1135470,0
20160525,16.08,16.22,15.76,15.83,510651,0
20160526,15.78,15.93,15.46,15.48,800643,0
20160527,15.47,15.70,15.35,15.61,961760,0
20160531,15.55,15.68,15.38,15.62,730498,0
20160601,15.63,15.74,15.40,15.59,1091561,0
20160602,15.43,15.64,15.23,15.55,1243126,0
20160603,15.47,15.61,15.12,15.19,813720,0
20160606,15.21,15.46,15.12,15.33,1204915,0
20160607,15.42,15.49,15.20,15.38,740837,0
20160608,15.41,15.58,15.26,15.46,1153513,0
20160609,15.35,15.52,15.23,15.44,921015,0
20160610,15.38,15.49,15.17,15.42,768878,0
20160613,15.30,15.31,15.05,15.28,1140110,0
20160614,15.26,15.38,15.02,15.08,962303,0
20160615,15.08,15.27,15.07,15.15,1226975,0
20160616,15.13,15.28,14.94,15.10,1048670,0
20160617,15.07,15.19,15.04,15.11,1117669,0
20160620,15.19,15.27,15.00,15.15,1878876,0
20160621,15.17,15.17,14.92,15.03,1419827,0
20160622,14.99,15.15,14.83,14.85,1324496,0
20160623,14.99,15.06,14.64,14.65,1405370,0
20160624,14.22,14.65,14.10,14.20,11497998,0
20160627,14.17,14.21,13.54,13.62,1609444,0
20160628,13.56,13.56,13.06,13.35,2297456,0
20160629,13.54,13.74,13.26,13.70,2133828,0
20160630,13.75,13.83,13.55,13.81,1295762,0
20160701,13.73,13.78,13.57,13.70,1469821,0
20160705,13.55,13.57,13.27,13.34,1443649,0
20160706,13.33,13.71,13.24,13.67,5301650,0
20160707,13.66,13.94,13.35,13.38,1759368,0
20160708,13.51,13.89,13.51,13.81,1922700,0
20160711,13.74,14.00,13.74,13.97,828470,0
20160712,14.10,14.34,14.04,14.20,1402545,0
20160713,14.29,14.31,14.10,14.13,690003,0
20160714,14.13,14.21,13.94,14.05,1051132,0
20160715,14.14,14.16,13.96,14.02,831254,0
20160718,14.02,14.19,14.01,14.02,678349,0
20160719,14.05,14.15,14.05,14.08,389185,0
20160720,14.15,14.24,14.04,14.12,496722,0
20160721,14.21,14.34,14.09,14.18,748373,0
20160722,14.16,14.27,14.08,14.22,519338,0
20160725,14.23,14.32,14.09,14.21,519333,0
20160726,14.21,14.42,14.21,14.36,845950,0
20160727,14.39,14.39,12.67,13.01,2090963,0
20160728,12.82,13.14,12.72,12.74,1751736,0
20160729,12.70,12.85,12.36,12.76,1578550,0
20160801,12.70,12.80,12.30,12.51,1395042,0
20160802,12.50,12.56,12.04,12.06,1010901,0
20160803,12.02,12.10,11.89,12.01,1021639,0
20160804,12.06,12.10,11.94,12.05,1257500,0
20160805,12.16,12.49,12.14,12.27,1775175,0
20160808,12.28,12.28,11.95,11.97,1153504,0
20160809,11.95,12.00,11.70,11.77,1161061,0
20160810,11.86,11.97,11.54,11.63,1068140,0
20160811,11.71,11.83,11.52,11.64,1415077,0
20160812,11.63,11.70,11.52,11.65,741517,0
20160815,11.72,12.20,11.72,12.15,1869096,0
20160816,12.10,12.29,12.08,12.10,1398373,0
20160817,12.08,12.16,11.98,12.13,1152461,0
20160818,12.18,12.25,11.96,12.14,1075168,0
20160819,12.11,12.12,11.95,12.08,617366,0
20160822,12.08,12.22,12.02,12.20,518888,0
20160823,12.20,12.34,12.14,12.21,514203,0
20160824,12.20,12.20,11.97,11.98,535458,0
20160825,11.99,12.06,11.95,12.02,597339,0
20160826,12.02,12.13,11.81,11.93,1044218,0
20160829,11.93,12.05,11.64,11.67,1081193,0
20160830,11.76,11.92,11.69,11.87,991344,0
20160831,11.87,11.98,11.81,11.93,933165,0
20160901,11.78,11.89,11.67,11.77,940799,0
20160902,11.78,12.00,11.75,11.99,535192,0
20160906,11.99,12.10,11.88,11.91,596954,0
20160907,11.91,12.10,11.91,12.08,827069,0
20160908,12.06,12.10,11.87,11.99,626813,0
20160909,11.96,11.98,11.42,11.43,976830,0
20160912,11.45,11.67,11.37,11.61,869869,0
20160913,11.57,11.69,11.49,11.67,910326,0
20160914,11.64,11.68,11.52,11.60,702847,0
20160915,11.60,11.60,11.48,11.58,680284,0
20160916,11.58,11.65,11.35,11.39,1359134,0
20160919,11.46,11.55,11.34,11.45,673144,0
20160920,11.54,11.58,11.25,11.26,552118,0
20160921,11.27,11.46,11.25,11.30,1104390,0
20160922,11.30,11.61,11.30,11.55,825469,0
20160923,11.57,11.76,11.41,11.75,804559,0
20160926,11.62,11.65,11.55,11.60,644732,0
20160927,11.60,11.75,11.58,11.71,647239,0
20160928,11.71,11.90,11.68,11.88,697294,0
20160929,11.88,11.95,11.59,11.60,493684,0
20160930,11.72,11.72,11.49,11.64,782516,0
20161003,11.66,11.86,11.58,11.79,612941,0
20161004,11.76,12.39,11.71,11.84,1344075,0
20161005,11.84,11.96,11.81,11.87,543319,0
20161006,11.88,11.92,11.64,11.84,476207,0
20161007,11.89,11.91,11.59,11.61,581983,0
20161010,11.50,11.64,11.45,11.50,552432,0
20161011,11.43,11.48,11.05,11.14,1238819,0
20161012,11.16,11.23,11.03,11.06,678954,0
20161013,11.00,11.05,10.82,10.83,826479,0
20161014,10.86,10.88,10.62,10.78,1054905,0
20161017,10.72,10.81,10.68,10.71,738025,0
20161018,10.80,10.80,10.64,10.64,421168,0
20161019,10.71,10.83,10.59,10.75,709082,0
20161020,10.63,10.66,10.27,10.36,1015117,0
20161021,10.21,10.46,10.16,10.43,1195470,0
20161024,10.47,10.63,10.43,10.50,639939,0
20161025,10.41,10.49,9.99,10.00,924870,0
20161026,9.97,10.01,9.85,9.90,837214,0
20161027,9.85,9.90,8.08,8.21,4985622,0
20161028,8.11,8.37,7.78,7.85,3179979,0
20161031,7.88,7.98,7.74,7.77,1840917,0
20161101,8.10,8.19,7.54,7.59,2304316,0
20161102,7.55,7.80,7.55,7.55,2095053,0
20161103,7.51,7.70,7.30,7.47,2367755,0
20161104,7.42,8.08,7.42,7.88,3106459,0
20161107,8.10,8.35,8.01,8.32,3401997,0
20161108,8.25,8.48,8.20,8.23,2187744,0
20161109,8.01,8.75,7.97,8.63,1815264,0
20161110,8.76,9.03,8.69,8.94,1627932,0
20161111,9.02,9.44,8.97,9.38,1653934,0
20161114,9.48,9.79,9.38,9.71,2311718,0
20161115,9.74,9.77,9.40,9.57,1487783,0
20161116,9.57,9.71,9.51,9.57,1099569,0
20161117,9.60,9.71,9.22,9.22,1169545,0
20161118,9.29,9.57,9.06,9.52,1462481,0
20161121,9.51,9.65,9.41,9.45,677761,0
20161122,9.50,9.66,9.40,9.66,573636,0
20161123,9.64,9.74,9.54,9.68,478358,0
20161125,9.72,9.81,9.61,9.79,438641,0
20161128,9.77,9.85,9.64,9.67,818939,0
20161129,9.72,9.75,9.50,9.57,637484,0
20161130,9.63,9.66,9.48,9.54,1150595,0
20161201,9.31,9.56,9.23,9.26,1199055,0
20161202,9.22,9.60,9.16,9.22,787458,0
20161205,9.33,9.68,9.32,9.53,1401124,0
20161206,9.53,9.66,9.19,9.63,937674,0
20161207,9.58,9.94,9.58,9.86,826407,0
20161208,9.72,10.17,9.67,10.03,1790921,0
20161209,10.10,10.30,10.07,10.24,1039259,0
20161212,10.20,10.21,9.98,10.11,1685342,0
20161213,10.13,10.20,9.77,10.02,1101363,0
20161214,9.99,10.04,9.69,9.70,888185,0
20161215,9.69,10.17,9.69,10.02,1170698,0
20161216,10.03,10.21,9.97,10.11,3681140,0
20161219,10.19,10.25,9.92,10.05,1367594,0
20161220,10.05,10.23,9.97,10.00,872942,0
20161221,9.98,9.98,9.67,9.81,746519,0
20161222,9.79,9.91,9.64,9.77,656525,0
20161223,9.74,9.91,9.60,9.87,341984,0
20161227,9.90,9.96,9.85,9.87,467776,0
20161228,9.83,9.95,9.74,9.78,523432,0
20161229,9.83,9.94,9.71,9.76,416896,0
20161230,9.80,9.85,9.68,9.71,559532,0
20170103,9.68,9.85,9.66,9.84,770524,0
20170104,9.93,10.22,9.87,10.03,1009907,0
20170105,9.98,9.99,9.70,9.83,781227,0
20170106,9.85,9.90,9.69,9.71,531027,0
20170109,9.76,9.77,9.54,9.67,531982,0
20170110,9.67,9.70,9.51,9.62,742749,0
20170111,9.64,9.78,9.52,9.73,709766,0
20170112,9.74,9.84,9.62,9.79,785231,0
20170113,9.81,10.00,9.73,9.74,424532,0
20170117,9.67,9.85,9.58,9.68,461528,0
20170118,9.65,9.69,9.39,9.60,505684,0
20170119,9.61,9.69,9.53,9.55,397195,0
20170120,9.58,9.74,9.51,9.72,703678,0
20170123,9.62,9.75,9.45,9.50,465797,0
20170124,9.49,9.60,9.45,9.51,853659,0
20170125,9.56,9.77,9.54,9.59,1166244,0
20170126,9.63,9.72,9.60,9.67,532384,0
20170127,9.74,9.74,9.61,9.71,398562,0
20170130,9.65,9.80,9.51,9.59,982516,0
20170131,9.56,9.65,9.52,9.62,830233,0
20170201,9.76,9.88,9.59,9.73,1464739,0
20170202,9.79,9.79,9.63,9.64,988607,0
20170203,9.65,9.99,9.62,9.99,2424396,0
20170206,9.96,9.99,9.72,9.81,969078,0
20170207,9.86,9.86,9.24,9.29,1505162,0
20170208,9.23,9.23,8.66,8.70,2667188,0
20170209,9.46,9.67,8.98,9.05,4121169,0
20170210,9.02,9.14,8.84,8.94,2039264,0
20170213,8.82,8.82,8.30,8.38,2670594,0
20170214,8.34,8.90,8.24,8.78,2279793,0
20170215,8.76,8.90,8.68,8.75,1058249,0
20170216,8.78,8.95,8.78,8.78,1339222,0
20170217,8.80,8.84,8.67,8.82,825078,0
20170221,8.84,9.03,8.81,9.03,1170554,0
20170222,9.04,9.13,8.84,8.96,850416,0
20170223,9.01,9.12,8.85,9.10,978626,0
20170224,9.01,9.10,8.93,9.10,986501,0
20170227,9.12,9.21,8.88,8.94,1346238,0
20170228,8.92,8.93,8.67,8.72,1634630,0
20170301,8.94,8.98,8.65,8.71,1629324,0
20170302,8.75,8.78,8.47,8.48,989796,0
20170303,8.45,8.50,8.21,8.24,1821597,0
20170306,8.21,8.27,8.04,8.16,1298692,0
20170307,8.16,8.16,7.85,8.10,1944760,0
20170308,8.00,8.17,7.94,7.99,2250538,0
20170309,8.02,8.03,7.85,7.92,982214,0
20170310,7.93,8.07,7.88,7.91,888131,0
20170313,7.90,8.09,7.90,7.98,720412,0
20170314,7.95,8.10,7.91,8.00,566171,0
20170315,8.06,8.15,7.99,8.09,1044978,0
20170316,8.11,8.21,8.02,8.12,789002,0
20170317,8.15,8.19,8.07,8.10,1731905,0
20170320,8.11,8.11,7.98,8.06,712749,0
20170321,8.10,8.18,7.96,8.09,1103763,0
20170322,8.08,8.12,7.96,8.12,1118639,0
20170323,8.11,8.32,8.10,8.15,743797,0
20170324,8.16,8.35,8.14,8.18,837636,0
20170327,8.11,8.21,8.08,8.15,869266,0
20170328,8.15,8.22,8.09,8.15,895472,0
20170329,8.15,8.35,8.14,8.21,853941,0
20170330,8.20,8.46,8.20,8.44,1090126,0
20170331,8.41,8.47,8.22,8.38,1360610,0
20170403,8.38,8.41,8.16,8.26,870252,0
20170404,8.24,8.42,8.17,8.42,1390515,0
20170405,8.44,8.49,8.11,8.16,1218704,0
20170406,8.15,8.23,8.12,8.22,881339,0
20170407,8.21,8.21,7.98,7.98,1216478,0
20170410,8.00,8.16,7.97,8.04,959216,0
20170411,8.01,8.24,8.01,8.20,547444,0
20170412,8.19,8.22,8.03,8.10,573763,0
20170413,8.07,8.11,7.97,8.02,597184,0
20170417,8.07,8.26,8.05,8.18,929048,0
20170418,8.13,8.23,8.08,8.23,517546,0
20170419,8.26,8.43,8.20,8.42,743254,0
20170420,8.41,8.80,8.40,8.76,996799,0
20170421,8.76,8.93,8.64,8.91,1126046,0
20170424,8.96,8.97,8.62,8.70,1930778,0
20170425,8.85,9.53,8.80,8.89,1601777,0
20170426,9.04,9.08,8.82,8.96,1323632,0
20170427,9.01,9.01,8.64,8.64,1084199,0
20170428,8.62,8.65,8.33,8.36,1841812,0
20170501,8.38,8.46,8.17,8.19,1069933,0
20170502,8.21,8.35,8.12,8.28,759934,0
20170503,8.26,8.90,8.26,8.85,1572090,0
20170504,8.83,8.83,8.37,8.40,857352,0
20170505,8.42,8.50,8.15,8.25,1393990,0
20170508,8.25,8.39,8.22,8.24,915574,0
20170509,8.25,8.35,8.20,8.29,651394,0
20170510,8.27,8.35,8.11,8.13,751486,0
20170511,8.10,8.20,8.00,8.02,670434,0
20170512,8.04,8.12,7.75,7.79,976880,0
20170515,7.80,8.04,7.79,7.96,1431083,0
20170516,7.94,8.03,7.69,7.73,902830,0
20170517,7.64,7.65,7.42,7.47,798375,0
20170518,7.46,7.57,7.41,7.54,936244,0
20170519,7.51,7.52,7.36,7.42,765359,0
20170522,7.43,7.68,7.43,7.68,1350100,0
20170523,7.69,7.73,7.55,7.72,730087,0
20170524,7.72,7.78,7.57,7.59,555546,0
20170525,7.65,7.66,7.42,7.45,684994,0
20170526,7.46,7.84,7.45,7.82,958228,0
20170530,7.77,7.91,7.74,7.84,711964,0
20170531,7.84,7.88,7.46,7.85,1862701,0
20170601,7.69,7.95,7.62,7.88,802017,0
20170602,7.88,7.95,7.63,7.66,824055,0
20170605,7.64,7.89,7.61,7.83,924421,0
20170606,7.77,7.93,7.66,7.91,942680,0
20170607,7.93,7.98,7.82,7.95,783103,0
20170608,7.97,8.34,7.86,8.30,1269357,0
20170609,8.35,8.65,8.24,8.51,1523462,0
20170612,8.54,9.24,8.52,8.70,1477475,0
20170613,8.73,8.88,8.54,8.71,842688,0
20170614,8.70,8.79,8.52,8.78,567322,0
20170615,8.71,8.99,8.60,8.75,868609,0
20170616,8.65,8.83,8.56,8.83,1042402,0
20170619,8.90,8.96,8.72,8.89,814544,0
20170620,8.85,8.88,8.51,8.51,691167,0
20170621,8.51,8.52,8.31,8.35,981708,0
20170622,8.37,8.54,8.32,8.37,1373295,0
20170623,8.40,8.60,8.28,8.57,1577956,0
20170626,8.59,8.80,8.52,8.74,638282,0
20170627,8.74,8.94,8.73,8.85,936654,0
20170628,8.93,9.10,8.85,8.93,1061494,0
20170629,8.95,9.06,8.80,8.84,811156,0
20170630,8.83,8.87,8.51,8.72,941842,0
20170703,8.74,8.98,8.74,8.91,1166672,0
20170705,8.87,8.92,8.60,8.64,598226,0
20170706,8.61,8.64,8.41,8.45,665615,0
20170707,8.45,8.59,8.35,8.54,593126,0
20170710,8.52,8.57,8.40,8.51,619830,0
20170711,8.51,8.60,8.37,8.51,586130,0
20170712,8.50,8.65,8.49,8.57,647894,0
20170713,8.56,8.66,8.44,8.64,438332,0
20170714,8.59,8.83,8.59,8.79,458997,0
20170717,8.79,8.93,8.70,8.87,815648,0
20170718,8.82,8.85,8.62,8.76,444634,0
20170719,8.81,8.92,8.81,8.85,714560,0
20170720,8.83,8.99,8.82,8.92,562370,0
20170721,9.01,9.01,8.77,8.82,1885811,0
20170724,8.82,8.83,8.69,8.77,509740,0
20170725,8.80,9.19,8.79,9.10,1271622,0
20170726,9.08,9.13,9.00,9.04,605246,0
20170727,9.09,9.28,9.00,9.26,755247,0
20170728,9.26,9.33,9.13,9.22,638110,0
20170731,9.26,9.30,8.88,8.97,1025576,0
20170801,9.03,9.23,8.96,9.09,765759,0
20170802,9.03,9.07,8.44,8.47,1417537,0
20170803,8.34,8.96,8.15,8.35,1138987,0
20170804,8.43,9.00,8.34,8.96,1358962,0
20170807,8.91,9.05,8.77,9.00,759762,0
20170808,8.96,8.99,8.61,8.68,1049924,0
20170809,8.62,8.75,8.52,8.65,672915,0
20170810,8.64,8.65,8.36,8.41,762129,0
20170811,8.36,8.50,8.24,8.27,949846,0
20170814,8.35,8.60,8.32,8.44,834746,0
20170815,8.48,8.56,8.24,8.27,680647,0
20170816,8.26,8.39,8.19,8.23,548661,0
20170817,8.16,8.38,8.12,8.14,516177,0
20170818,8.10,8.27,8.10,8.18,827845,0
20170821,8.20,8.22,8.13,8.15,764870,0
20170822,8.15,8.35,8.15,8.24,611995,0
20170823,8.20,8.25,8.06,8.08,567285,0
20170824,8.12,8.44,8.09,8.28,860421,0
20170825,8.28,8.48,8.25,8.41,917787,0
20170828,8.44,8.65,8.44,8.60,997353,0
20170829,8.53,8.70,8.50,8.58,1454875,0
20170830,8.41,8.80,8.37,8.69,1142286,0
20170831,8.72,8.85,8.49,8.49,1519440,0
20170901,8.54,8.95,8.52,8.74,1743340,0
20170905,8.74,9.00,8.74,8.80,1457020,0
20170906,8.84,8.98,8.84,8.87,945070,0
20170907,8.85,8.91,8.49,8.56,813340,0
20170908,8.54,8.56,8.21,8.37,784853,0
20170911,8.44,8.59,8.27,8.31,554215,0
20170912,8.36,8.43,8.28,8.39,567016,0
20170913,8.41,8.49,8.37,8.39,848175,0
20170914,8.39,8.48,8.28,8.33,508091,0
20170915,8.37,8.44,8.28,8.41,1471622,0
20170918,8.41,8.57,8.34,8.44,696632,0
20170919,8.47,8.47,8.29,8.35,607613,0
20170920,8.41,8.48,8.27,8.30,931067,0
20170921,8.30,8.31,7.94,7.95,1350156,0
20170922,7.97,8.08,7.94,8.05,1197205,0
20170925,8.06,8.49,8.06,8.38,1657809,0
20170926,8.41,8.62,8.34,8.58,1967468,0
20170927,8.61,8.86,8.45,8.86,1322949,0
20170928,8.84,8.99,8.76,8.98,1176453,0
20170929,8.95,9.00,8.87,9.00,768980,0
20171002,9.00,9.23,8.93,9.20,832386,0
20171003,9.18,9.33,9.10,9.33,870295,0
20171004,9.27,9.34,9.14,9.27,827384,0
20171005,9.27,9.93,9.25,9.77,1947610,0
20171006,9.76,9.80,9.35,9.46,1290194,0
20171009,9.46,9.57,9.26,9.39,872227,0
20171010,9.48,9.57,9.42,9.48,623593,0
20171011,9.49,9.57,9.43,9.54,587070,0
20171012,9.49,9.50,9.35,9.48,514922,0
20171013,9.53,9.53,9.39,9.40,668344,0
20171016,9.45,9.56,9.29,9.46,556440,0
20171017,9.53,9.56,9.37,9.42,430687,0
20171018,9.49,9.60,9.42,9.57,599808,0
20171019,9.50,9.57,9.31,9.45,516729,0
20171020,9.56,9.73,9.55,9.65,534371,0
20171023,9.63,9.63,9.37,9.41,818442,0
20171024,9.42,9.42,8.72,8.72,1334474,0
20171025,8.74,8.74,8.43,8.63,951899,0
20171026,8.68,8.96,8.65,8.90,676821,0
20171027,8.85,8.89,8.57,8.85,580945,0
20171030,8.77,8.82,8.67,8.75,414275,0
20171031,8.81,8.81,8.70,8.70,859786,0
20171101,8.76,8.82,8.60,8.61,843874,0
20171102,8.61,8.95,8.42,8.80,1052903,0
20171103,8.84,9.86,8.84,9.77,1956365,0
20171106,9.75,9.88,9.43,9.47,1179063,0
20171107,9.47,9.82,9.44,9.69,1214162,0
20171108,9.61,9.96,9.41,9.80,865638,0
20171109,9.75,10.16,9.73,9.99,1140528,0
20171110,9.95,10.21,9.88,10.18,1005245,0
20171113,10.19,10.88,10.19,10.61,1756118,0
20171114,10.55,10.84,10.51,10.77,686587,0
20171115,10.70,10.79,10.59,10.71,561097,0
20171116,10.77,11.41,10.71,11.28,1557446,0
20171117,11.27,11.66,11.21,11.48,950791,0
20171120,11.49,11.55,11.30,11.33,562992,0
20171121,11.38,11.55,11.31,11.50,614360,0
20171122,11.53,11.85,11.53,11.60,481812,0
20171124,11.64,11.66,11.50,11.66,322942,0
20171127,11.65,11.83,11.13,11.13,1503114,0
20171128,11.13,11.45,10.93,11.42,2383232,0
20171129,11.42,11.64,11.33,11.42,2158647,0
20171130,11.43,11.58,11.17,11.46,3491415,0
20171201,11.39,11.50,11.00,11.48,3339438,0
20171204,11.54,11.95,11.51,11.81,2277643,0
20171205,11.90,12.38,11.61,11.68,1805202,0
20171206,11.68,12.02,11.59,11.69,1631597,0
20171207,11.64,11.66,11.27,11.34,1036686,0
20171208,11.43,11.48,11.23,11.32,912171,0
20171211,11.16,11.35,11.07,11.16,1055590,0
20171212,11.24,11.24,10.90,11.09,939125,0
20171213,11.09,11.28,11.02,11.13,1117054,0
20171214,11.20,11.32,11.00,11.13,1004919,0
20171215,11.14,11.65,11.14,11.57,2617661,0
20171218,11.66,11.85,11.52,11.75,910121,0
20171219,11.78,12.01,11.74,11.87,712215,0
20171220,11.95,12.10,11.84,12.02,873417,0
20171221,12.00,12.03,11.81,11.81,543100,0
20171222,11.88,11.95,11.75,11.88,600784,0
20171226,11.80,11.96,11.76,11.88,645990,0
20171227,11.88,11.93,11.77,11.79,325498,0
20171228,11.81,11.83,11.74,11.76,262198,0
20171229,11.78,11.82,11.58,11.59,484131,0
20180102,11.58,11.67,11.40,11.66,936685,0
20180103,11.66,11.66,11.16,11.17,730710,0
20180104,11.20,11.28,11.03,11.18,530840,0
20180105,11.28,11.43,11.10,11.43,514934,0
20180108,11.37,11.52,11.30,11.34,1127756,0
20180109,11.41,11.79,11.41,11.54,1956570,0
20180110,11.52,11.61,11.42,11.55,875580,0
20180111,11.61,11.75,11.50,11.50,635798,0
20180112,11.51,11.90,11.50,11.84,963859,0
20180116,11.85,12.00,11.73,11.79,678638,0
20180117,11.91,12.14,11.75,12.11,638089,0
20180118,12.09,12.21,11.91,11.94,882777,0
20180119,11.91,12.14,11.83,12.11,579202,0
20180122,12.10,12.22,12.02,12.16,569816,0
20180123,12.14,12.23,12.01,12.23,449174,0
20180124,12.22,12.22,11.93,11.99,868943,0
20180125,12.05,12.07,11.68,12.07,795153,0
20180126,12.10,12.10,11.94,12.04,652196,0
20180129,12.05,12.07,11.73,11.78,758757,0
20180130,11.65,11.90,11.60,11.80,474569,0
20180131,11.89,12.01,11.73,11.80,720745,0
20180201,11.75,11.78,11.46,11.64,948110,0
20180202,11.61,11.61,11.10,11.15,729982,0
20180205,11.03,11.11,10.53,10.58,1049451,0
20180206,10.32,10.96,10.30,10.85,806974,0
20180207,10.86,11.14,10.76,10.96,967883,0
20180208,11.03,11.24,10.91,10.91,797985,0
