DATE, OPEN, HIGH, LOW, CLOSE, VOL, p
20140327,568.0000,568.0000,552.9200,558.4600,7300,0
20140328,561.2000,566.4300,558.6700,559.9900,30110,0
20140331,566.8900,567.0000,556.9300,556.9700,6535,0
20140401,558.7100,568.4500,558.7100,567.1600,5144,0
20140402,599.9900,604.8300,562.1900,567.0000,110339,0
20140403,569.8500,587.2800,564.1300,569.7400,0,0
20140404,574.6500,577.7700,543.0000,543.1400,5039782,0
20140407,540.7400,548.4800,527.1500,538.1500,3410860,0
20140408,542.6000,555.0000,541.6100,554.9000,2321123,0
20140409,559.6200,565.3700,552.9500,564.1400,2562311,0
20140410,565.0000,565.0000,539.9000,540.9500,3131030,0
20140411,532.5500,540.0000,526.5300,530.6000,3076199,0
20140414,538.2500,544.1000,529.5610,532.5200,1956030,0
20140415,536.8200,538.4500,518.4601,536.4400,3020495,0
20140416,543.0000,557.0000,540.0000,556.5400,2777413,0
20140417,548.8100,549.5000,531.1500,536.1000,5351847,0
20140421,536.1000,536.7000,525.6000,528.6200,1993387,0
20140422,528.6400,537.2300,527.5100,534.8100,1821467,0
20140423,533.7900,533.8700,526.2500,526.9400,1489215,0
20140424,530.0700,531.6500,522.1200,525.1600,1384079,0
20140425,522.5100,524.7000,515.4200,516.1800,1507518,0
20140428,517.1800,518.6000,502.8000,517.1500,2451581,0
20140429,516.9000,529.4600,516.3200,527.7000,2109345,0
20140430,527.6000,528.0000,522.5200,526.6600,1280758,0
20140501,527.1100,532.9300,523.8800,531.3500,1465909,0
20140502,533.7600,533.9999,525.6100,527.9300,1242725,0
20140505,524.8200,528.9000,521.3200,527.8100,751270,0
20140506,525.2300,526.8100,515.0600,515.1400,1191897,0
20140507,515.7900,516.6800,503.3000,509.9600,2556461,0
20140508,508.4600,517.2300,506.4500,511.0000,1586803,0
20140509,510.7500,519.9000,504.2000,518.7300,1967924,0
20140512,523.5100,530.1900,519.0100,529.9200,1485865,0
20140513,530.8900,536.0700,529.5100,533.0900,1219499,0
20140514,533.0000,533.0000,525.2900,526.6500,866850,0
20140515,525.7000,525.8700,517.4200,519.9800,1276371,0
20140516,521.3900,521.8000,515.4400,520.6300,1136755,0
20140519,519.7000,529.7800,517.5830,528.8600,953154,0
20140520,529.7400,536.2300,526.3000,529.7700,1352400,0
20140521,532.9000,539.1828,531.9100,538.9400,879201,0
20140522,541.1300,547.5999,540.7800,545.0600,1096362,0
20140523,547.2600,553.6400,543.7000,552.7000,1487171,0
20140527,556.0000,566.0000,554.3500,565.9500,1595119,0
20140528,564.5700,567.8400,561.0000,561.6800,1236917,0
20140529,563.3500,564.0000,558.7100,560.0800,970189,0
20140530,560.8000,561.3500,555.9100,559.8900,1212421,0
20140602,560.7000,560.9000,545.7300,553.9300,1054764,0
20140603,550.9900,552.3400,542.5500,544.9400,1428880,0
20140604,541.5000,548.6100,538.7500,544.6600,1387012,0
20140605,546.4000,554.9500,544.4500,553.9000,1254119,0
20140606,558.0600,558.0600,548.9300,556.3300,1348007,0
20140609,557.1500,562.9000,556.0400,562.1200,1096821,0
20140610,560.5100,563.6000,557.9000,560.5500,1036257,0
20140611,558.0000,559.8800,555.0201,558.8400,647176,0
20140612,557.3000,557.9900,548.4600,551.3500,1085539,0
20140613,552.2600,552.3000,545.5600,551.7600,922149,0
20140616,549.2600,549.6200,541.5200,544.2800,1246816,0
20140617,544.2000,545.3200,539.3300,543.0100,1075970,0
20140618,544.8600,553.5600,544.0000,553.3700,1284458,0
20140619,554.2400,555.0000,548.5100,554.9000,1919218,0
20140620,556.8500,557.5800,550.3915,556.3600,3065746,0
20140623,555.1500,565.0000,554.2500,564.9500,1160594,0
20140624,565.1900,572.6460,561.0100,564.6200,1640835,0
20140625,565.2600,579.9600,565.2200,578.6500,1462730,0
20140626,581.0000,582.4500,571.8500,576.0000,1302062,0
20140627,577.1800,579.8700,573.8000,577.2400,1452984,0
20140630,578.6600,579.5700,574.7500,575.2800,952205,0
20140701,578.3200,584.4000,576.6500,582.6700,1076603,0
20140702,583.3500,585.4399,580.3900,582.3350,755547,0
20140703,583.3500,585.0100,580.9200,584.7300,516530,0
20140707,583.7600,586.4299,579.5900,582.2500,728991,0
20140708,577.6600,579.5284,566.1350,571.0900,1352657,0
20140709,571.5800,576.7200,569.3760,576.0800,798497,0
20140710,565.9100,576.5900,565.0100,571.1000,981684,0
20140711,571.9100,580.8500,571.4200,579.1800,1267818,0
20140714,582.6000,585.2100,578.0300,584.8700,1378640,0
20140715,585.7400,585.8045,576.5600,584.7800,1164610,0
20140716,588.0000,588.4000,582.2000,582.6600,1000041,0
20140717,579.5300,580.9900,568.6100,573.7299,1819214,0
20140718,593.0000,596.8000,582.0000,595.0800,2859037,0
20140721,591.7500,594.4000,585.2326,589.4700,1529908,0
20140722,590.7200,599.6500,590.6000,594.7400,1226503,0
20140723,593.2300,597.8500,592.5000,595.9800,949635,0
20140724,596.4500,599.5000,591.7700,593.3500,724795,0
20140725,590.4000,591.8600,587.0300,589.0200,644997,0
20140728,588.0700,592.5000,584.7533,590.6000,689647,0
20140729,588.7500,589.7000,583.5150,585.6100,960345,0
20140730,586.5500,589.5000,584.0000,587.4200,712168,0
20140731,580.6000,583.6499,570.0000,571.6000,1500616,0
20140801,570.4000,575.9599,562.8500,566.0700,1400276,0
20140804,569.0400,575.3500,564.1000,573.1500,1037041,0
20140805,570.0500,571.9800,562.6100,565.0700,1116198,0
20140806,561.7800,570.7000,560.0000,566.3740,950057,0
20140807,568.0000,569.8900,561.1000,563.3600,792138,0
20140808,563.5600,570.2500,560.3500,568.7700,1076177,0
20140811,569.9900,570.4900,566.0000,567.8800,892174,0
20140812,564.5200,565.9000,560.8800,562.7300,1225291,0
20140813,567.3100,575.0000,565.7500,574.7800,1051470,0
20140814,576.1800,577.9000,570.8800,574.6500,723667,0
20140815,577.8600,579.3800,570.5200,573.4800,1122615,0
20140818,576.1100,584.5100,576.0000,582.1600,916884,0
20140819,585.0000,587.3400,584.0000,586.8600,676401,0
20140820,585.8800,586.7000,582.5700,584.4900,739660,0
20140821,583.8200,584.5000,581.1400,583.3700,658966,0
20140822,583.5900,585.2360,580.6400,582.5600,547292,0
20140825,584.7200,585.0000,579.0000,580.2000,1015953,0
20140826,581.2600,581.8000,576.5800,577.8600,1247420,0
20140827,577.2700,578.4900,570.1030,571.0000,1254148,0
20140828,569.5600,573.2500,567.1000,569.2000,953652,0
20140829,571.3300,572.0400,567.0692,571.6000,749770,0
20140902,571.8500,577.8300,571.1900,577.3300,1126343,0
20140903,580.0000,582.9900,575.0000,577.9400,843436,0
20140904,580.0000,586.0000,579.2200,581.9800,1047708,0
20140905,583.9800,586.5500,581.9500,586.0800,1163472,0
20140908,586.6000,591.7700,586.3000,589.7200,1045166,0
20140909,588.9000,589.0000,580.0000,581.0100,909097,0
20140910,581.5000,583.5000,576.9400,583.1000,693568,0
20140911,580.3600,581.8100,576.2600,581.3500,850591,0
20140912,581.0000,581.6400,574.4600,575.6200,1151935,0
20140915,572.9400,574.9500,568.2100,573.1000,1162236,0
20140916,572.7600,581.5000,572.6600,579.9500,1070658,0
20140917,580.0100,587.5199,578.7750,584.7700,1275905,0
20140918,587.0000,589.5400,585.0000,589.2700,1082871,0
20140919,591.5000,596.4800,589.5000,596.0800,2812886,0
20140922,593.8200,593.9490,583.4600,587.3700,1165927,0
20140923,586.8500,586.8500,581.0000,581.1300,1062294,0
20140924,581.4600,589.6300,580.5200,587.9900,1275158,0
20140925,587.5500,587.9800,574.1800,575.0600,1399198,0
20140926,576.0600,579.2500,574.6600,577.1000,1044541,0
20140929,571.7500,578.1900,571.1700,576.3600,941503,0
20140930,576.9300,579.8500,572.8500,577.3600,1131252,0
20141001,576.0100,577.5799,567.0100,568.2700,1027064,0
20141002,567.3100,571.9100,563.3200,570.0800,791688,0
20141003,573.0500,577.2250,572.5000,575.2800,798036,0
20141006,578.8000,581.0000,574.4400,577.3500,852269,0
20141007,574.4000,575.2700,563.7400,563.7400,1411644,0
20141008,565.5700,573.8800,557.4900,572.5000,1439356,0
20141009,571.1800,571.4900,559.0600,560.8800,1778105,0
20141010,557.7200,565.1299,544.0500,544.4900,2196424,0
20141013,544.9900,549.5000,533.1000,533.2100,1684424,0
20141014,538.9000,547.1900,533.1695,537.9400,1523046,0
20141015,531.0100,532.8000,518.3000,530.0300,2640949,0
20141016,519.0000,529.4300,515.0000,524.5100,2042061,0
20141017,527.2500,530.9800,508.5300,511.1700,3916703,0
20141020,509.4500,521.7600,508.1000,520.8400,1900752,0
20141021,525.1900,526.7900,519.1100,526.5400,1673328,0
20141022,529.8900,539.8000,528.8000,532.7100,2050697,0
20141023,539.3200,547.2200,535.8500,543.9800,1654866,0
20141024,544.3600,544.8800,535.7900,539.7800,1431285,0
20141027,537.0300,544.4100,537.0300,540.7700,800317,0
20141028,543.0000,548.9800,541.6200,548.9000,874042,0
20141029,550.0000,554.1900,546.9800,549.3300,1212462,0
20141030,548.9500,552.8000,543.5100,550.3100,992896,0
20141031,559.3500,559.5700,554.7500,559.0800,1407109,0
20141103,555.5000,557.9000,553.2300,555.2200,957258,0
20141104,553.0000,555.5000,549.3000,554.1100,819978,0
20141105,556.8000,556.8000,544.0500,545.9200,1486333,0
20141106,545.5000,546.8850,540.9700,542.0400,960442,0
20141107,546.2100,546.2100,538.6700,541.0100,1217617,0
20141110,541.4600,549.5900,541.0200,547.4900,826972,0
20141111,548.4900,551.9399,546.3000,550.2900,720118,0
20141112,550.3900,550.4600,545.1700,547.3100,839973,0
20141113,549.8000,549.8000,543.4800,545.3800,1034844,0
20141114,546.6800,546.6800,542.1500,544.4000,966903,0
20141117,543.5800,543.7900,534.0610,536.5100,1361170,0
20141118,537.5000,541.9400,534.1700,535.0300,1548293,0
20141119,535.0000,538.2400,530.0800,536.9900,1018409,0
20141120,531.2500,535.1100,531.0800,534.8300,1134800,0
20141121,541.6100,542.1400,536.5600,537.5000,1760671,0
20141124,537.6500,542.7000,535.6200,539.2700,1282642,0
20141125,539.0000,543.9800,538.6020,541.0800,1248902,0
20141126,540.8800,541.5500,537.0420,540.3700,1140479,0
20141128,540.6200,542.0000,536.6000,541.8300,822034,0
20141201,538.9000,541.4100,531.8600,533.8000,1455275,0
20141202,533.5100,535.5000,529.8000,533.7500,1088064,0
20141203,531.4400,535.9960,529.2600,531.3200,869976,0
20141204,531.1600,537.3400,528.5900,537.3100,958162,0
20141205,531.0000,532.8900,524.2800,525.2600,1825591,0
20141208,527.1300,531.0000,523.7900,526.9800,1653638,0
20141209,522.1400,534.1900,520.5000,533.3700,1270617,0
20141210,533.0800,536.3300,525.5600,526.0600,1190047,0
20141211,527.8000,533.9200,527.1000,528.3400,1104279,0
20141212,523.5100,528.5000,518.6600,518.6600,1400138,0
20141215,522.7400,523.1000,513.2700,513.8000,2061598,0
20141216,511.5600,513.0500,489.0000,495.3900,2847317,0
20141217,497.0000,507.0000,496.8100,504.8900,2083948,0
20141218,512.9500,513.8700,504.7000,511.1000,2017216,0
20141219,511.5100,517.7200,506.9106,516.3500,2492757,0
20141222,516.0800,526.4600,516.0800,524.8700,1985632,0
20141223,527.0000,534.5600,526.2900,530.5900,1684867,0
20141224,530.5100,531.7590,527.0200,528.7700,472056,0
20141226,528.7700,534.2500,527.3100,534.0300,809515,0
20141229,532.1900,535.4800,530.0110,530.3300,1942632,0
20141230,528.0900,531.1500,527.1300,530.4200,637340,0
20141231,531.2500,532.6000,525.8000,526.4000,1056153,0
20150102,529.0100,531.2700,524.1000,524.8100,1080674,0
20150105,523.2600,524.3300,513.0600,513.8700,1450235,0
20150106,515.0000,516.1750,501.0500,501.9600,2115170,0
20150107,507.0000,507.2440,499.6500,501.1000,1465736,0
20150108,497.9900,503.4800,491.0000,502.6800,2507626,0
20150109,504.7600,504.9200,494.7900,496.1700,1498138,0
20150112,494.9400,495.9760,487.5600,492.5500,1653593,0
20150113,498.8400,502.9800,492.3900,496.1800,1625612,0
20150114,494.6500,503.2300,493.0000,500.8700,1593374,0
20150115,505.5700,505.6800,497.7600,501.7900,2021608,0
20150116,500.0100,508.1900,500.0000,508.0800,1675940,0
20150120,511.0000,512.5000,506.0160,506.9000,1664112,0
20150121,507.2500,519.2800,506.2000,518.0400,1685557,0
20150122,521.4800,536.3300,519.7000,534.3900,1909743,0
20150123,535.5900,542.1700,533.0000,539.9500,1701853,0
20150126,538.5300,539.0000,529.6700,535.2100,1130404,0
20150127,529.9700,530.7000,518.1900,518.6300,1344608,0
20150128,522.7800,522.9900,510.0000,510.0000,1191633,0
20150129,511.0000,511.0900,501.2000,510.6600,2669657,0
20150130,515.8600,539.8700,515.5200,534.5200,4271170,0
20150202,531.7300,533.0000,518.5500,528.4800,2006171,0
20150203,528.0000,533.4000,523.2600,529.2400,1494353,0
20150204,529.2400,532.6715,521.2700,522.7600,1186451,0
20150205,523.7900,528.5000,522.0900,527.5800,1263130,0
20150206,527.6400,537.2000,526.4100,531.0000,1313640,0
20150209,528.0000,532.0000,526.0200,527.8300,935868,0
20150210,529.3000,537.7000,526.9200,536.9400,1298408,0
20150211,535.3000,538.4500,533.3775,535.9700,961352,0
20150212,537.2500,544.8200,534.6730,542.9300,1103874,0
20150213,543.3500,549.9100,543.1300,549.0100,1368677,0
20150217,546.8300,550.0000,541.0900,542.8400,1158814,0
20150218,541.4000,545.4900,537.5100,539.7000,1099951,0
20150219,538.0400,543.1100,538.0100,542.8700,669673,0
20150220,543.1300,543.7500,535.8000,538.9500,1018085,0
20150223,536.0500,536.4390,529.4100,531.9100,1056319,0
20150224,530.0000,536.7900,528.2500,536.0900,712156,0
20150225,535.9000,546.2200,535.4450,543.8700,1326340,0
20150226,543.2100,556.1400,541.5000,555.4800,1571497,0
20150227,554.2400,564.7100,552.9000,558.4000,1586515,0
20150302,560.5300,572.1500,558.7500,571.3400,1481532,0
20150303,570.4500,575.3900,566.5200,573.6400,1199063,0
20150304,571.8700,577.1100,568.0100,573.3700,1283171,0
20150305,575.0200,577.9100,573.4100,575.3300,986931,0
20150306,574.8800,576.6799,566.7600,567.6850,1095870,0
20150309,566.8600,570.2700,563.5350,568.8500,717140,0
20150310,564.2500,564.8500,554.7300,555.0100,1288181,0
20150311,555.1400,558.1400,550.6800,551.1800,1351049,0
20150312,553.5100,556.3700,550.4600,555.5100,1078471,0
20150313,553.5000,558.4000,544.2200,547.3200,1250821,0
20150316,550.9500,556.8500,546.0000,554.5100,1173269,0
20150317,551.7100,553.8000,548.0000,550.8400,1135336,0
20150318,552.5000,559.7800,547.0001,559.5000,1375730,0
20150319,559.3900,560.8000,556.1450,557.9900,826759,0
20150320,561.6500,561.7200,559.0500,560.3600,1790732,0
20150323,560.4300,562.3600,555.8300,558.8100,936833,0
20150324,562.5600,574.5900,561.2100,570.1900,1353355,0
20150325,570.5000,572.2600,558.7400,558.7850,1391495,0
20150326,557.5900,558.9000,550.6500,555.1700,1056452,0
20150327,553.0000,555.2800,548.1300,548.3400,1419225,0
20150330,551.6200,553.4700,548.1700,552.0300,767796,0
20150331,550.0000,554.7100,546.7200,548.0000,1107977,0
20150401,548.6000,551.1400,539.5000,542.5600,1269541,0
20150402,540.8500,540.8500,533.8467,535.5300,1191865,0
20150406,532.2200,538.4100,529.5700,536.7650,925852,0
20150407,538.0800,542.6900,536.0000,537.0200,975570,0
20150408,538.3800,543.8500,538.3800,541.6100,818344,0
20150409,541.0300,541.9500,535.4900,540.7800,1115728,0
20150410,542.2900,542.2900,537.3100,540.0100,1043261,0
20150413,538.4100,544.0600,537.3100,539.1700,1149327,0
20150414,536.2500,537.5699,528.0925,530.3900,1924624,0
20150415,528.7000,534.7300,523.2200,532.5300,1698959,0
20150416,529.9000,535.5900,529.6100,533.8000,957255,0
20150417,528.6600,529.8400,521.0100,524.0500,1525184,0
20150420,525.6000,536.0900,524.5000,535.3800,1246496,0
20150421,537.5100,539.3900,533.6750,533.9700,984464,0
20150422,534.4000,541.0800,531.7500,539.3650,1142932,0
20150423,541.0000,550.9600,540.2300,547.0000,2154737,0
20150424,566.1000,571.1400,557.2500,565.0600,3531478,0
20150427,563.3900,565.9500,553.2001,555.3700,1792793,0
20150428,554.6400,556.0200,550.3660,553.6800,1067120,0
20150429,550.4700,553.6800,546.9050,549.0800,951075,0
20150430,547.8700,548.5900,535.0500,537.3400,1542298,0
20150501,538.4300,539.5400,532.1000,537.9000,1275444,0
20150504,538.5300,544.0700,535.0600,540.7800,936604,0
20150505,538.2100,539.7400,530.3906,530.8000,1007253,0
20150506,531.2400,532.3800,521.0850,524.2200,1094617,0
20150507,523.9900,533.4600,521.7500,530.7000,1103461,0
20150508,536.6500,541.1500,536.0000,538.2200,1057634,0
20150511,538.3700,541.9800,535.4000,535.7000,635402,0
20150512,531.6000,533.2089,525.2600,529.0400,1259969,0
20150513,530.5600,534.3215,528.6550,529.6200,937704,0
20150514,533.7700,539.0000,532.4100,538.4000,1002605,0
20150515,539.1800,539.2743,530.3800,533.8500,1456652,0
20150518,532.0100,534.8200,528.8500,532.3000,1516656,0
20150519,533.9800,540.6600,533.0400,537.3600,1405265,0
20150520,538.4900,542.9200,532.9720,539.2700,1008859,0
20150521,537.9500,543.8399,535.9800,542.5100,1113381,0
20150522,540.1500,544.1900,539.5100,540.1100,862528,0
20150526,538.1200,539.0000,529.8800,532.3200,1678871,0
20150527,532.8000,540.5500,531.7100,539.7900,983284,0
20150528,538.0100,540.6100,536.2500,539.7800,673484,0
20150529,537.3700,538.6300,531.4500,532.1100,1788351,0
20150601,536.7900,536.7900,529.7600,533.9900,1396972,0
20150602,532.9300,543.0000,531.3300,539.1800,1396637,0
20150603,539.9100,543.5000,537.1100,540.3100,1055402,0
20150604,537.7600,540.5900,534.3200,536.7000,955210,0
20150605,536.3500,537.2000,532.5200,533.3300,1055634,0
20150608,533.3100,534.1200,526.2400,526.8300,1129833,0
20150609,527.5600,529.2000,523.0100,526.6900,1055210,0
20150610,529.3600,538.3600,529.3500,536.6900,1341298,0
20150611,538.4250,538.9800,533.0200,534.6100,924227,0
20150612,531.6000,533.1200,530.1600,532.3300,695385,0
20150615,528.0000,528.3000,524.0000,527.2000,1187965,0
20150616,528.4000,529.6399,525.5600,528.1500,750078,0
20150617,529.3700,530.9800,525.1000,529.2600,993307,0
20150618,531.0000,538.1500,530.7900,536.7300,1269291,0
20150619,537.2100,538.2500,533.0100,536.6900,1453391,0
20150622,539.5900,543.7400,537.5300,538.1900,857440,0
20150623,539.6400,541.4990,535.2500,540.4800,870848,0
20150624,540.0000,540.0000,535.6600,537.8400,969245,0
20150625,538.8700,540.9000,535.2300,535.2300,1020802,0
20150626,537.2600,537.7600,531.3500,531.6900,1353634,0
20150629,525.0100,528.6100,520.5400,521.5200,1358091,0
20150630,526.0200,526.2500,520.5000,520.5100,1788795,0
20150701,524.7300,525.6900,518.2305,521.8400,1350860,0
20150702,521.0800,524.6500,521.0800,523.4000,952764,0
20150706,519.5000,525.2500,519.0000,522.8600,956176,0
20150707,523.1300,526.1800,515.1800,525.0200,1111157,0
20150708,521.0500,522.7340,516.1100,516.8300,869463,0
20150709,523.1200,523.7700,520.3500,520.6800,1472676,0
20150710,526.2900,532.5600,525.5500,530.1300,1505086,0
20150713,532.8800,547.1100,532.4001,546.5500,1660086,0
20150714,546.7600,565.8487,546.7100,561.1000,2451389,0
20150715,560.1300,566.5029,556.7900,560.2200,1335930,0
20150716,565.1200,580.6800,565.0000,579.8500,2590684,0
20150717,649.0000,674.4680,645.0000,672.9300,8135409,0
20150720,659.2400,668.8800,653.0100,663.0200,4058306,0
20150721,655.2100,673.0000,654.3000,662.3000,2367234,0
20150722,660.8900,678.6400,659.0000,662.1000,2798379,0
20150723,661.2700,663.6300,641.0000,644.2800,2182797,0
20150724,647.0000,648.1700,622.5200,623.5600,2685841,0
20150727,621.0000,634.3000,620.5000,627.2600,1890978,0
20150728,632.8300,632.8300,623.3100,628.0000,1195604,0
20150729,628.8000,633.3600,622.6500,631.9300,1114837,0
20150730,630.0000,635.2200,622.0500,632.5900,1007062,0
20150731,631.3800,632.9100,625.5000,625.6100,1178591,0
20150803,625.3400,633.0556,625.3400,631.2100,874621,0
20150804,628.4200,634.8100,627.1600,629.2500,1055883,0
20150805,634.3300,647.8600,633.1600,643.7800,1534939,0
20150806,645.0000,645.3790,632.2500,642.6800,1036544,0
20150807,640.2300,642.6800,629.7100,635.3000,979226,0
20150810,639.4800,643.4400,631.2490,633.7300,879355,0
20150811,669.2000,674.9000,654.2700,660.7800,3564598,0
20150812,663.0800,665.0000,652.2900,659.5600,2111224,0
20150813,659.3225,664.5000,651.6610,656.4500,1131257,0
20150814,655.0100,659.8550,652.6600,657.1200,720454,0
20150817,656.8000,661.3800,651.2400,660.8700,709665,0
20150818,661.9000,664.0000,653.4600,656.1300,1063174,0
20150819,656.6000,667.0000,654.1900,660.9000,1514197,0
20150820,655.4600,662.9900,642.9000,646.8300,2098059,0
20150821,639.7800,640.0500,612.3300,612.4800,3082964,0
20150824,573.0000,614.0000,565.0500,589.6100,3877628,0
20150825,614.9100,617.4500,581.1100,582.0600,2498122,0
20150826,610.3500,631.7100,599.0500,628.6200,2844668,0
20150827,639.4000,643.5900,622.0000,637.6100,2538265,0
20150828,632.8200,636.8800,624.5600,630.3800,1404710,0
20150831,627.5400,635.8000,617.6800,618.2500,1507965,0
20150901,602.3600,612.8600,594.1000,597.7900,2571564,0
20150902,605.5900,614.3400,599.7100,614.3400,1972072,0
20150903,617.0000,619.7100,602.8213,606.2500,1221188,0
20150904,600.0000,603.4700,595.2500,600.7000,1501814,0
20150908,612.4900,616.3100,604.1200,614.6600,1580807,0
20150909,621.2200,626.5200,609.6000,612.7200,1171875,0
20150910,613.1000,624.1600,611.4300,621.3500,1348697,0
20150911,619.7500,625.7800,617.4200,625.7700,1007950,0
20150914,625.7000,625.8600,619.4300,623.2400,1147699,0
20150915,626.7000,638.7000,623.7800,635.1400,1515651,0
20150916,635.4700,637.9500,632.3200,635.9800,839802,0
20150917,637.7900,650.9000,635.0200,642.9000,1580025,0
20150918,636.7900,640.0000,627.0200,629.2500,2861141,0
20150921,634.4000,636.4900,625.9400,635.4400,1310771,0
20150922,627.0000,627.5500,615.4300,622.6900,1789206,0
20150923,622.0500,628.9300,620.0000,622.3600,967666,0
20150924,616.6400,627.3200,612.4000,625.8000,1612779,0
20150925,629.7700,629.7700,611.0000,611.9700,1470827,0
20150928,610.3400,614.6050,589.3800,594.8900,2202794,0
20150929,597.2800,605.0000,590.2200,594.9700,1578611,0
20150930,603.2800,608.7600,600.7300,608.4200,1647114,0
20151001,608.3700,612.0900,599.8500,611.2900,1283758,0
20151002,607.2000,627.3400,603.1300,626.9100,1898108,0
20151005,632.0000,643.0100,627.0000,641.4700,1276866,0
20151006,638.8400,649.2500,636.5295,645.4400,1558103,0
20151007,649.2400,650.6090,632.1500,642.3600,1451863,0
20151008,641.3600,644.4500,625.5600,639.1600,1597114,0
20151009,640.0000,645.9900,635.3180,643.6100,1149748,0
20151012,642.0900,648.5000,639.0100,646.6700,913504,0
20151013,643.1500,657.8125,643.1500,652.3000,1280692,0
20151014,653.2100,659.3900,648.8500,651.1600,959454,0
20151015,654.6600,663.1300,654.4600,661.7400,1320965,0
20151016,664.1100,664.9700,657.2000,662.2000,946785,0
20151019,661.1800,666.8200,659.5800,666.1000,1034794,0
20151020,664.0400,664.7197,644.1950,650.2800,1818487,0
20151021,654.1500,655.8700,641.7300,642.6100,1248874,0
20151022,646.7000,657.8000,644.0100,651.7900,2103395,0
20151023,727.5000,730.0000,701.5000,702.0000,4756371,0
20151026,701.5500,719.1500,701.2600,712.7800,1893302,0
20151027,707.3800,713.6200,704.5500,708.4900,1522354,0
20151028,707.3300,712.9800,703.0800,712.9500,1223059,0
20151029,710.5000,718.2600,710.0100,716.9200,1032206,0
20151030,715.7300,718.0000,710.0500,710.8100,1321604,0
20151102,711.0600,721.6200,705.8500,721.1100,1282474,0
20151103,718.8600,724.6500,714.7200,722.1600,1109188,0
20151104,722.0000,733.1000,721.9000,728.1100,1102771,0
20151105,729.4700,739.4800,729.4700,731.2500,1352784,0
20151106,731.5000,735.4100,727.0100,733.7600,1007789,0
20151109,730.2000,734.7100,719.4300,724.8900,1453597,0
20151110,724.4000,730.5900,718.5001,728.3200,1179552,0
20151111,732.4600,741.0000,730.2300,735.4000,900819,0
20151112,731.0000,737.8000,728.6450,731.2300,1277819,0
20151113,729.1700,731.1500,716.7300,717.0000,1414687,0
20151116,715.6000,729.4900,711.3300,728.9600,1268741,0
20151117,729.2900,731.8450,723.0270,725.3000,951128,0
20151118,727.5800,741.4100,727.0000,740.0000,1143810,0
20151119,738.7400,742.0000,737.4300,738.4100,997197,0
20151120,746.5300,757.9200,743.0000,756.6000,1510750,0
20151123,757.4500,762.7075,751.8200,755.9800,923502,0
20151124,752.0000,755.2790,737.6300,748.2800,1567972,0
20151125,748.1400,752.0000,746.0600,748.1500,777319,0
20151127,748.4600,753.4100,747.4900,750.2600,541611,0
20151130,748.8100,754.9300,741.2700,742.6000,1327849,0
20151201,747.1100,768.9500,746.7000,767.0400,1494679,0
20151202,768.9000,775.9550,758.9600,762.3800,1459146,0
20151203,766.0100,768.9950,745.6300,752.5400,1741429,0
20151204,753.1000,768.4900,750.0000,766.8100,1629566,0
20151207,767.7700,768.7300,755.0900,763.2500,1313661,0
20151208,757.8900,764.8000,754.2000,762.3700,1241446,0
20151209,759.1700,764.2300,737.0010,751.6100,1850838,0
20151210,752.8500,755.8500,743.8300,749.4600,1246512,0
20151211,741.1600,745.7100,736.7500,738.8700,1575234,0
20151214,741.7900,748.7300,724.1700,747.7700,1693817,0
20151215,753.0000,758.0800,743.0100,743.4000,1674732,0
20151216,750.0000,760.5900,739.4350,758.0900,1343744,0
20151217,762.4200,762.6800,749.0000,749.4300,1025931,0
20151218,746.5100,754.1300,738.1500,739.3100,2145313,0
20151221,746.1300,750.0000,740.0000,747.7700,1047872,0
20151222,751.6500,754.8500,745.5300,750.0000,934408,0
20151223,753.4700,754.2100,744.0000,750.3100,1127493,0
20151224,749.5500,751.3500,746.6200,748.4000,365504,0
20151228,752.9200,762.9900,749.5200,762.5100,1086990,0
20151229,766.6900,779.9800,766.4300,776.6000,1202762,0
20151230,776.6000,777.6000,766.9000,771.0000,917169,0
20151231,769.5000,769.5000,758.3400,758.8800,1068148,0
20160104,743.0000,744.0600,731.2577,741.8400,2235741,0
20160105,746.4500,752.0000,738.6400,742.5800,1350956,0
20160106,730.0000,747.1800,728.9200,743.6200,1361550,0
20160107,730.3100,738.5000,719.0600,726.3900,2089945,0
20160108,731.4500,733.2300,713.0000,714.4700,1689324,0
20160111,716.6100,718.8550,703.5400,716.0300,1490570,0
20160112,721.6800,728.7500,717.3165,726.0700,1450963,0
20160113,730.8500,734.7400,698.6100,700.5600,1696738,0
20160114,705.3800,721.9250,689.1000,714.7200,1563913,0
20160115,692.2900,706.7400,685.3700,694.4500,2528382,0
20160119,703.3000,709.9800,693.4101,701.7900,1572015,0
20160120,688.6100,706.8500,673.2600,698.4500,2433749,0
20160121,702.1800,719.1900,694.4600,706.5900,1575822,0
20160122,723.6000,728.1300,720.1210,725.2500,1447604,0
20160125,723.5800,729.6800,710.0100,711.6700,1186229,0
20160126,713.8500,718.2800,706.4800,713.0400,893083,0
20160127,713.6700,718.2350,694.3900,699.9900,1582836,0
20160128,722.2200,733.6900,712.3500,730.9600,1804081,0
20160129,731.5300,744.9899,726.8000,742.9500,2467889,0
20160201,750.4600,757.8600,743.2700,752.0000,2666151,0
20160202,784.5000,789.8699,764.6500,764.6500,4617948,0
20160203,770.2200,774.5000,720.5000,726.9500,4534248,0
20160204,722.8100,727.0000,701.8600,708.0100,3930917,0
20160205,703.8700,703.9900,680.1500,683.5700,3838213,0
20160208,667.8500,684.0300,663.0600,682.7400,3060071,0
20160209,672.3200,699.9000,668.7700,678.1100,2648371,0
20160210,686.8600,701.3100,682.1300,684.1200,1912879,0
20160211,675.0000,689.3500,668.8675,683.1100,2174539,0
20160212,690.2600,693.7500,678.6000,682.4000,1585787,0
20160216,692.9800,698.0000,685.0500,691.0000,1796511,0
20160217,699.0000,709.7500,691.3800,708.4000,1825307,0
20160218,710.0000,712.3500,696.0300,697.3500,1272902,0
20160219,695.0300,703.0805,694.0500,700.9100,1123174,0
20160222,707.4500,713.2400,702.5100,706.4600,1401954,0
20160223,701.4500,708.4000,693.5800,695.8500,1397383,0
20160224,688.9200,700.0000,680.7800,699.5600,1311509,0
20160225,700.0100,705.9800,690.5850,705.7500,1124480,0
20160226,708.5800,713.4300,700.8600,705.0700,1585620,0
20160229,700.3200,710.8900,697.6800,697.7700,1458258,0
20160301,703.6200,718.8100,699.7700,718.8100,1441315,0
20160302,719.0000,720.0000,712.0000,718.8500,1081118,0
20160303,718.6800,719.4500,706.0200,712.4200,1333858,0
20160304,714.9900,716.4900,706.0200,710.8900,1291908,0
20160307,706.9000,708.0912,686.9000,695.1600,2001550,0
20160308,688.5900,703.7900,685.3400,693.9700,1371976,0
20160309,698.4700,705.6800,694.0000,705.2400,919276,0
20160310,708.1200,716.4400,703.3600,712.8200,1950101,0
20160311,720.0000,726.9200,717.1250,726.8200,1338861,0
20160314,726.8100,735.5000,725.1500,730.4900,1149604,0
20160315,726.9200,732.2900,724.7700,728.3300,1080733,0
20160316,726.3700,737.4700,724.5100,736.0900,1109672,0
20160317,736.4500,743.0700,736.0000,737.7800,1330427,0
20160318,741.8600,742.0000,731.8300,737.6000,2002776,0
20160321,736.5000,742.5000,733.5157,742.0900,1044841,0
20160322,737.4600,745.0000,737.4600,740.7500,854181,0
20160323,742.3600,745.7199,736.1500,738.0600,984377,0
20160324,732.0100,737.7470,731.0000,735.3000,1123215,0
20160328,736.7900,738.9900,732.5000,733.5300,916052,0
20160329,734.5900,747.2500,728.7600,744.7700,1350967,0
20160330,750.1000,757.8800,748.7400,750.5300,1227145,0
20160331,749.2500,750.8500,740.9400,744.9500,1127601,0
20160401,738.6000,750.3400,737.0000,749.9100,1093461,0
20160404,750.0600,752.8000,742.4300,745.2900,780873,0
20160405,738.0000,742.8000,735.3700,737.8000,783107,0
20160406,735.7700,746.2400,735.5600,745.6900,720430,0
20160407,745.3700,746.9999,736.2800,740.2800,1025436,0
20160408,743.9700,745.4500,735.5500,739.1500,862923,0
20160411,743.0200,745.0000,736.0500,736.1000,808442,0
20160412,738.0000,743.8300,731.0100,743.0900,906118,0
20160413,749.1600,754.3800,744.2610,751.7200,1204679,0
20160414,754.0100,757.3100,752.7050,753.2000,812816,0
20160415,753.9800,761.0000,752.6938,759.0000,1320148,0
20160418,760.4600,768.0500,757.3000,766.6100,1095452,0
20160419,769.5100,769.9000,749.3300,753.9300,1297171,0
20160420,758.0000,758.1315,750.0100,752.6700,1078288,0
20160421,755.3800,760.4500,749.5500,759.1400,1538096,0
20160422,726.3000,736.1200,713.6100,718.7700,4267885,0
20160425,716.1000,723.9300,715.5900,723.1500,1306058,0
20160426,725.4200,725.7660,703.0264,708.1400,2006399,0
20160427,707.2900,708.9800,692.3651,705.8400,2135584,0
20160428,708.2600,714.1700,689.5500,691.0200,2048394,0
20160429,690.7000,697.6200,689.0000,693.0100,1721061,0
20160502,697.6300,700.6400,691.0000,698.2100,1132133,0
20160503,696.8700,697.8400,692.0000,692.3600,996215,0
20160504,690.4900,699.7500,689.0100,695.7000,1154854,0
20160505,697.7000,702.3199,695.7200,701.4300,1145594,0
20160506,698.3800,711.8600,698.1067,711.1200,1264758,0
20160509,712.0000,718.7100,710.0000,712.9000,1010578,0
20160510,716.7500,723.5000,715.7200,723.1800,1081336,0
20160511,723.4100,724.4800,712.8000,715.2900,1191547,0
20160512,717.0600,719.2500,709.0000,713.3100,899430,0
20160513,711.9300,716.6619,709.2600,710.8300,857568,0
20160516,709.1300,718.4800,705.6500,716.4900,810022,0
20160517,715.9900,721.5200,704.1100,706.2300,1256903,0
20160518,703.6700,711.6000,700.6300,706.6300,1197337,0
20160519,702.3600,706.0000,696.8000,700.3200,1076765,0
20160520,701.6200,714.5800,700.5200,709.7400,1321120,0
20160523,706.5300,711.4781,704.1800,704.2400,868957,0
20160524,706.8600,720.9700,706.8600,720.0900,1262835,0
20160525,720.7600,727.5100,719.7047,725.2700,1080315,0
20160526,722.8700,728.3300,720.2800,724.1200,1115667,0
20160527,724.0100,733.9360,724.0000,732.6600,1405796,0
20160531,731.7400,739.7300,731.2600,735.7200,1499950,0
20160601,734.5300,737.2100,730.6600,734.1500,866978,0
20160602,732.5000,733.0200,724.1700,730.4000,894760,0
20160603,729.2700,729.4900,720.5600,722.3400,857979,0
20160606,724.9100,724.9100,714.6100,716.5500,1115103,0
20160607,719.8400,721.9800,716.5500,716.6500,945669,0
20160608,723.9600,728.5700,720.5800,728.2800,1130551,0
20160609,722.8700,729.5400,722.3361,728.5800,671032,0
20160610,719.4700,725.8900,716.4300,719.4100,819025,0
20160613,716.5100,725.4400,716.5100,718.3600,696493,0
20160614,716.4800,722.4700,713.1200,718.2700,675249,0
20160615,719.0000,722.9800,717.3100,718.9200,747518,0
20160616,714.9100,716.6500,703.2600,710.3600,1356141,0
20160617,708.6500,708.8200,688.4515,691.7200,2426341,0
20160620,698.7700,702.4800,693.4100,693.7100,1528463,0
20160621,698.4000,702.7700,692.0100,695.9400,956472,0
20160622,699.0600,700.8600,693.0819,697.4600,726877,0
20160623,697.4500,701.9500,687.0000,701.8700,1481006,0
20160624,675.1700,689.4000,673.4500,675.2200,2836265,0
20160627,671.0000,672.3000,663.2840,668.2600,1762775,0
20160628,678.9700,680.3300,673.0000,680.0400,1323254,0
20160629,683.0000,687.4292,681.4100,684.1100,1319178,0
20160630,685.4700,692.3200,683.6500,692.1000,1101587,0
20160701,692.2000,700.6500,692.1301,699.2100,905591,0
20160705,696.0600,696.9400,688.8800,694.4900,1005549,0
20160706,689.9800,701.6800,689.0900,697.7700,983387,0
20160707,698.0800,698.2000,688.2150,695.3600,896256,0
20160708,699.5000,705.7100,696.4350,705.6300,1076277,0
20160711,708.0500,716.5100,707.2400,715.0900,747393,0
20160712,719.1200,722.9400,715.9100,720.6400,866508,0
20160713,723.6200,724.0000,716.8500,716.9800,606494,0
20160714,721.5800,722.2100,718.0300,720.9500,632671,0
20160715,725.7300,725.7400,719.0550,719.8500,909602,0
20160718,722.7100,736.1300,721.1900,733.7800,867815,0
20160719,729.8900,736.9900,729.0000,736.9600,836867,0
20160720,737.3300,742.1300,737.1000,741.1900,875423,0
20160721,740.3600,741.6900,735.8310,738.6300,649001,0
20160722,741.8600,743.2400,736.5600,742.7400,917055,0
20160725,740.6700,742.6100,737.5000,739.7700,739882,0
20160726,739.0400,741.6900,734.2700,738.4200,794754,0
20160727,738.2800,744.4600,737.0000,741.7700,998950,0
20160728,747.0400,748.6500,739.3000,745.9100,1836561,0
20160729,772.7100,778.5500,766.7700,768.7900,2671934,0
20160801,761.0900,780.4300,761.0900,772.8800,1810220,0
20160802,768.6900,775.8400,767.8500,771.0700,1227412,0
20160803,767.1800,773.2100,766.8200,773.1800,862302,0
20160804,772.2200,774.0700,768.7950,771.6100,757171,0
20160805,773.7800,783.0400,772.3400,782.2200,1220372,0
20160808,782.0000,782.6300,778.0910,781.7600,664732,0
20160809,781.1000,788.9400,780.5700,784.2600,809301,0
20160810,783.7500,786.8123,782.7780,784.6800,560829,0
20160811,785.0000,789.7500,782.9700,784.8500,636699,0
20160812,781.5000,783.3950,780.4000,783.2200,490754,0
20160815,783.7500,787.4900,780.1100,782.4400,576720,0
20160816,780.3000,780.9800,773.4440,777.1400,677139,0
20160817,777.3200,780.8100,773.5300,779.9100,627421,0
20160818,780.0100,782.8600,777.0000,777.5000,436271,0
20160819,775.0000,777.1000,773.1300,775.4200,597903,0
20160822,773.2700,774.5400,770.0502,772.1500,665735,0
20160823,775.4800,776.4400,771.7850,772.0800,633905,0
20160824,770.5800,774.5000,767.0700,769.6400,737016,0
20160825,767.0000,771.8900,763.1846,769.4100,630802,0
20160826,769.0000,776.0799,765.8500,769.5400,798941,0
20160829,768.7400,774.9900,766.6150,772.1500,603064,0
20160830,769.3300,774.4660,766.8400,769.0900,773045,0
20160831,767.0100,769.0900,765.3800,767.0500,874297,0
20160901,769.2500,771.0200,764.3000,768.7800,618487,0
20160902,773.0100,773.9199,768.4100,771.4600,712864,0
20160906,773.4500,782.0000,771.0000,780.0800,930924,0
20160907,780.0000,782.7300,776.2000,780.3500,589277,0
20160908,778.5900,780.3500,773.5800,775.3200,704507,0
20160909,770.1000,773.2450,759.6600,759.6600,1245629,0
20160912,755.1300,770.2900,754.0001,769.0200,836684,0
20160913,764.4800,766.2195,755.8000,759.6900,907145,0
20160914,759.6100,767.6800,759.1100,762.4900,744971,0
20160915,762.8900,773.8000,759.9600,771.7600,880650,0
20160916,769.7500,769.7500,764.6600,768.8800,1493625,0
20160919,772.4200,774.0000,764.4406,765.7000,749859,0
20160920,769.0000,773.3300,768.5300,771.4100,659528,0
20160921,772.6600,777.1600,768.3010,776.2200,779000,0
20160922,780.0000,789.8500,778.4400,787.2100,984596,0
20160923,786.5900,788.9300,784.1500,786.9000,984522,0
20160926,782.7400,782.7400,773.0700,774.2100,1063322,0
20160927,775.5000,785.9899,774.3080,783.0100,745805,0
20160928,777.8500,781.8100,774.9700,781.5600,746163,0
20160929,781.4400,785.8000,774.2320,775.0100,919015,0
20160930,776.3300,780.9400,774.0900,777.2900,1174182,0
20161003,774.2500,776.0650,769.5000,772.5600,816405,0
20161004,776.0300,778.7100,772.8900,776.4300,835236,0
20161005,779.3100,782.0700,775.6500,776.4700,874334,0
20161006,779.0000,780.4800,775.5400,776.8600,798177,0
20161007,779.6600,779.6600,770.7500,775.0800,672490,0
20161010,777.7100,789.3800,775.8700,785.9400,807167,0
20161011,786.6600,792.2800,780.5800,783.0700,915836,0
20161012,783.7600,788.1300,782.0600,786.1400,632162,0
20161013,781.2200,781.2200,773.0000,778.1900,870046,0
20161014,781.6500,783.9500,776.0000,778.5300,580091,0
20161017,779.8000,785.8500,777.5000,779.9600,712850,0
20161018,787.8500,801.6100,785.5650,795.2600,1228810,0
20161019,798.8600,804.6300,797.6350,801.5600,1206528,0
20161020,803.3000,803.9700,796.0300,796.9700,1247845,0
20161021,795.0000,799.5000,794.0000,799.3700,855399,0
20161024,804.9000,815.1800,804.8200,813.1100,1584287,0
20161025,816.6800,816.6800,805.1400,807.6700,1525199,0
20161026,806.3400,806.9800,796.3200,799.0700,1580807,0
20161027,801.0000,803.4900,791.5000,795.3500,2313240,0
20161028,808.3500,815.4900,793.5900,795.3700,4155915,0
20161031,795.4700,796.8600,784.0000,784.5400,2285944,0
20161101,782.8900,789.4900,775.5400,783.6100,2377294,0
20161102,778.2000,781.6500,763.4496,768.7000,1843430,0
20161103,767.2500,769.9500,759.0300,762.1300,1763999,0
20161104,750.6600,770.3600,750.5611,762.0200,2049339,0
20161107,774.5000,785.1900,772.5500,782.5200,1467021,0
20161108,783.4000,795.6330,780.1900,790.5100,1320269,0
20161109,779.9400,791.2265,771.6700,785.3100,2526313,0
20161110,791.1700,791.1700,752.1800,762.5600,4638983,0
20161111,756.5400,760.7800,750.3800,754.0200,2313968,0
20161114,755.6000,757.8500,727.5400,736.0800,3597264,0
20161115,746.9700,764.4162,746.9700,758.4900,2285620,0
20161116,755.2000,766.3600,750.5100,764.4800,1449010,0
20161117,766.9200,772.7000,764.2300,771.2300,1263167,0
20161118,771.3700,775.0000,760.0000,760.5400,1512120,0
20161121,762.6100,769.7000,760.6000,769.2000,1270269,0
20161122,772.6300,776.9600,767.0000,768.2700,1544056,0
20161123,767.7300,768.2825,755.2500,760.9900,1443708,0
20161125,764.2600,765.0000,760.5200,761.6800,556852,0
20161128,760.0000,779.5300,759.8000,768.2400,2109206,0
20161129,771.5300,778.5000,768.2400,770.8400,1570857,0
20161130,770.0700,772.9900,754.8300,758.0400,2308335,0
20161201,757.4400,759.8500,737.0245,747.9200,2961913,0
20161202,744.5900,754.0000,743.1000,750.5000,1412779,0
20161205,757.7100,763.9000,752.9000,762.5200,1350537,0
20161206,764.7300,768.8300,757.3400,759.1100,1613235,0
20161207,761.0000,771.3600,755.8000,771.1900,1701760,0
20161208,772.4800,778.1800,767.2300,776.4200,1419424,0
20161209,780.0000,789.4300,779.0210,789.2900,1756164,0
20161212,785.0400,791.2500,784.3554,789.2700,2085912,0
20161213,793.9000,804.3799,793.3400,796.1000,2066515,0
20161214,797.4000,804.0000,794.0100,797.0700,1599219,0
20161215,797.3400,803.0000,792.9200,797.8500,1511185,0
20161216,800.4000,800.8558,790.2900,790.8000,2102448,0
20161219,790.2200,797.6600,786.2700,794.2000,1190447,0
20161220,796.7600,798.6500,793.2700,796.4200,927668,0
20161221,795.8400,796.6757,787.1000,794.5600,1201542,0
20161222,792.3600,793.3200,788.5800,791.2600,908029,0
20161223,790.9000,792.7400,787.2800,789.9100,606604,0
20161227,790.6800,797.8600,787.6570,791.5500,775496,0
20161228,793.7000,794.2300,783.2000,785.0500,1083860,0
20161229,783.3300,785.9300,778.9200,782.7900,737398,0
20161230,782.7500,782.7800,770.4100,771.8200,1681362,0
20170103,778.8100,789.6300,775.8000,786.1400,1610281,0
20170104,788.3600,791.3400,783.1600,786.9000,1049743,0
20170105,786.0800,794.4800,785.0200,794.0200,1291631,0
20170106,795.2600,807.9000,792.2041,806.1500,1577054,0
20170109,806.4000,809.9664,802.8300,806.6500,1224562,0
20170110,807.8600,809.1299,803.5100,804.7900,1112911,0
20170111,805.0000,808.1500,801.3700,807.9100,1044475,0
20170112,807.1400,807.3900,799.1700,806.3600,1331729,0
20170113,807.4800,811.2244,806.6900,807.8800,1063836,0
20170117,807.0800,807.1400,800.3700,804.6100,1142838,0
20170118,805.8100,806.2050,800.9900,806.0700,1203343,0
20170119,805.1200,809.4800,801.8000,802.1750,894545,0
20170120,806.9100,806.9100,801.6900,805.0200,1598983,0
20170123,807.2500,820.8700,803.7400,819.3100,1880494,0
20170124,822.3000,825.9000,817.8210,823.8700,1418075,0
20170125,829.6200,835.7700,825.0600,835.6700,1452677,0
20170126,837.8100,838.0000,827.0100,832.1500,2409981,0
20170127,834.7100,841.9500,820.4400,823.3100,2723397,0
20170130,814.6600,815.8400,799.8000,802.3200,3104850,0
20170131,796.8600,801.2500,790.5200,796.7900,2068095,0
20170201,799.6800,801.1900,791.1900,795.6950,1951297,0
20170202,793.8000,802.7000,792.0000,798.5300,1494432,0
20170203,802.9900,806.0000,800.3700,801.4900,1424992,0
20170206,799.7000,801.6700,795.2501,801.3400,1139916,0
20170207,803.9900,810.5000,801.7800,806.9700,1218264,0
20170208,807.0000,811.8400,803.1903,808.3800,1131473,0
20170209,809.5100,810.6600,804.5400,809.5600,956228,0
20170210,811.7000,815.2500,809.7800,813.6700,1112218,0
20170213,816.0000,820.9590,815.4900,819.2400,1137336,0
20170214,819.0000,823.0000,816.0000,820.4500,1031165,0
20170215,819.3600,823.0000,818.4700,818.9800,1254184,0
20170216,819.9300,824.4000,818.9800,824.1600,1273429,0
20170217,823.0200,828.0700,821.6550,828.0700,1384170,0
20170221,828.6600,833.4500,828.3500,831.6600,1139316,0
20170222,828.6600,833.2500,828.6400,830.7600,937068,0
20170223,830.1200,832.4600,822.8800,831.3300,1344550,0
20170224,827.7300,829.0000,824.2000,828.6400,1369325,0
20170227,824.5500,830.5000,824.0000,829.2800,1044119,0
20170228,825.6100,828.5400,820.2000,823.2100,2179993,0
20170301,828.8500,836.2550,827.2600,835.2400,1400796,0
20170302,833.8500,834.5100,829.6400,830.6300,915114,0
20170303,830.5600,831.3600,825.7510,829.0800,883596,0
20170306,826.9500,828.8800,822.4000,827.7800,1039682,0
20170307,827.4000,833.4100,826.5200,831.9100,980061,0
20170308,833.5100,838.1500,831.7900,835.3700,959042,0
20170309,836.0000,842.0000,834.2100,838.6800,1218080,0
20170310,843.2800,844.9100,839.5000,843.2500,1764295,0
20170313,844.0000,848.6850,843.2500,845.5400,1039853,0
20170314,843.6400,847.2400,840.8000,845.6200,741361,0
20170315,847.5900,848.6300,840.7700,847.2000,1344141,0
20170316,849.0300,850.8500,846.1300,848.7800,949938,0
20170317,851.6100,853.4000,847.1100,852.1200,1614953,0
20170320,850.0100,850.2200,845.1500,848.4000,1159789,0
20170321,851.4000,853.5000,829.0200,830.4600,2373959,0
20170322,831.9100,835.5500,827.1801,829.5900,1359068,0
20170323,821.0000,822.5700,812.2570,817.5800,3420179,0
20170324,820.0800,821.9300,808.8900,814.4300,1939530,0
20170327,806.9500,821.6300,803.3700,819.5100,1801235,0
20170328,820.4100,825.9900,814.0270,820.9200,1550559,0
20170329,825.0000,832.7650,822.3801,831.4100,1501344,0
20170330,833.5000,833.6800,829.0000,831.5000,1039652,0
20170331,828.9700,831.6400,827.3900,829.5600,1361900,0
20170403,829.2200,840.8500,829.2200,838.5500,1609117,0
20170404,831.3600,835.1800,829.0363,834.5700,1028291,0
20170405,835.5100,842.4500,830.7200,831.4100,1519932,0
20170406,832.4000,836.3900,826.4600,827.8800,1235736,0
20170407,827.9600,828.4850,820.5127,824.6700,1038083,0
20170410,825.3900,829.3500,823.7700,824.7300,886781,0
20170411,824.7100,827.4267,817.0201,823.3500,1051311,0
20170412,821.9300,826.6600,821.0200,824.3200,883015,0
20170413,822.1400,826.3800,821.4400,823.5600,1077721,0
20170417,825.0100,837.7500,824.4700,837.1700,835934,0
20170418,834.2200,838.9300,832.7100,836.8200,771285,0
20170419,839.7900,842.2200,836.2900,838.2100,876270,0
20170420,841.4400,845.2000,839.3200,841.6500,935947,0
20170421,842.8800,843.8800,840.6000,843.1900,1260283,0
20170424,851.2000,863.4500,849.8600,862.7600,1319090,0
20170425,865.0000,875.0000,862.8100,872.3000,1521243,0
20170426,874.2300,876.0500,867.7481,871.7300,1179978,0
20170427,873.6000,875.4000,870.3800,874.2500,1683180,0
20170428,910.6600,916.8500,905.7700,905.9600,3045956,0
20170501,901.9400,915.6800,901.4500,912.5700,2020740,0
20170502,909.6200,920.7700,909.4526,916.4400,1475838,0
20170503,914.8600,928.1000,912.5426,927.0400,1465457,0
20170504,926.0700,935.9300,924.5900,931.6600,1384362,0
20170505,933.5400,934.9000,925.2000,927.1300,1863656,0
20170508,926.1200,936.9250,925.2600,934.3000,1248087,0
20170509,936.9500,937.5000,929.5300,932.1700,1488955,0
20170510,931.9800,932.0000,925.1600,928.7800,1162979,0
20170511,925.3200,932.5300,923.0301,930.6000,817530,0
20170512,931.5300,933.4400,927.8500,932.2200,1021600,0
20170515,932.9500,938.2500,929.3400,937.0800,1013552,0
20170516,940.0000,943.1100,937.5800,943.0000,935686,0
20170517,935.6700,939.3325,918.1400,919.6200,2274131,0
20170518,921.0000,933.1700,918.7500,930.2400,1531090,0
20170519,931.4700,937.7550,931.0000,934.0100,1348212,0
20170522,935.0000,941.8828,935.0000,941.8600,1061382,0
20170523,947.9200,951.4666,942.5750,948.8200,1227848,0
20170524,952.9800,955.0900,949.5000,954.9600,949091,0
20170525,957.3300,972.6290,955.4700,969.5400,1589146,0
20170526,969.7000,974.9800,965.0300,971.4700,1224407,0
20170530,970.3100,976.2000,969.4900,975.8800,1401633,0
20170531,975.0200,979.2700,960.1800,964.8600,2377980,0
20170601,968.9500,971.5000,960.0100,966.9500,1390022,0
20170602,969.4600,975.8800,966.0000,975.6000,1668712,0
20170605,976.5500,986.9100,975.1000,983.6800,1196043,0
20170606,983.1600,988.2500,975.1400,976.5700,1666088,0
20170607,979.6500,984.1500,975.7700,981.0800,1418353,0
20170608,982.3500,984.5700,977.2000,983.4100,1345993,0
20170609,984.5000,984.5000,935.6300,949.8300,3189940,0
20170612,939.5600,949.3550,915.2328,942.9000,3690385,0
20170613,951.9100,959.9800,944.0900,953.4000,1966928,0
20170614,959.9200,961.1500,942.2500,950.7600,1460561,0
20170615,933.9700,943.3390,924.4400,942.3100,2009509,0
20170616,940.0000,942.0400,931.5950,939.7800,2752039,0
20170619,949.9600,959.9900,949.0500,957.3700,1464667,0
20170620,957.5200,961.6200,950.0100,950.6300,1068523,0
20170621,953.6400,960.1000,950.7600,959.4500,1142451,0
20170622,958.7000,960.7200,954.5500,957.0900,934029,0
20170623,956.8300,966.0000,954.2000,965.5900,1391805,0
20170626,969.9000,973.3100,950.7900,952.2700,1505027,0
20170627,942.4600,948.2900,926.8500,927.3300,2426016,0
20170628,929.0000,942.7500,916.0000,940.4900,2665252,0
20170629,929.9200,931.2600,910.6200,917.7900,3197273,0
20170630,926.0500,926.0500,908.3100,908.7300,2000383,0
20170703,912.1800,913.9400,894.7900,898.7000,1767389,0
20170705,901.7600,914.5100,898.5000,911.7100,1685282,0
20170706,904.1200,914.9444,899.7000,906.6900,1393985,0
20170707,908.8500,921.5400,908.8500,918.5900,1571946,0
20170710,921.7700,930.3800,919.5900,928.8000,1177289,0
20170711,929.5400,931.4300,922.0000,930.0900,1062165,0
20170712,938.6800,946.3000,934.4700,943.8300,1481821,0
20170713,946.2900,954.4500,943.0100,947.1600,1231709,0
20170714,952.0000,956.9100,948.0050,955.9900,990324,0
20170717,957.0000,960.7400,949.2407,953.4200,1134653,0
20170718,953.0000,968.0400,950.6000,965.4000,1082699,0
20170719,967.8400,973.0400,964.0300,970.8900,1195402,0
20170720,975.0000,975.9000,961.5100,968.1500,1560606,0
20170721,962.2500,973.2300,960.1500,972.9200,1642897,0
20170724,972.2200,986.2000,970.7700,980.3400,2610346,0
20170725,953.8100,959.7000,945.4000,950.7000,4522414,0
20170726,954.6800,955.0000,942.2788,947.8000,1972733,0
20170727,951.7800,951.7800,920.0000,934.0900,3068917,0
20170728,929.4000,943.8300,927.5000,941.5300,1643034,0
20170731,941.8900,943.5900,926.0400,930.5000,1935532,0
20170801,932.3800,937.4470,929.2600,930.8300,1188697,0
20170802,928.6100,932.6000,916.6800,930.3900,1791150,0
20170803,930.3400,932.2400,922.2400,923.6500,1153430,0
20170804,926.7500,930.3068,923.0300,927.9600,954999,0
20170807,929.0600,931.7000,926.5000,929.3600,1007387,0
20170808,927.0900,935.8140,925.6095,926.7900,1030939,0
20170809,920.6100,925.9800,917.2501,922.9000,1162829,0
20170810,917.5500,919.2600,906.1300,907.2400,1692912,0
20170811,907.9700,917.7800,905.5800,914.3900,1170723,0
20170814,922.5300,924.6680,918.1900,922.6700,1029766,0
20170815,924.2300,926.5499,919.8200,922.2200,866265,0
20170816,925.2900,932.7000,923.4450,926.9600,981755,0
20170817,925.7800,926.8600,910.9800,910.9800,1190294,0
20170818,910.3100,915.2750,907.1543,910.6700,1241442,0
20170821,910.0000,913.0000,903.4000,906.6600,927002,0
20170822,912.7200,925.8600,911.4751,924.6900,1135836,0
20170823,921.9300,929.9300,919.3600,927.0000,1066859,0
20170824,928.6600,930.8400,915.5000,921.2800,1142501,0
20170825,923.4900,925.5550,915.5000,915.8900,986065,0
20170828,916.0000,919.2450,911.8700,913.8100,978705,0
20170829,905.1000,923.3300,905.0000,921.2900,1271215,0
20170830,920.0500,930.8190,919.6500,929.5700,1264313,0
20170831,931.7600,941.9800,931.7600,939.3300,1496886,0
20170901,941.1300,942.4800,935.1500,937.3400,901053,0
20170905,933.0800,937.0000,921.9600,928.4500,1186319,0
20170906,930.1500,930.9150,919.2700,927.8100,1447589,0
20170907,931.7300,936.4100,923.6200,935.9500,1153314,0
20170908,936.4900,936.9900,924.8800,926.5000,915670,0
20170911,934.2500,938.3800,926.9200,929.0800,1194786,0
20170912,932.5900,933.4800,923.8610,932.0700,1108995,0
20170913,930.6600,937.2500,929.8600,935.0900,1027615,0
20170914,931.2500,932.7700,924.0000,925.1100,1330737,0
20170915,924.6600,926.4900,916.3600,920.2900,2353078,0
20170918,920.0100,922.0800,910.6000,915.0000,1214605,0
20170919,917.4200,922.4199,912.5500,921.8100,880311,0
20170920,922.9800,933.8800,922.0000,931.5800,1510828,0
20170921,933.0000,936.5300,923.8300,932.4500,1199785,0
20170922,927.7500,934.7300,926.4800,928.5300,1032317,0
20170925,925.4500,926.4000,909.7000,920.9700,1775674,0
20170926,923.7200,930.8200,921.1400,924.8600,1600102,0
20170927,927.7400,949.9000,927.7400,944.4900,2187427,0
20170928,941.3600,950.6900,940.5500,949.5000,944920,0
20170929,952.0000,959.7864,951.5100,959.1100,1497559,0
20171002,959.9800,962.5400,947.8400,953.2700,1197292,0
20171003,954.0000,958.0000,949.1400,957.7900,866804,0
20171004,957.0000,960.3900,950.6900,951.6800,855526,0
20171005,955.4900,970.9100,955.1800,969.9600,1180382,0
20171006,966.7000,979.4600,963.3600,978.8900,1130574,0
20171009,980.0000,985.4250,976.1100,977.0000,876382,0
20171010,980.0000,981.5700,966.0801,972.6000,940366,0
20171011,973.7200,990.7100,972.2500,989.2500,1633048,0
20171012,987.4500,994.1200,985.0000,987.8300,1255067,0
20171013,992.0000,997.2100,989.0000,989.6800,1113957,0
20171016,992.1000,993.9065,984.0000,992.0000,885724,0
20171017,990.2900,996.4400,988.5900,992.1800,1246408,0
20171018,991.7700,996.7200,986.9747,992.8100,1002903,0
20171019,986.0000,988.8800,978.3900,984.4500,1264261,0
20171020,989.4400,991.0000,984.5800,988.2000,1094634,0
20171023,989.5200,989.5200,966.1200,968.4500,1420339,0
20171024,970.0000,972.2300,961.0000,970.5400,1134596,0
20171025,968.3700,976.0900,960.5201,973.3300,1156153,0
20171026,980.0000,987.6000,972.2000,972.5600,1603817,0
20171027,1009.1900,1048.3900,1008.2000,1019.2700,4919727,0
20171030,1014.0000,1024.9700,1007.5000,1017.1100,2010462,0
20171031,1015.2200,1024.0000,1010.4200,1016.6400,1288454,0
20171101,1017.2100,1029.6700,1016.9500,1025.5000,1346256,0
20171102,1021.7600,1028.0900,1013.0100,1025.5800,995413,0
20171103,1022.1100,1032.6500,1020.3100,1032.4800,1046755,0
20171106,1028.9900,1034.8700,1025.0000,1025.9000,1047232,0
20171107,1027.2700,1033.9700,1025.1300,1033.3300,1064287,0
20171108,1030.5200,1043.5220,1028.4500,1039.8500,862983,0
20171109,1033.9900,1033.9900,1019.6656,1031.2600,1228157,0
20171110,1026.4600,1030.7600,1025.2800,1028.0700,710964,0
20171113,1023.4200,1031.5800,1022.5700,1025.7500,816807,0
20171114,1022.5900,1026.8100,1014.1500,1026.0000,939779,0
20171115,1019.2100,1024.0900,1015.4200,1020.9100,815465,0
20171116,1022.5200,1035.9200,1022.5200,1032.5000,1043720,0
20171117,1034.0100,1034.4200,1017.7500,1019.0900,1312602,0
20171120,1020.2600,1022.6100,1017.5000,1018.3800,835048,0
20171121,1023.3100,1035.1100,1022.6550,1034.4900,1050889,0
20171122,1035.0000,1039.7060,1031.4300,1035.9600,710169,0
20171124,1035.8700,1043.1780,1035.0000,1040.6100,475925,0
20171127,1040.0000,1055.4600,1038.4400,1054.2100,1196644,0
20171128,1055.0900,1062.3750,1040.0000,1047.4100,1297838,0
20171129,1042.6800,1044.0800,1015.6500,1021.6600,2359928,0
20171130,1022.3700,1028.4899,1015.0000,1021.4100,1640475,0
20171201,1015.8000,1022.4897,1002.0200,1010.1700,1862569,0
20171204,1012.6600,1016.1000,995.5700,998.6800,1915482,0
20171205,995.9400,1020.6100,988.2800,1005.1500,2006009,0
20171206,1001.5000,1024.9700,1001.1400,1018.3800,1138871,0
20171207,1020.4300,1034.2400,1018.0710,1030.9300,1370116,0
20171208,1037.4900,1042.0500,1032.5222,1037.0500,1193718,0
20171211,1035.5000,1043.8000,1032.0504,1041.1000,1110701,0
20171212,1039.6300,1050.3100,1033.6897,1040.4800,1247036,0
20171213,1046.1200,1046.6650,1038.3800,1040.6100,1094978,0
20171214,1045.0000,1058.5000,1043.1100,1049.1500,1519713,0
20171215,1054.6100,1067.6200,1049.5000,1064.1900,3039838,0
20171218,1066.0800,1078.4900,1062.0000,1077.1400,1440223,0
20171219,1075.2000,1076.8400,1063.5500,1070.6800,1218454,0
20171220,1071.7800,1073.3800,1061.5200,1064.9500,1204014,0
20171221,1064.9500,1069.3300,1061.7938,1063.6300,877435,0
20171222,1061.1100,1064.2000,1059.4400,1060.1200,705342,0
20171226,1058.0700,1060.1200,1050.2000,1056.7400,704059,0
20171227,1057.3900,1058.3700,1048.0500,1049.3700,1189440,0
20171228,1051.6000,1054.7500,1044.7700,1048.1400,794707,0
20171229,1046.7200,1049.7000,1044.9000,1046.4000,834576,0
20180102,1048.3400,1066.9400,1045.2300,1065.0000,1203653,0
20180103,1064.3100,1086.2900,1063.2100,1082.4800,1300243,0
20180104,1088.0000,1093.5699,1084.0017,1086.4000,978251,0
20180105,1094.0000,1104.2500,1092.0000,1102.2300,1177217,0
20180108,1102.2300,1111.2700,1101.6200,1106.9400,924848,0
20180109,1109.4000,1110.5700,1101.2307,1106.2600,863751,0
20180110,1097.1000,1104.6000,1096.1100,1102.6100,968735,0
20180111,1106.3000,1106.5250,1099.5900,1105.5200,950320,0
20180112,1102.4100,1124.2900,1101.1500,1122.2600,1646921,0
20180116,1132.5100,1139.9100,1117.8316,1121.7600,1483943,0
20180117,1126.2200,1132.6000,1117.0100,1131.9800,1120331,0
20180118,1131.4100,1132.5100,1117.5000,1129.7900,1118875,0
20180119,1131.8300,1137.8600,1128.3000,1137.5100,1239025,0
20180122,1137.4900,1159.8800,1135.1101,1155.8100,1547191,0
20180123,1159.8500,1171.6266,1158.7500,1169.9700,1158275,0
20180124,1177.3300,1179.8600,1161.0500,1164.2400,1273313,0
20180125,1172.5300,1175.9400,1162.7600,1170.3700,1295497,0
20180126,1175.0800,1175.8400,1158.1100,1175.8400,1628096,0
20180129,1176.4800,1186.8900,1171.9800,1175.5800,1147363,0
20180130,1167.8300,1176.5200,1163.5200,1163.6900,1424445,0
20180131,1170.5700,1173.0000,1159.1300,1169.9400,1397988,0
20180201,1162.6100,1174.0000,1157.5200,1167.7000,1887548,0
20180202,1122.0000,1123.0700,1107.2779,1111.9000,4636432,0
20180205,1090.6000,1110.0000,1052.0300,1055.8000,3578376,0
20180206,1027.1800,1081.7100,1023.1367,1080.6000,3311726,0
20180207,1081.5400,1081.7800,1048.2600,1048.5800,2300088,0
20180208,1055.4100,1058.6200,1000.6600,1001.5200,2815662,0
