DATE, OPEN, HIGH, LOW, CLOSE, VOL, p
20110214,31.05,31.30,30.70,30.70,6276284,0
20110215,30.90,31.15,30.73,30.94,4337802,0
20110216,31.05,31.44,30.66,30.72,4627489,0
20110217,30.68,31.09,30.51,30.55,3290633,0
20110218,30.65,31.39,30.40,31.37,6936545,0
20110222,31.14,31.43,30.71,30.72,2454261,0
20110223,30.76,30.90,30.25,30.42,2671118,0
20110224,30.55,30.65,30.30,30.46,1697998,0
20110225,30.53,30.75,30.30,30.50,2225823,0
20110228,30.57,30.79,30.42,30.50,2380311,0
20110301,30.65,30.78,30.23,30.45,1907921,0
20110302,30.57,30.69,30.26,30.57,2196962,0
20110303,30.68,30.77,30.53,30.77,1901777,0
20110304,30.80,30.94,30.66,30.85,892281,0
20110307,30.94,31.04,30.70,30.90,1049574,0
20110308,30.80,31.04,30.80,30.97,827311,0
20110309,30.90,30.98,30.74,30.75,294086,0
20110310,30.71,30.71,29.75,30.10,2715286,0
20110311,30.10,30.48,29.97,30.10,1896844,0
20110314,30.00,30.22,29.80,29.99,1967678,0
20110315,29.81,30.20,29.60,29.88,1968393,0
20110316,29.89,30.16,29.76,30.05,2062105,0
20110317,30.20,30.41,30.06,30.15,1511338,0
20110318,30.21,30.50,30.08,30.50,1906733,0
20110321,30.53,31.00,30.40,30.82,1252929,0
20110322,30.90,30.98,30.57,30.70,1014614,0
20110323,30.53,30.67,29.95,30.02,2570690,0
20110324,30.10,30.25,29.90,30.05,1411599,0
20110325,30.01,30.09,29.50,29.52,2687019,0
20110328,29.74,29.93,29.56,29.62,1552829,0
20110329,29.75,29.88,29.54,29.79,1313702,0
20110330,29.87,29.89,29.58,29.69,770023,0
20110331,29.80,29.87,29.51,29.64,884315,0
20110401,29.79,29.85,29.49,29.50,1869198,0
20110404,29.44,29.70,29.25,29.44,1177852,0
20110405,29.49,29.64,29.00,29.44,1021281,0
20110406,29.46,29.49,29.21,29.46,725080,0
20110407,29.52,29.56,29.13,29.22,1226045,0
20110408,29.22,29.42,29.12,29.33,934705,0
20110411,29.30,29.41,29.07,29.25,1160858,0
20110412,29.10,29.24,28.27,28.73,1278060,0
20110413,28.74,29.02,28.66,28.83,2766808,0
20110414,28.79,29.16,28.57,29.12,785748,0
20110415,29.11,29.15,28.69,28.88,863864,0
20110418,28.79,28.84,28.23,28.52,882325,0
20110419,28.59,28.86,28.53,28.78,1122101,0
20110420,28.98,29.60,28.79,29.45,2053961,0
20110421,29.32,29.93,29.07,29.63,1516820,0
20110425,29.81,29.81,29.07,29.36,604089,0
20110426,29.54,29.59,29.05,29.12,1115700,0
20110427,29.30,29.49,28.75,28.86,1479585,0
20110428,28.84,28.95,28.69,28.83,1040923,0
20110429,29.04,29.29,28.35,28.58,1843316,0
20110502,28.73,28.99,28.38,28.82,1036693,0
20110503,28.84,28.89,28.05,28.19,1158636,0
20110504,28.20,28.36,27.31,27.96,2537787,0
20110505,28.02,28.26,27.41,27.98,1618240,0
20110506,28.08,28.41,27.85,28.00,653517,0
20110509,28.11,28.45,28.01,28.29,752064,0
20110510,28.27,28.69,28.08,28.52,778065,0
20110511,28.53,28.63,28.01,28.31,1400358,0
20110512,28.20,28.45,27.82,28.45,1792301,0
20110513,28.37,28.37,27.75,27.93,1344050,0
20110516,28.06,28.48,27.40,27.54,1737540,0
20110517,27.60,27.71,26.87,27.50,2309905,0
20110518,27.77,27.88,27.42,27.56,895108,0
20110519,27.68,28.34,27.53,28.29,1096432,0
20110520,28.25,28.90,27.97,28.50,1535380,0
20110523,28.41,28.57,28.19,28.33,2927589,0
20110524,28.53,29.06,28.47,29.06,2587624,0
20110525,28.98,29.28,28.80,29.02,3304604,0
20110526,29.10,29.22,28.61,28.69,1507097,0
20110527,28.90,29.18,28.50,29.18,1896541,0
20110531,29.53,29.76,29.00,29.29,5489827,0
20110601,29.40,29.47,28.85,29.00,1042794,0
20110602,29.15,29.38,28.44,29.38,978328,0
20110603,29.06,29.76,28.73,29.75,1566348,0
20110606,29.60,29.77,29.25,29.52,1402015,0
20110607,29.58,29.97,29.42,29.79,1980996,0
20110608,29.58,29.86,29.46,29.73,766729,0
20110609,29.72,29.89,29.64,29.69,1215835,0
20110610,29.74,29.85,29.43,29.53,895776,0
20110613,29.62,29.93,29.20,29.45,901813,0
20110614,29.41,29.86,29.06,29.50,760136,0
20110615,29.42,29.65,28.89,29.36,1148797,0
20110616,29.40,29.44,29.07,29.21,792038,0
20110617,29.36,29.74,29.15,29.70,2448122,0
20110620,29.61,29.67,29.40,29.61,866623,0
20110621,29.70,29.70,29.34,29.62,631275,0
20110622,29.62,29.97,29.44,29.62,1587992,0
20110623,29.59,29.59,28.91,29.10,1963068,0
20110624,29.19,29.30,28.59,28.60,11554729,0
20110627,28.68,28.79,28.22,28.26,1888999,0
20110628,28.39,28.67,28.10,28.30,2235377,0
20110629,28.48,28.80,28.32,28.40,1592032,0
20110630,28.43,28.78,28.31,28.73,809450,0
20110701,28.67,29.28,28.37,29.27,846515,0
20110705,29.22,29.39,29.04,29.26,505758,0
20110706,29.17,29.24,28.92,29.11,1237464,0
20110707,29.26,29.45,28.86,28.98,876276,0
20110708,28.80,29.33,28.68,28.92,757413,0
20110711,28.70,28.74,28.16,28.36,725372,0
20110712,28.25,28.37,28.10,28.17,665821,0
20110713,28.34,28.48,28.06,28.19,556716,0
20110714,28.30,28.41,28.02,28.03,799588,0
20110715,28.24,28.63,28.00,28.59,785054,0
20110718,28.40,28.41,27.98,28.19,695160,0
20110719,28.41,28.49,28.24,28.35,390086,0
20110720,28.57,28.93,28.25,28.50,578915,0
20110721,28.68,28.87,28.22,28.51,1277293,0
20110722,28.55,28.63,28.24,28.36,1017603,0
20110725,28.30,28.39,27.48,27.50,2752956,0
20110726,27.61,27.74,27.36,27.57,2921290,0
20110727,27.27,28.40,27.10,28.18,3648010,0
20110728,27.90,28.24,27.64,28.16,985124,0
20110729,27.96,28.30,27.80,28.23,999251,0
20110801,28.42,28.50,28.12,28.23,612267,0
20110802,28.06,28.17,27.64,27.85,893471,0
20110803,27.82,27.87,27.25,27.72,1392590,0
20110804,27.60,27.60,26.33,26.47,1813751,0
20110805,26.47,26.79,24.96,25.92,3006544,0
20110808,25.21,25.59,23.66,23.66,2019525,0
20110809,24.05,25.96,24.00,25.92,1689217,0
20110810,25.58,27.08,25.24,26.05,1909695,0
20110811,26.20,27.81,26.18,27.45,1372393,0
20110812,27.83,27.99,26.53,26.77,1136158,0
20110815,27.19,27.30,26.86,27.08,676879,0
20110816,26.89,26.90,26.38,26.50,645937,0
20110817,26.66,26.66,26.22,26.28,671954,0
20110818,25.99,25.99,24.63,24.82,3587822,0
20110819,24.66,25.07,23.78,23.82,1913856,0
20110822,24.35,25.31,23.59,23.76,1543598,0
20110823,23.93,24.54,23.51,24.54,1152944,0
20110824,24.42,24.72,24.07,24.45,686581,0
20110825,24.60,24.97,24.45,24.45,570143,0
20110826,24.48,24.93,24.01,24.78,570798,0
20110829,24.96,25.61,24.70,25.31,530511,0
20110830,25.22,25.51,24.92,25.37,437418,0
20110831,25.61,26.34,25.44,25.85,1786009,0
20110901,25.98,26.06,25.61,25.72,553690,0
20110902,25.43,25.47,25.06,25.19,567042,0
20110906,24.75,25.44,24.61,25.37,700921,0
20110907,25.72,25.89,25.23,25.44,895645,0
20110908,25.37,25.73,25.19,25.40,982548,0
20110909,25.14,25.36,24.75,24.85,1141628,0
20110912,24.64,24.97,24.30,24.96,945421,0
20110913,25.09,25.23,24.62,24.97,1050967,0
20110914,25.20,25.29,24.76,25.25,834546,0
20110915,25.46,25.83,25.34,25.54,472211,0
20110916,25.72,25.79,25.22,25.50,1884720,0
20110919,25.22,27.31,25.16,26.68,3781522,0
20110920,26.89,26.89,26.52,26.70,849690,0
20110921,26.84,27.20,26.47,26.55,1400834,0
20110922,26.06,26.40,25.34,25.69,1731740,0
20110923,25.71,25.85,25.18,25.52,699679,0
20110926,25.60,26.35,25.20,26.34,1366075,0
20110927,26.88,27.36,26.82,27.03,1765989,0
20110928,26.90,27.19,26.56,26.62,894600,0
20110929,27.05,27.18,25.85,26.32,801303,0
20110930,26.12,26.25,25.72,25.89,769697,0
20111003,25.74,25.81,25.00,25.48,860326,0
20111004,25.40,26.23,24.66,26.05,2484113,0
20111005,26.18,26.70,25.83,26.59,1193070,0
20111006,26.57,26.85,26.13,26.70,795826,0
20111007,26.84,26.94,26.21,26.34,446451,0
20111010,26.87,26.96,26.52,26.87,785294,0
20111011,26.86,27.25,26.69,26.85,664275,0
20111012,27.10,27.15,26.71,26.90,692106,0
20111013,26.71,27.13,26.40,26.92,526143,0
20111014,27.29,27.29,26.68,26.89,977437,0
20111017,28.10,29.75,27.75,28.19,11281389,0
20111018,28.16,28.67,27.07,28.06,7530182,0
20111019,27.81,28.34,27.35,27.58,5671322,0
20111020,28.04,29.25,27.82,28.23,5710914,0
20111021,28.90,29.22,28.36,29.22,3718192,0
20111024,30.04,30.04,28.78,29.98,3777522,0
20111025,29.87,30.26,29.19,30.11,3195056,0
20111026,30.50,30.50,29.59,29.66,5106989,0
20111027,29.96,30.15,29.16,29.44,6102514,0
20111028,29.26,29.42,28.50,29.10,2818132,0
20111031,28.90,29.00,28.28,28.60,3360023,0
20111101,28.10,28.47,27.41,27.82,3432436,0
20111102,28.50,28.50,27.71,28.06,2355093,0
20111103,28.27,28.49,27.65,28.17,3192940,0
20111104,28.24,28.45,27.79,28.31,1963901,0
20111107,28.35,28.57,27.66,27.96,1772395,0
20111108,28.22,28.42,27.80,28.15,1483316,0
20111109,28.16,28.24,27.03,27.03,1723431,0
20111110,27.42,27.65,26.91,27.43,1579497,0
20111111,27.76,28.14,27.42,27.57,1838543,0
20111114,27.50,27.81,27.18,27.73,2151792,0
20111115,27.74,28.12,27.55,27.96,2969303,0
20111116,27.89,28.01,27.52,27.77,3082101,0
20111117,27.88,28.42,27.60,28.32,3681125,0
20111118,28.75,28.98,28.25,28.25,2682232,0
20111121,28.37,28.97,28.00,28.59,1718394,0
20111122,28.72,28.95,28.41,28.61,3260113,0
20111123,28.29,28.55,28.00,28.02,2434769,0
20111125,28.00,29.00,27.97,29.00,1160567,0
20111128,29.71,29.71,28.69,28.80,2414906,0
20111129,28.83,29.68,28.82,29.54,3222476,0
20111130,30.63,30.66,29.35,29.50,2897773,0
20111201,29.50,30.61,29.30,30.26,2597767,0
20111202,30.89,31.70,30.61,31.00,4089985,0
20111205,31.50,31.97,30.90,30.91,1903303,0
20111206,31.08,31.57,30.49,30.86,1890086,0
20111207,30.85,31.00,30.38,30.42,1929841,0
20111208,30.37,30.51,29.09,29.55,2893535,0
20111209,30.00,30.19,29.38,29.60,2196964,0
20111212,29.51,29.71,29.20,29.49,2065078,0
20111213,29.75,29.89,29.06,29.20,2798164,0
20111214,29.23,29.28,29.01,29.09,2410224,0
20111215,29.39,29.44,28.50,28.83,2182865,0
20111216,29.12,29.88,28.87,29.84,5227069,0
20111219,29.53,29.90,29.50,29.79,1173998,0
20111220,30.08,30.28,29.70,30.14,1205435,0
20111221,30.23,30.88,29.91,30.71,1508411,0
20111222,30.75,30.99,30.68,30.95,948237,0
20111223,31.08,31.59,31.00,31.37,1258193,0
20111227,31.51,31.87,31.39,31.74,975769,0
20111228,31.71,31.92,31.08,31.29,1499944,0
20111229,31.40,31.57,31.18,31.56,948790,0
20111230,31.77,32.25,31.63,32.17,2006465,0
20120103,32.57,32.88,32.15,32.49,3454413,0
20120104,32.46,32.59,32.05,32.49,4255206,0
20120105,33.94,33.94,32.18,32.65,4029934,0
20120106,32.90,33.32,32.32,32.89,2796138,0
20120109,33.20,33.54,32.67,32.81,1278968,0
20120110,33.80,33.84,32.79,33.18,1754899,0
20120111,33.40,33.99,33.13,33.39,3832240,0
20120112,33.95,33.95,32.82,33.08,2272807,0
20120113,32.98,33.08,32.57,32.86,1594604,0
20120117,33.18,33.44,32.84,33.07,2592015,0
20120118,33.00,33.27,32.49,32.83,2410043,0
20120119,32.50,33.15,32.50,33.03,1382155,0
20120120,33.00,33.23,32.62,32.77,1197674,0
20120123,34.25,34.25,32.70,32.81,931346,0
20120124,33.00,33.00,32.60,32.68,938274,0
20120125,32.77,33.23,32.76,33.23,1722392,0
20120126,33.35,33.54,32.75,32.84,1551444,0
20120127,32.37,32.74,32.15,32.38,3173821,0
20120130,32.33,32.41,32.05,32.24,1966038,0
20120131,32.77,32.96,32.16,32.47,1454233,0
20120201,32.67,32.67,32.16,32.33,1672271,0
20120202,32.27,32.54,32.10,32.18,1911401,0
20120203,32.25,32.30,31.81,31.92,2519759,0
20120206,31.95,32.41,31.88,32.26,1468258,0
20120207,32.45,32.45,31.76,31.84,1989884,0
20120208,31.84,32.07,31.79,32.07,1927277,0
20120209,32.00,32.78,32.00,32.64,2126570,0
20120210,32.50,32.50,32.15,32.35,1370008,0
20120213,32.50,32.67,32.21,32.57,1779414,0
20120214,32.84,33.00,32.21,32.31,1861916,0
20120215,32.50,32.65,32.10,32.15,1761763,0
20120216,32.08,32.50,32.03,32.33,2754708,0
20120217,32.22,32.63,32.18,32.23,1682507,0
20120221,32.22,32.62,31.88,32.07,1455467,0
20120222,32.17,32.35,31.87,32.23,1516714,0
20120223,32.18,32.59,31.99,32.32,1642577,0
20120224,32.49,33.50,32.35,33.24,2454743,0
20120227,33.44,34.99,33.23,34.76,4081003,0
20120228,34.75,35.88,34.61,35.26,3277463,0
20120229,35.75,35.96,35.09,35.24,2984193,0
20120301,35.23,35.99,35.23,35.92,1653256,0
20120302,35.76,36.33,35.76,36.29,1780065,0
20120305,36.39,36.59,36.06,36.23,1814684,0
20120306,36.14,36.34,35.31,35.35,2116943,0
20120307,35.40,36.35,35.40,36.30,1907562,0
20120308,36.37,37.03,36.37,36.73,1591055,0
20120309,36.76,37.57,36.63,37.52,2193056,0
20120312,37.41,37.66,36.55,36.74,2319186,0
20120313,36.73,37.17,36.44,36.61,1389052,0
20120314,36.50,36.69,36.01,36.05,1443639,0
20120315,36.08,36.69,35.27,36.25,2376971,0
20120316,36.41,36.94,36.01,36.85,2916086,0
20120319,36.74,37.38,36.58,37.14,1924644,0
20120320,36.70,36.94,36.32,36.75,2414972,0
20120321,36.78,37.40,36.70,37.07,2414355,0
20120322,37.07,37.47,37.03,37.38,2160150,0
20120323,37.57,38.62,37.44,38.60,2682352,0
20120326,39.12,39.24,37.76,38.37,1726289,0
20120327,38.43,38.57,38.13,38.44,1987786,0
20120328,38.52,39.25,38.17,39.25,1912088,0
20120329,39.02,39.20,38.72,39.01,2361516,0
20120330,39.15,39.25,38.34,38.65,1842003,0
20120402,38.88,39.35,38.38,39.10,1652361,0
20120403,39.15,40.25,39.15,39.73,2893311,0
20120404,39.45,39.68,39.13,39.22,1796616,0
20120405,39.08,39.85,39.04,39.85,1665765,0
20120409,39.14,40.12,39.14,39.38,1090412,0
20120410,39.52,39.59,37.63,38.10,2748743,0
20120411,38.32,38.44,37.86,38.23,1762239,0
20120412,38.27,38.65,38.10,38.52,1055152,0
20120413,38.26,38.68,38.25,38.41,1022473,0
20120416,38.48,38.60,37.60,37.70,1600306,0
20120417,37.81,37.93,37.03,37.24,2121805,0
20120418,37.08,37.27,36.58,37.25,2528832,0
20120419,37.45,37.45,36.68,36.73,2381341,0
20120420,36.77,36.84,35.87,36.16,2567517,0
20120423,35.86,35.97,34.83,35.11,2330023,0
20120424,35.13,35.35,34.68,35.09,2097559,0
20120425,35.25,35.94,35.00,35.92,3095027,0
20120426,35.89,35.95,35.07,35.68,2140523,0
20120427,35.80,36.10,35.53,35.84,1585604,0
20120430,35.83,35.98,35.64,35.90,1516969,0
20120501,35.90,36.66,35.87,36.42,2260268,0
20120502,36.57,37.21,36.03,36.37,2889054,0
20120503,36.38,36.49,35.64,35.75,1107814,0
20120504,35.58,36.17,34.90,35.25,1763512,0
20120507,34.96,35.28,34.96,35.15,1436381,0
20120508,34.92,35.19,34.30,34.97,1923056,0
20120509,34.61,34.84,33.95,34.08,2498810,0
20120510,34.35,34.75,33.74,34.30,4070661,0
20120511,34.06,34.20,33.81,33.99,2209869,0
20120514,33.77,34.06,33.33,33.55,1527524,0
20120515,33.48,33.72,32.75,33.30,2980195,0
20120516,33.47,33.74,33.17,33.25,3188868,0
20120517,33.26,33.51,32.57,33.00,3496177,0
20120518,34.25,34.50,32.38,32.50,5466354,0
20120521,32.54,33.38,31.85,33.36,5497307,0
20120522,34.10,34.33,33.33,33.80,7045610,0
20120523,33.65,33.75,31.95,33.16,10049668,0
20120524,33.29,33.78,32.11,32.11,60743964,0
20120525,32.13,32.63,31.60,32.42,16245109,0
20120529,32.60,33.51,32.59,33.50,8961244,0
20120530,33.22,33.67,33.03,33.67,8314563,0
20120531,33.59,34.19,32.95,34.19,13709779,0
20120601,33.51,33.51,32.09,32.35,12540928,0
20120604,32.31,33.04,32.31,33.00,15116791,0
20120605,32.89,33.14,32.58,33.02,9080186,0
20120606,32.15,32.24,31.86,31.90,46187375,0
20120607,32.27,32.54,31.33,31.49,19309140,0
20120608,31.74,31.75,31.02,31.53,10234966,0
20120611,31.84,31.90,31.38,31.44,5920927,0
20120612,31.58,31.75,31.12,31.35,7379505,0
20120613,31.16,31.53,31.09,31.23,5343055,0
20120614,31.35,31.56,31.27,31.47,4858642,0
20120615,31.60,31.98,31.52,31.90,11359567,0
20120618,31.75,31.88,31.62,31.85,4673987,0
20120619,32.02,32.45,31.88,32.36,7773913,0
20120620,32.34,32.51,32.07,32.34,4377943,0
20120621,32.43,32.45,31.90,31.98,5633241,0
20120622,32.02,32.18,31.45,31.68,7199973,0
20120625,31.38,31.47,30.67,30.83,7966412,0
20120626,30.95,31.02,30.51,30.76,5500342,0
20120627,30.82,31.10,30.82,30.99,4640334,0
20120628,30.78,31.26,30.78,31.22,5550964,0
20120629,31.48,32.27,31.43,32.22,6563890,0
20120702,32.41,32.75,32.03,32.74,4980277,0
20120703,32.75,33.18,32.75,33.16,3212636,0
20120705,33.09,33.36,32.89,33.26,3961761,0
20120706,33.04,33.12,32.80,32.96,2520427,0
20120709,33.01,33.01,32.39,32.74,2950141,0
20120710,32.88,32.93,32.53,32.79,3523070,0
20120711,32.87,33.20,32.60,33.05,5081779,0
20120712,32.90,33.55,32.81,33.34,4864421,0
20120713,33.86,34.55,33.64,34.54,5885352,0
20120716,34.60,34.77,34.44,34.70,3707962,0
20120717,34.84,35.12,34.57,35.04,4492654,0
20120718,34.93,35.42,34.80,35.39,4169503,0
20120719,35.47,35.54,34.69,35.25,24890137,0
20120720,35.09,35.39,34.92,34.99,24093378,0
20120723,34.59,34.95,34.46,34.86,22700539,0
20120724,35.00,35.31,34.54,34.87,2702283,0
20120725,35.01,35.26,34.92,35.26,3300915,0
20120726,35.59,35.87,35.32,35.72,4061821,0
20120727,35.55,35.95,35.19,35.81,3376441,0
20120730,35.97,36.00,35.73,35.83,3369907,0
20120731,35.90,36.03,35.62,35.81,3397519,0
20120801,35.97,36.02,35.56,35.74,3427462,0
20120802,35.42,35.78,35.15,35.40,3402069,0
20120803,35.89,36.10,35.63,35.89,3725555,0
20120806,35.96,36.34,35.88,36.17,3052283,0
20120807,36.20,36.63,36.02,36.43,3409843,0
20120808,36.43,36.56,36.08,36.14,2191811,0
20120809,36.01,36.19,35.69,35.81,3079275,0
20120810,34.84,34.92,34.48,34.64,27166536,0
20120813,34.66,34.84,34.62,34.73,9380531,0
20120814,34.80,34.84,34.69,34.77,9048716,0
20120815,34.81,34.94,34.45,34.49,5917520,0
20120816,34.96,35.07,34.41,34.47,6780609,0
20120817,34.32,34.42,33.67,34.22,7936874,0
20120820,34.83,34.99,34.52,34.86,5833440,0
20120821,34.98,35.10,34.80,34.97,5505264,0
20120822,34.93,35.09,34.73,34.97,3560874,0
20120823,34.93,34.99,34.82,34.85,2646136,0
20120824,34.75,35.30,34.75,35.29,3397298,0
20120827,35.40,35.50,35.22,35.28,2559419,0
20120828,35.17,35.27,35.02,35.23,3560888,0
20120829,35.34,35.54,35.11,35.44,2342546,0
20120830,35.43,35.59,35.26,35.44,3149785,0
20120831,35.57,35.85,35.45,35.77,6413582,0
20120904,35.80,35.85,35.50,35.68,3678034,0
20120905,35.67,35.77,35.42,35.50,3197032,0
20120906,35.67,35.81,35.61,35.74,4501749,0
20120907,35.92,35.97,35.40,35.84,4819494,0
20120910,35.83,35.92,35.68,35.76,3866942,0
20120911,35.80,35.88,35.72,35.75,2782657,0
20120912,35.92,35.93,35.63,35.67,2656497,0
20120913,35.70,36.08,35.70,35.97,5212276,0
20120914,36.07,36.40,36.02,36.23,4384643,0
20120917,36.29,36.50,36.16,36.24,9701845,0
20120918,36.16,36.23,35.93,36.05,2288813,0
20120919,36.16,36.28,35.91,35.95,2146388,0
20120920,35.90,35.95,35.47,35.66,3267301,0
20120921,35.68,35.82,35.62,35.70,6094405,0
20120924,35.93,36.05,35.78,35.80,4046719,0
20120925,35.87,35.98,35.52,35.53,3190204,0
20120926,35.53,35.55,35.11,35.15,3320327,0
20120927,35.22,35.70,35.17,35.66,3602298,0
20120928,35.49,35.73,35.36,35.52,3243499,0
20121001,35.72,35.79,35.35,35.45,3422448,0
20121002,35.52,35.66,35.24,35.50,3338059,0
20121003,35.54,36.06,35.51,36.04,3664905,0
20121004,36.13,36.39,36.06,36.25,3485634,0
20121005,36.35,36.50,35.91,36.04,3149718,0
20121008,36.00,36.05,35.39,35.56,3498936,0
20121009,35.61,35.78,35.06,35.08,5160037,0
20121010,35.12,35.17,34.79,35.16,3986607,0
20121011,35.25,35.34,35.04,35.09,3029144,0
20121012,34.15,34.78,34.15,34.50,40813297,0
20121015,34.63,34.91,34.36,34.89,14695195,0
20121016,35.13,35.62,35.00,35.52,7760026,0
20121017,35.60,35.82,35.55,35.77,5370526,0
20121018,35.93,36.13,35.70,35.87,5859159,0
20121019,35.75,35.85,34.92,34.97,7235454,0
20121022,35.01,35.15,34.61,34.75,5570597,0
20121023,34.50,34.59,34.16,34.38,6494053,0
20121024,34.50,34.75,34.42,34.56,4966381,0
20121025,34.76,35.06,34.62,35.06,6674862,0
20121026,35.04,35.05,34.47,34.70,5857278,0
20121031,34.74,35.04,34.30,34.71,5803480,0
20121101,34.77,34.90,34.35,34.58,4854045,0
20121102,34.78,34.88,34.00,34.11,12409231,0
20121105,34.06,34.10,33.77,33.89,4839685,0
20121106,34.07,34.29,33.89,34.16,3876802,0
20121107,33.94,33.99,33.23,33.34,5555956,0
20121108,33.31,33.47,32.90,32.94,3668979,0
20121109,32.82,32.84,32.47,32.58,5668898,0
20121112,32.75,32.85,32.42,32.53,3812012,0
20121113,32.29,32.79,32.01,32.24,4345452,0
20121114,32.30,32.66,32.10,32.12,6792137,0
20121115,32.20,32.42,32.01,32.03,6968272,0
20121116,32.07,32.41,31.92,32.30,7519498,0
20121119,32.69,33.60,32.67,33.48,7662411,0
20121120,33.41,33.55,33.30,33.46,3592313,0
20121121,33.54,33.65,33.36,33.46,2739643,0
20121123,33.56,33.91,33.41,33.72,1620269,0
20121126,33.61,33.77,33.55,33.68,2798881,0
20121127,33.65,33.89,33.38,33.76,4495663,0
20121128,33.55,34.13,33.02,34.12,5276618,0
20121129,34.28,34.52,34.10,34.22,3953228,0
20121130,33.68,34.25,33.68,33.81,8458277,0
20121203,34.06,34.22,33.72,33.90,4028364,0
20121204,33.80,34.05,33.76,33.92,3453895,0
20121205,34.04,34.12,33.72,33.83,4377958,0
20121206,33.90,34.00,33.61,33.63,4849398,0
20121207,33.77,34.04,33.56,33.58,5609982,0
20121210,33.60,33.96,33.55,33.65,3578528,0
20121211,33.70,33.73,33.31,33.63,4261217,0
20121212,33.75,33.99,33.52,33.72,6022249,0
20121213,33.68,33.98,33.32,33.80,4437324,0
20121214,33.70,33.97,33.57,33.72,4071903,0
20121217,33.82,34.48,33.80,34.46,5229641,0
20121218,34.53,35.39,34.41,35.29,11743713,0
20121219,35.36,35.49,35.01,35.24,4114917,0
20121220,35.27,35.48,35.06,35.47,3951271,0
20121221,35.13,35.50,34.71,35.34,5060607,0
20121224,35.22,35.39,35.00,35.03,1392855,0
20121226,35.10,35.24,34.55,34.75,2584204,0
20121227,34.82,35.04,34.30,34.77,2900781,0
20121228,34.56,34.98,34.49,34.62,2760722,0
20121231,34.64,35.34,34.49,35.33,2766806,0
20130102,35.82,36.56,35.74,36.53,5594251,0
20130103,36.58,37.08,36.58,36.98,5574765,0
20130104,36.98,37.01,36.56,36.71,5350051,0
20130107,36.68,37.34,36.62,37.32,5111319,0
20130108,37.26,37.35,37.00,37.34,3636348,0
20130109,37.36,37.38,36.93,37.12,4059884,0
20130110,37.32,37.37,36.93,37.10,5543279,0
20130111,37.31,37.31,36.94,37.06,3721585,0
20130114,37.07,37.25,36.91,36.94,3289570,0
20130115,36.84,36.92,36.68,36.84,2970095,0
20130116,36.64,36.83,36.54,36.60,4388977,0
20130117,37.13,37.70,37.03,37.24,6123390,0
20130118,37.38,37.41,36.66,37.41,4698514,0
20130122,37.33,37.81,37.31,37.79,4336534,0
20130123,37.83,37.88,37.44,37.58,3946377,0
20130124,37.67,37.85,37.19,37.23,2605316,0
20130125,37.52,37.71,37.14,37.25,13174455,0
20130128,37.55,37.73,37.34,37.53,14002576,0
20130129,37.38,37.53,37.17,37.30,13342723,0
20130130,37.38,38.21,37.34,37.73,6233032,0
20130131,37.85,37.85,37.24,37.46,9132472,0
20130201,37.74,37.78,37.25,37.49,7241874,0
20130204,37.40,37.47,36.56,36.58,5493517,0
20130205,36.73,37.48,36.70,37.38,4759066,0
20130206,37.25,37.47,37.17,37.27,10241028,0
20130207,37.38,37.93,37.32,37.77,4982416,0
20130208,37.72,38.17,37.41,37.60,6391066,0
20130211,37.57,37.75,37.50,37.65,2927392,0
20130212,37.59,37.82,37.35,37.74,2674901,0
20130213,37.82,37.91,37.68,37.80,1976674,0
20130214,37.62,37.77,37.37,37.57,2910025,0
20130215,37.56,37.84,37.42,37.52,3856853,0
20130219,37.52,37.79,37.32,37.42,3850261,0
20130220,37.44,37.55,37.10,37.13,4938171,0
20130221,37.10,37.10,36.55,36.73,4219233,0
20130222,36.80,37.06,36.67,37.00,2112141,0
20130225,37.04,37.22,36.11,36.11,3751242,0
20130226,36.20,36.47,35.89,36.21,3535406,0
20130227,36.09,37.06,36.09,37.06,4729985,0
20130228,37.06,37.48,36.77,37.07,7573391,0
20130301,36.96,37.31,36.72,37.26,3194206,0
20130304,37.20,37.54,36.84,37.54,3216059,0
20130305,37.78,37.78,37.24,37.46,2709192,0
20130306,37.54,37.54,36.90,36.97,2916008,0
20130307,37.06,37.28,36.83,37.26,3201552,0
20130308,37.38,37.45,37.09,37.37,3082007,0
20130311,37.38,37.43,37.13,37.32,1826691,0
20130312,37.36,37.47,37.13,37.27,3452007,0
20130313,37.25,37.35,36.78,36.93,3112706,0
20130314,37.00,37.21,36.84,36.95,2930161,0
20130315,36.81,36.88,36.39,36.40,6782998,0
20130318,36.21,36.48,36.11,36.24,2696394,0
20130319,36.27,36.60,36.17,36.55,2420823,0
20130320,36.65,37.03,36.64,36.97,3558085,0
20130321,36.93,37.70,36.86,37.20,4955736,0
20130322,37.17,37.86,37.16,37.62,2849983,0
20130325,37.71,37.76,37.35,37.60,3859783,0
20130326,37.72,38.00,37.57,37.99,3271739,0
20130327,37.87,38.43,37.77,38.37,3478849,0
20130328,38.36,38.80,38.08,38.68,5110776,0
20130401,38.67,39.39,38.67,39.11,4330515,0
20130402,39.30,39.35,38.74,38.84,3672826,0
20130403,38.78,38.84,37.59,37.84,5636439,0
20130404,37.84,38.15,37.66,37.86,2887621,0
20130405,37.55,37.80,37.24,37.52,4467419,0
20130408,37.52,38.13,37.50,38.12,3495041,0
20130409,38.10,38.80,38.04,38.64,3845379,0
20130410,38.75,39.05,38.64,38.94,2679441,0
20130411,39.00,39.07,38.71,38.77,2688250,0
20130412,38.52,38.90,38.41,38.78,2734196,0
20130415,38.55,38.57,37.94,37.95,3355461,0
20130416,38.14,38.47,38.00,38.37,3331905,0
20130417,38.24,38.26,37.60,37.80,4556359,0
20130418,37.77,38.24,37.60,37.92,3858215,0
20130419,38.12,39.02,38.07,38.87,4680904,0
20130422,38.94,39.10,38.78,39.00,3285953,0
20130423,39.24,39.67,39.05,39.53,3081429,0
20130424,39.66,40.09,39.50,39.98,3676465,0
20130425,39.60,39.87,39.02,39.11,4393798,0
20130426,39.16,39.36,38.60,38.78,2820444,0
20130429,39.07,39.08,38.80,38.90,2298953,0
20130430,39.00,39.11,38.58,39.10,3120181,0
20130501,39.07,39.09,38.46,38.53,3204337,0
20130502,38.54,38.81,38.42,38.72,2812302,0
20130503,38.93,38.94,38.56,38.85,3943347,0
20130506,38.96,39.23,38.77,39.07,2878330,0
20130507,39.07,39.26,38.83,39.26,2628886,0
20130508,39.10,39.45,39.01,39.42,2434549,0
20130509,39.45,39.60,39.27,39.46,2804247,0
20130510,39.41,39.54,39.31,39.45,2177664,0
20130513,39.45,39.60,39.18,39.49,1709698,0
20130514,39.59,39.98,39.49,39.98,3072990,0
20130515,39.94,40.42,39.91,40.20,2368968,0
20130516,40.24,40.27,39.85,39.92,2609384,0
20130517,39.92,40.48,39.92,40.48,3219691,0
20130520,40.48,41.10,40.42,41.05,3705708,0
20130521,41.05,41.49,40.94,41.09,3375789,0
20130522,41.05,41.48,40.85,40.99,2385326,0
20130523,40.59,40.63,40.15,40.45,3558940,0
20130524,40.29,40.76,40.13,40.58,1765514,0
20130528,40.99,41.04,40.36,40.42,2180770,0
20130529,40.26,40.26,39.36,39.58,3385351,0
20130530,39.54,39.75,38.60,39.00,3978429,0
20130531,38.96,39.09,37.98,37.98,5888442,0
20130603,38.01,38.37,37.80,38.36,2896483,0
20130604,38.27,38.43,37.75,37.93,2294244,0
20130605,37.74,37.96,37.41,37.81,4015237,0
20130606,37.88,38.95,37.72,38.94,4740838,0
20130607,39.17,39.61,38.66,39.54,2961857,0
20130610,39.70,39.73,38.81,38.88,2589567,0
20130611,38.55,38.56,38.00,38.19,3089769,0
20130612,38.49,38.59,37.43,37.63,3821829,0
20130613,37.63,38.03,36.95,37.96,5421336,0
20130614,38.02,38.60,37.74,38.42,2959607,0
20130617,38.67,38.94,38.43,38.59,3678582,0
20130618,38.51,38.74,38.32,38.57,2764050,0
20130619,38.55,38.90,38.05,38.06,3272919,0
20130620,37.70,37.73,36.10,36.30,8171936,0
20130621,36.83,36.83,35.89,36.28,6989422,0
20130624,36.10,36.93,35.52,36.56,5197867,0
20130625,36.95,37.49,36.88,37.16,6179194,0
20130626,37.50,37.73,37.26,37.57,3416557,0
20130627,37.71,38.33,37.65,38.27,3737589,0
20130628,38.23,38.79,37.92,38.15,10669290,0
20130701,38.39,38.90,38.10,38.63,3693201,0
20130702,38.74,38.74,38.08,38.28,4656358,0
20130703,38.11,38.44,37.87,38.42,1331800,0
20130705,38.47,38.51,37.91,38.44,2068439,0
20130708,38.52,38.98,38.52,38.97,2275759,0
20130709,39.09,39.57,38.97,39.52,3179417,0
20130710,39.58,39.72,39.09,39.32,2411699,0
20130711,39.75,40.00,39.47,39.95,3107671,0
20130712,39.87,40.11,39.67,40.07,2027662,0
20130715,39.96,40.36,39.88,40.31,2451741,0
20130716,40.23,40.45,39.59,39.75,1953280,0
20130717,39.99,40.29,39.54,39.58,3998221,0
20130718,39.96,40.10,39.47,39.52,4029543,0
20130719,39.57,39.74,39.32,39.55,2754945,0
20130722,39.63,39.70,39.42,39.51,3302671,0
20130723,39.58,39.68,38.96,39.30,5155543,0
20130724,39.34,39.37,38.60,38.76,4200940,0
20130725,38.76,38.98,38.55,38.87,5695114,0
20130726,38.80,38.86,38.44,38.71,3452427,0
20130729,38.21,38.28,38.05,38.20,2899300,0
20130730,38.40,38.43,37.78,37.92,5085120,0
20130731,38.19,38.26,37.71,37.76,6053734,0
20130801,38.05,38.17,37.85,37.91,7488406,0
20130802,38.00,38.00,37.32,37.65,6543278,0
20130805,37.58,37.68,37.35,37.65,3575645,0
20130806,37.65,38.24,37.54,38.17,4894979,0
20130807,37.98,38.09,37.76,37.89,3142546,0
20130808,37.94,38.01,37.60,37.75,4890901,0
20130809,37.76,37.80,37.50,37.60,3235609,0
20130812,37.50,37.56,37.04,37.40,4859094,0
20130813,37.50,37.56,36.88,37.14,4018976,0
20130814,37.10,37.39,37.08,37.32,2984275,0
20130815,37.21,37.78,37.04,37.61,3862416,0
20130816,37.51,37.71,37.21,37.44,4740974,0
20130819,37.31,37.40,36.62,36.63,4343130,0
20130820,36.56,37.05,36.35,36.94,5019606,0
20130821,36.94,37.20,36.76,36.93,2670699,0
20130822,37.10,37.24,36.87,37.12,2481132,0
20130823,37.19,37.26,36.94,37.23,3088304,0
20130826,37.31,37.45,36.87,37.00,3542108,0
20130827,36.81,37.18,36.76,37.12,2975861,0
20130828,37.11,37.32,36.87,37.11,2541318,0
20130829,37.06,37.84,36.82,37.84,5132872,0
20130830,38.00,38.05,37.68,37.93,5491167,0
20130903,38.18,38.29,37.26,37.57,5927407,0
20130904,37.22,37.34,35.29,35.30,24874395,0
20130905,35.31,35.67,34.82,35.50,18160494,0
20130906,35.63,36.24,35.21,35.22,9955772,0
20130909,35.46,36.37,35.40,36.33,10750377,0
20130910,36.33,37.06,36.01,37.05,8375769,0
20130911,37.08,37.17,35.72,36.01,8211103,0
20130912,35.82,36.32,35.61,35.61,4975656,0
20130913,35.61,35.80,34.97,35.08,7509428,0
20130916,35.30,35.53,34.71,34.72,6753343,0
20130917,34.75,34.92,34.54,34.72,7178304,0
20130918,35.59,36.30,35.25,36.26,11145968,0
20130919,36.39,36.88,36.36,36.78,7275325,0
20130920,36.83,36.90,36.02,36.21,10813838,0
20130923,36.09,36.20,35.89,36.04,2758733,0
20130924,35.98,36.34,35.95,36.19,2816892,0
20130925,36.28,36.32,35.85,35.97,3836873,0
20130926,35.99,36.20,35.85,35.98,2453052,0
20130927,35.88,36.10,35.74,35.84,3313537,0
20130930,35.65,35.72,35.34,35.57,4493213,0
20131001,35.63,36.13,35.49,36.10,3881774,0
20131002,35.97,36.00,35.34,35.85,3871780,0
20131003,35.72,35.76,35.11,35.37,4079306,0
20131004,35.40,35.64,35.18,35.40,3650642,0
20131007,35.15,35.21,34.75,35.02,5043607,0
20131008,35.00,35.06,34.58,34.59,3667812,0
20131009,34.60,34.86,34.50,34.79,3989601,0
20131010,35.06,35.29,34.86,35.28,3483085,0
20131011,35.13,35.60,34.98,35.49,3424563,0
20131014,35.40,35.46,35.06,35.26,5822145,0
20131015,35.15,35.43,34.96,35.05,6115026,0
20131016,35.36,35.68,35.19,35.62,5417409,0
20131017,35.52,35.58,34.67,35.22,8872104,0
20131018,35.38,35.51,35.19,35.33,8480100,0
20131021,35.47,35.54,35.26,35.42,7039620,0
20131022,35.53,36.30,35.26,36.21,8437662,0
20131023,36.19,36.25,35.77,35.95,5051818,0
20131024,36.05,36.44,35.96,36.40,14562166,0
20131025,36.45,36.68,36.30,36.49,14529198,0
20131028,36.58,36.60,36.00,36.10,21593791,0
20131029,35.92,36.04,35.57,35.78,3921192,0
20131030,35.90,35.90,35.28,35.56,3295256,0
20131031,35.49,35.57,35.16,35.31,3760965,0
20131101,35.24,35.44,34.94,35.31,3329447,0
20131104,35.43,35.48,34.69,35.23,4964680,0
20131105,35.00,35.26,34.97,35.11,3681507,0
20131106,35.25,35.26,34.94,35.16,4229090,0
20131107,35.20,35.30,34.72,34.78,4744769,0
20131108,34.76,35.00,34.50,35.00,4242882,0
20131111,35.03,35.08,34.63,34.70,2584960,0
20131112,34.73,34.90,34.55,34.60,2956760,0
20131113,34.55,34.59,34.35,34.53,4260297,0
20131114,34.57,35.24,34.53,35.02,4001259,0
20131115,35.20,35.35,35.01,35.35,4422048,0
20131118,35.33,35.79,35.22,35.62,5199062,0
20131119,35.50,35.61,35.14,35.27,5325232,0
20131120,35.26,35.57,35.16,35.28,3473076,0
20131121,35.42,35.45,35.21,35.28,2372061,0
20131122,35.28,35.58,35.20,35.52,2670495,0
20131125,35.56,36.08,35.53,35.92,3154812,0
20131126,35.92,35.95,35.67,35.86,4763825,0
20131127,35.82,36.27,35.67,35.84,3789780,0
20131129,35.83,36.04,35.46,35.54,2441327,0
20131202,35.54,35.69,34.93,35.20,3241440,0
20131203,35.11,35.17,34.89,35.04,3944325,0
20131204,34.62,34.62,32.87,33.43,18345986,0
20131205,33.41,33.44,32.82,32.98,10308841,0
20131206,33.18,33.77,33.05,33.51,8214638,0
20131209,33.46,33.76,33.30,33.35,5421451,0
20131210,33.30,33.35,32.86,32.89,8173457,0
20131211,32.90,32.94,32.53,32.58,6803110,0
20131212,32.55,32.99,32.30,32.88,8266451,0
20131213,32.87,33.07,32.62,32.83,5012622,0
20131216,33.02,33.02,32.58,32.68,7588900,0
20131217,32.68,33.60,32.62,33.43,11155410,0
20131218,33.50,34.48,33.45,34.33,11788986,0
20131219,34.28,35.01,33.92,34.76,8860410,0
20131220,34.86,35.22,34.47,35.22,7365900,0
20131223,35.35,35.78,35.25,35.49,4446445,0
20131224,35.56,35.62,35.35,35.51,2278858,0
20131226,35.62,35.81,35.59,35.71,3119992,0
20131227,35.80,35.94,35.52,35.91,2083092,0
20131230,35.98,36.35,35.95,36.21,3588896,0
20131231,36.31,36.51,35.93,36.00,4907662,0
20140102,35.99,36.25,35.75,35.91,4214292,0
20140103,35.91,36.11,35.75,35.97,2736435,0
20140106,36.06,36.10,35.58,35.95,3854035,0
20140107,36.04,36.26,35.94,36.19,3168600,0
20140108,36.31,36.34,35.85,36.00,2977152,0
20140109,36.18,36.26,35.76,35.91,5884168,0
20140110,36.07,36.20,35.80,35.90,3981241,0
20140113,35.89,35.96,35.45,35.47,4100211,0
20140114,35.73,35.78,35.43,35.50,8893408,0
20140115,35.50,35.68,35.44,35.49,6340882,0
20140116,35.61,35.88,35.44,35.55,8401560,0
20140117,35.60,35.67,35.50,35.57,8486519,0
20140121,35.96,35.96,35.68,35.74,6741435,0
20140122,35.91,36.45,35.75,36.39,7546493,0
20140123,36.23,36.30,35.81,36.04,5692625,0
20140124,35.83,35.90,35.42,35.47,6046270,0
20140127,35.76,35.84,35.38,35.66,6743592,0
20140128,35.57,35.96,35.53,35.89,5712817,0
20140129,35.15,35.16,33.65,34.10,13418340,0
20140130,34.71,34.71,34.26,34.32,5677283,0
20140131,33.98,34.49,33.60,34.01,6404503,0
20140203,34.06,34.19,33.25,33.32,9047849,0
20140204,33.50,33.82,33.30,33.66,7952544,0
20140205,33.50,33.58,33.01,33.24,5314005,0
20140206,33.25,33.80,33.18,33.63,5342510,0
20140207,33.90,34.08,33.70,33.99,5682073,0
20140210,33.97,33.97,33.46,33.79,4661399,0
20140211,33.91,34.10,33.85,33.94,6610505,0
20140212,33.95,34.14,33.71,33.83,4010278,0
20140213,33.74,33.93,33.56,33.66,5474593,0
20140214,33.70,33.87,33.54,33.78,4395323,0
20140218,33.81,33.93,33.63,33.71,4523496,0
20140219,33.70,33.77,33.08,33.15,5968638,0
20140220,33.33,33.37,32.85,33.23,8088235,0
20140221,33.38,33.55,33.01,33.03,6384612,0
20140224,32.28,32.61,31.45,32.10,24357825,0
20140225,32.27,33.12,32.21,32.89,14892716,0
20140226,32.90,32.93,32.08,32.17,10362882,0
20140227,32.05,32.30,31.78,31.87,10291011,0
20140228,31.94,32.01,31.71,31.85,8645811,0
20140303,31.72,31.78,31.49,31.64,7994662,0
20140304,31.90,32.18,31.79,32.05,6804003,0
20140305,32.30,32.55,32.16,32.20,6326186,0
20140306,32.44,32.49,32.24,32.29,5284516,0
20140307,32.43,32.47,31.97,32.00,9107904,0
20140310,32.02,32.17,31.75,31.80,6721078,0
20140311,31.70,31.91,31.53,31.59,10245928,0
20140312,31.48,31.60,31.27,31.29,11107129,0
20140313,31.31,31.48,30.93,30.96,10796613,0
20140314,31.05,31.90,31.00,31.70,7393430,0
20140317,31.77,31.79,31.15,31.68,6366936,0
20140318,31.68,31.85,31.54,31.56,3639164,0
20140319,31.63,31.67,30.98,31.06,5843662,0
20140320,30.95,31.49,30.81,31.48,4707987,0
20140321,31.73,31.79,31.13,31.15,7637863,0
20140324,31.32,31.62,31.18,31.39,4438691,0
20140325,31.45,31.63,31.37,31.61,4612869,0
20140326,31.69,32.03,31.68,31.84,6137064,0
20140327,31.84,32.39,31.76,32.30,5989588,0
20140328,32.46,32.48,32.04,32.14,4773011,0
20140331,32.24,32.59,32.04,32.49,4057452,0
20140401,32.60,32.89,32.38,32.88,4153345,0
20140402,32.83,32.89,32.67,32.81,3101289,0
20140403,32.94,33.01,32.79,32.96,3221576,0
20140404,33.11,33.41,32.90,33.02,4207717,0
20140407,32.98,33.00,32.21,32.24,5076215,0
20140408,32.32,33.08,32.24,33.05,5535126,0
20140409,33.08,33.09,32.55,32.92,8765691,0
20140410,32.92,33.25,32.53,32.68,4469833,0
20140411,32.63,32.85,32.21,32.29,4518065,0
20140414,32.69,32.69,32.24,32.44,4283837,0
20140415,32.39,32.93,32.30,32.90,5423398,0
20140416,33.10,33.35,33.01,33.31,5409824,0
20140417,32.61,33.95,32.52,33.77,9640056,0
20140421,33.91,33.98,33.15,33.40,5303883,0
20140422,33.44,33.59,33.16,33.45,4672841,0
20140423,33.55,33.98,33.48,33.61,5404196,0
20140424,33.72,33.89,33.60,33.68,5201860,0
20140425,33.69,33.69,33.00,33.00,7112823,0
20140428,32.72,32.94,32.26,32.38,6946077,0
20140429,32.63,33.20,32.50,33.02,5545941,0
20140430,32.93,32.95,32.59,32.66,4696936,0
20140501,32.71,32.77,32.30,32.60,5955723,0
20140502,32.59,32.88,32.55,32.72,5151383,0
20140505,32.55,32.86,32.55,32.74,3949020,0
20140506,32.87,32.93,32.38,32.55,6673017,0
20140507,32.71,32.86,32.57,32.78,4042636,0
20140508,32.78,33.05,32.44,32.52,4613955,0
20140509,32.50,32.62,32.10,32.15,4493332,0
20140512,32.36,32.56,32.10,32.38,5592401,0
20140513,32.41,32.52,32.29,32.44,4153075,0
20140514,32.55,33.36,32.52,33.17,5335151,0
20140515,33.75,33.83,33.01,33.45,10398617,0
20140516,33.50,33.70,33.30,33.45,10347649,0
20140519,33.39,33.52,33.13,33.32,7084095,0
20140520,33.32,33.41,33.15,33.25,5729392,0
20140521,33.30,33.49,33.23,33.44,3863226,0
20140522,33.48,33.95,33.48,33.77,4875466,0
20140523,33.98,33.98,33.49,33.68,3851891,0
20140527,33.75,33.81,33.51,33.60,3855747,0
20140528,33.72,33.77,33.29,33.59,10312691,0
20140529,33.66,33.74,33.48,33.60,4361357,0
20140530,33.50,33.54,33.26,33.39,8651610,0
20140602,33.45,33.80,33.33,33.72,4220413,0
20140603,33.68,33.89,33.55,33.82,6188910,0
20140604,33.93,34.27,33.83,34.05,5532533,0
20140605,34.21,34.76,34.15,34.62,5876339,0
20140606,34.87,35.28,34.70,35.08,5741328,0
20140609,35.10,35.39,34.96,35.06,4041490,0
20140610,34.97,35.19,34.90,35.07,3965859,0
20140611,34.96,35.05,34.81,34.90,2874003,0
20140612,34.90,35.00,34.76,34.91,4304989,0
20140613,34.96,35.20,34.83,35.19,3011278,0
20140616,35.22,35.51,35.00,35.38,5432802,0
20140617,35.38,35.48,34.95,34.97,7209576,0
20140618,35.00,35.17,34.62,35.07,6755936,0
20140619,35.10,35.40,34.89,35.40,7082245,0
20140620,35.66,36.50,35.51,36.03,9455240,0
20140623,36.04,36.04,35.71,36.01,5985427,0
20140624,36.07,36.33,36.04,36.11,6369378,0
20140625,35.93,36.00,35.53,35.97,6107859,0
20140626,35.93,36.02,35.65,36.00,3003450,0
20140627,35.97,36.20,35.90,36.04,10016291,0
20140630,36.12,36.37,35.95,36.26,4035195,0
20140701,36.30,36.32,35.90,36.05,6227510,0
20140702,36.10,36.21,35.73,35.75,4721808,0
20140703,35.90,35.97,35.54,35.65,2896314,0
20140707,35.57,35.71,35.51,35.61,3861257,0
20140708,35.56,35.64,35.20,35.53,3771191,0
20140709,35.60,35.80,35.38,35.79,6420862,0
20140710,35.50,35.78,35.36,35.68,2876936,0
20140711,35.63,35.72,35.45,35.63,3084736,0
20140714,35.80,36.17,35.73,35.97,2930911,0
20140715,35.96,36.21,35.81,36.17,4175437,0
20140716,36.15,36.94,36.01,36.91,8753899,0
20140717,36.10,37.36,35.95,36.81,10018848,0
20140718,36.98,37.59,36.80,37.55,7546428,0
20140721,37.55,37.68,37.29,37.61,6287435,0
20140722,37.75,38.05,37.63,37.65,4267779,0
20140723,37.75,37.81,37.60,37.70,3799516,0
20140724,37.89,37.95,37.63,37.88,5757526,0
20140725,37.84,38.02,37.73,37.90,2874209,0
20140728,37.95,37.95,37.55,37.79,3365537,0
20140729,37.39,37.64,37.13,37.17,4167543,0
20140730,37.32,37.59,36.98,37.30,4308365,0
20140731,37.12,37.18,35.97,35.98,8244351,0
20140801,35.96,35.99,35.21,35.49,5792675,0
20140804,35.61,36.35,35.37,36.25,4080797,0
20140805,36.07,36.16,35.50,35.54,3442462,0
20140806,35.54,35.92,35.41,35.56,3232948,0
20140807,35.70,35.84,35.20,35.37,3542185,0
20140808,35.53,36.15,35.43,36.12,3215206,0
20140811,42.41,42.49,37.62,39.37,139982544,0
20140812,38.94,39.20,38.08,38.73,39601056,0
20140813,38.73,39.11,37.86,38.77,29509722,0
20140814,39.15,39.95,38.84,39.88,26751115,0
20140815,40.67,41.50,40.38,41.43,40444302,0
20140818,41.16,41.28,40.83,41.14,27730847,0
20140819,40.95,41.56,40.89,41.42,20096619,0
20140820,41.41,41.82,41.24,41.60,13097532,0
20140821,41.53,41.60,41.17,41.25,10361416,0
20140822,41.16,41.18,40.62,40.81,9569757,0
20140825,40.86,41.07,40.31,40.53,15445278,0
20140826,40.65,40.66,39.98,40.06,10889196,0
20140827,40.13,40.15,39.50,39.93,13834846,0
20140828,39.80,39.91,39.60,39.77,12654918,0
20140829,39.82,40.48,39.68,40.26,13658245,0
20140902,40.31,40.31,39.75,39.86,9045701,0
20140903,39.98,40.02,39.53,39.57,10088559,0
20140904,39.57,39.59,38.87,39.05,10051696,0
20140905,39.11,39.40,38.92,39.31,7936811,0
20140908,39.26,39.26,38.53,38.66,8173143,0
20140909,38.66,39.03,38.29,38.30,14335100,0
20140910,38.33,38.48,38.23,38.39,11401342,0
20140911,38.23,38.45,38.07,38.35,8893593,0
20140912,38.30,38.39,37.43,37.76,10707136,0
20140915,37.70,37.79,37.50,37.71,8778612,0
20140916,37.66,38.54,37.60,38.25,11788283,0
20140917,38.27,38.44,37.94,38.13,8430574,0
20140918,38.19,38.25,37.80,38.00,6828252,0
20140919,38.22,38.34,37.90,37.97,13637253,0
20140922,37.85,37.85,37.34,37.50,8138011,0
20140923,37.72,38.31,37.66,38.21,14896949,0
20140924,38.15,38.60,37.80,38.48,11922613,0
20140925,38.46,38.55,37.63,37.72,10188579,0
20140926,37.80,38.67,37.51,38.39,7823477,0
20140929,38.18,38.59,37.90,38.53,8322648,0
20140930,38.53,38.58,38.06,38.34,8795613,0
20141001,38.35,38.61,38.10,38.20,9321645,0
20141002,38.50,39.52,38.30,39.39,19068615,0
20141003,39.48,39.60,38.80,38.86,12287863,0
20141006,38.99,39.05,38.48,38.72,6837869,0
20141007,38.56,39.03,38.23,38.25,8353134,0
20141008,38.22,38.33,37.37,38.26,13280439,0
20141009,38.20,38.37,36.68,36.70,15887025,0
20141010,36.64,37.33,35.63,36.47,18427451,0
20141013,36.49,37.16,35.43,35.50,14891758,0
20141014,35.51,35.87,33.46,34.50,30043929,0
20141015,33.94,35.62,33.25,35.29,23249403,0
20141016,34.70,37.31,34.52,36.82,30303955,0
20141017,37.32,37.87,36.37,36.81,16617750,0
20141020,36.95,37.59,36.82,37.57,8710222,0
20141021,37.98,38.36,37.68,38.31,15430101,0
20141022,38.34,38.80,37.89,37.92,16867333,0
20141023,38.68,39.21,38.41,38.68,14333604,0
20141024,38.72,39.10,38.26,39.03,11025108,0
20141027,38.91,39.08,38.50,38.93,9966922,0
20141028,39.19,39.26,38.75,39.17,10585180,0
20141029,38.89,39.08,37.84,38.33,9884024,0
20141030,38.16,38.81,38.08,38.54,9894057,0
20141031,38.83,38.93,38.40,38.70,14157179,0
20141103,38.72,38.92,38.38,38.50,13379133,0
20141104,38.28,38.28,37.28,37.46,12330807,0
20141105,37.61,38.13,37.20,38.10,12767919,0
20141106,38.10,38.61,37.72,38.53,19672206,0
20141107,38.50,39.00,38.42,38.75,16004064,0
20141110,38.88,38.98,38.35,38.50,14236357,0
20141111,38.58,38.85,38.29,38.54,12002208,0
20141112,38.41,38.79,38.35,38.53,16220493,0
20141113,38.44,38.84,38.17,38.38,22025226,0
20141114,38.42,39.56,38.35,39.37,19616250,0
20141117,39.34,40.46,39.23,40.25,21588007,0
20141118,40.20,40.86,40.17,40.41,20728451,0
20141119,40.29,41.00,40.23,40.94,22296576,0
20141120,40.66,41.45,39.91,39.92,52560835,0
20141121,40.08,40.42,39.44,39.75,58602523,0
20141124,40.08,41.01,39.99,40.79,29887972,0
20141125,41.50,41.74,40.74,40.75,36331645,0
20141126,40.86,42.41,40.66,42.32,251563883,0
20141128,41.38,42.35,41.01,41.35,38714200,0
20141201,41.15,41.35,39.91,40.94,63805632,0
20141202,40.82,41.80,40.54,41.62,32261702,0
20141203,41.67,42.16,41.50,41.83,58148454,0
20141204,41.56,41.80,41.01,41.46,39244252,0
20141205,41.91,41.91,41.08,41.12,37490766,0
20141208,40.98,41.08,39.50,39.84,31483969,0
20141209,39.55,40.79,39.42,40.65,27811141,0
20141210,40.22,40.23,39.22,39.44,27681623,0
20141211,39.52,40.22,39.52,39.88,24181191,0
20141212,39.29,39.86,38.88,39.17,21666360,0
20141215,39.37,39.85,38.10,38.28,24830527,0
20141216,37.87,39.09,37.06,38.07,27586407,0
20141217,38.43,39.99,38.36,39.89,23025344,0
20141218,40.56,40.75,39.56,40.56,21714624,0
20141219,40.95,41.75,40.69,41.63,52574885,0
20141222,40.59,41.58,40.50,41.55,16284328,0
20141223,41.83,41.97,41.62,41.91,12496891,0
20141224,41.89,42.09,41.67,42.01,5083674,0
20141226,42.06,42.81,42.04,42.70,11263985,0
20141229,42.69,43.18,42.60,43.01,13006005,0
20141230,43.00,43.18,42.44,42.50,10105903,0
20141231,42.64,42.88,42.21,42.31,8255656,0
20150102,42.44,42.87,42.27,42.81,8662289,0
20150105,42.32,42.69,41.42,41.65,15811108,0
20150106,41.25,41.55,40.22,40.83,20023006,0
20150107,41.08,41.65,40.97,41.37,12045879,0
20150108,41.54,42.60,41.47,42.34,15461199,0
20150109,42.41,42.50,41.53,41.81,10290542,0
20150112,41.60,42.00,41.15,41.61,12522865,0
20150113,41.61,41.92,40.57,40.89,14166540,0
20150114,40.43,41.28,40.22,41.22,13330471,0
20150115,41.59,41.71,40.60,40.77,10391816,0
20150116,40.86,41.58,40.72,41.53,8760796,0
20150120,41.79,41.91,41.25,41.82,8786193,0
20150121,41.95,42.18,41.82,42.00,10657602,0
20150122,42.38,42.93,41.71,42.08,16916386,0
20150123,42.50,42.54,41.97,42.27,11256384,0
20150126,42.59,42.65,42.01,42.27,9304898,0
20150127,42.17,42.50,42.15,42.43,9409799,0
20150128,42.47,42.50,41.21,41.36,14269521,0
20150129,41.01,41.03,39.95,40.71,14249851,0
20150130,40.32,41.52,40.20,41.05,14652693,0
20150202,41.36,41.69,40.34,41.62,13584524,0
20150203,41.91,41.97,41.17,41.48,15759897,0
20150204,41.26,41.33,40.70,40.80,12786318,0
20150205,41.30,41.59,41.08,41.49,9426825,0
20150206,41.65,41.74,41.28,41.41,8198999,0
20150209,41.43,41.60,40.99,41.20,8192301,0
20150210,41.30,41.58,41.00,41.55,7945548,0
20150211,41.38,41.65,41.00,41.21,8115394,0
20150212,41.56,41.82,41.33,41.76,8276879,0
20150213,41.92,41.99,41.70,41.97,8533143,0
20150217,41.98,42.25,41.76,42.10,9040642,0
20150218,41.84,42.22,41.80,42.20,7872355,0
20150219,41.77,42.13,41.77,42.01,7892556,0
20150220,41.88,42.03,41.58,41.87,9709989,0
20150223,41.72,42.03,41.62,42.03,7653290,0
20150224,42.03,42.33,41.86,42.17,7879355,0
20150225,42.17,42.31,42.02,42.11,7227005,0
20150226,42.00,42.03,41.01,41.22,10869232,0
20150227,41.23,41.37,40.81,41.01,10644276,0
20150302,41.02,41.28,40.77,40.83,10911286,0
20150303,40.95,41.20,40.53,41.09,7825982,0
20150304,41.01,41.07,40.69,41.04,7788148,0
20150305,40.93,41.19,40.78,40.84,5595075,0
20150306,40.64,40.76,40.25,40.41,8754933,0
20150309,40.31,40.53,40.03,40.09,9103781,0
20150310,39.85,40.25,39.68,40.09,9492568,0
20150311,40.02,40.10,39.70,39.81,8420923,0
20150312,39.93,39.93,39.56,39.77,7540809,0
20150313,39.54,39.96,39.45,39.92,8330668,0
20150316,39.78,40.76,39.72,40.62,11276998,0
20150317,40.61,40.88,40.27,40.83,10133171,0
20150318,40.98,41.82,40.77,41.56,12009995,0
20150319,41.48,41.66,41.26,41.53,8100076,0
20150320,41.52,42.12,41.49,42.12,21224803,0
20150323,42.02,42.30,41.75,42.15,8867871,0
20150324,42.21,42.25,41.20,41.22,9430466,0
20150325,41.50,41.68,41.12,41.13,9229059,0
20150326,41.50,41.59,41.10,41.28,6586581,0
20150327,41.21,41.58,41.12,41.27,7034100,0
20150330,41.96,42.21,41.76,42.07,11577822,0
20150331,41.88,42.28,41.72,42.06,10712741,0
20150401,42.45,42.45,41.86,41.92,8302160,0
20150402,41.81,42.00,41.56,41.72,6200287,0
20150406,41.71,42.15,41.59,41.97,5481993,0
20150407,41.98,42.21,41.89,41.99,6913033,0
20150408,41.81,42.38,41.76,42.05,7602880,0
20150409,41.96,42.35,41.92,42.34,7730475,0
20150410,42.36,42.95,42.25,42.93,12245527,0
20150413,42.92,43.10,42.84,42.98,10172180,0
20150414,42.97,43.10,42.84,43.01,8755773,0
20150415,43.04,43.51,43.04,43.43,12075816,0
20150416,43.32,44.09,43.03,43.68,15156208,0
20150417,43.40,44.00,43.32,43.90,13205692,0
20150420,44.02,44.40,43.49,43.71,11344771,0
20150421,43.76,44.05,43.56,43.61,7973127,0
20150422,43.76,44.20,43.40,44.07,7393230,0
20150423,44.15,44.67,44.10,44.57,11688281,0
20150424,44.71,44.71,44.21,44.34,6702770,0
20150427,44.45,44.52,43.91,44.11,8314825,0
20150428,43.60,43.70,43.08,43.20,10311705,0
20150429,43.15,43.22,42.77,43.07,9974289,0
20150430,43.17,43.19,42.72,42.95,9123854,0
20150501,43.01,43.15,42.75,43.13,6668314,0
20150504,43.24,43.34,42.81,42.83,6317037,0
20150505,42.96,42.99,42.57,42.65,5769908,0
20150506,42.81,42.94,42.51,42.67,6358288,0
20150507,42.52,43.03,42.30,42.66,7628846,0
20150508,42.84,43.06,42.72,43.03,6884324,0
20150511,42.99,43.00,42.43,42.64,5453390,0
20150512,42.49,42.83,42.27,42.70,7106777,0
20150513,42.84,42.91,41.94,42.16,11285889,0
20150514,42.27,42.50,42.07,42.14,6944314,0
20150515,42.31,42.65,42.22,42.62,8516661,0
20150518,42.63,42.91,42.50,42.83,6951814,0
20150519,42.72,42.99,42.64,42.86,5859306,0
20150520,42.87,42.87,42.38,42.59,6005046,0
20150521,42.72,42.88,42.50,42.66,5862539,0
20150522,42.35,42.86,42.25,42.69,5626848,0
20150526,42.50,42.50,41.94,42.09,7409404,0
20150527,42.02,42.14,41.81,41.99,8585350,0
20150528,41.81,41.84,41.51,41.62,9250265,0
20150529,41.48,41.74,41.42,41.49,9531679,0
20150601,41.37,41.47,41.12,41.29,8953575,0
20150602,41.33,41.43,40.92,41.29,8267568,0
20150603,41.19,41.19,40.74,40.87,9184373,0
20150604,40.60,40.79,40.09,40.10,14621440,0
20150605,40.08,40.76,39.77,40.40,12104285,0
20150608,40.24,40.69,40.13,40.20,6453253,0
20150609,40.06,40.40,40.02,40.24,7012171,0
20150610,40.49,40.52,40.16,40.23,8036629,0
20150611,40.17,40.18,39.75,39.78,11938190,0
20150612,38.91,39.42,38.33,38.92,27761565,0
20150615,38.39,39.60,38.39,39.36,15535631,0
20150616,39.46,39.71,39.10,39.49,11661004,0
20150617,39.68,39.74,39.23,39.52,12392979,0
20150618,39.64,40.25,39.44,40.08,15194289,0
20150619,39.91,39.96,39.51,39.54,16779670,0
20150622,39.80,40.28,39.54,39.65,15374599,0
20150623,39.71,39.81,39.36,39.43,10056158,0
20150624,39.42,39.68,39.25,39.45,10459509,0
20150625,39.50,39.60,38.92,38.98,9188066,0
20150626,38.88,39.30,38.56,38.96,35917876,0
20150629,38.74,39.11,38.33,38.36,12289459,0
20150630,38.62,38.70,38.35,38.39,10812448,0
20150701,38.45,38.52,37.74,37.98,10625002,0
20150702,38.43,38.50,37.92,38.03,8738957,0
20150706,37.62,37.90,37.19,37.50,9553625,0
20150707,37.54,37.84,37.10,37.74,12956919,0
20150708,37.66,37.88,37.16,37.30,10496651,0
20150709,37.54,37.92,37.48,37.50,9087113,0
20150710,37.65,38.17,37.61,38.09,8792392,0
20150713,38.28,38.58,38.04,38.19,10243343,0
20150714,37.87,38.39,37.80,38.02,10260573,0
20150715,37.90,38.22,37.48,37.58,10426813,0
20150716,37.84,38.02,37.24,37.40,13587632,0
20150717,37.21,37.25,36.45,36.89,13944494,0
20150720,36.88,36.89,36.25,36.30,12922680,0
20150721,36.24,36.24,35.56,35.84,17693129,0
20150722,35.72,35.83,35.25,35.36,15381008,0
20150723,35.31,35.50,34.65,34.95,16306965,0
20150724,34.97,35.26,34.76,34.85,13054284,0
20150727,34.65,35.41,34.12,35.22,18827745,0
20150728,35.51,35.92,35.13,35.57,17220805,0
20150729,34.90,35.28,34.59,35.24,19895320,0
20150730,35.27,35.39,34.89,35.03,12778514,0
20150731,34.87,35.15,34.57,34.64,14217882,0
20150803,34.35,34.38,33.71,33.75,19066462,0
20150804,33.89,34.02,33.45,33.66,12619264,0
20150805,33.78,34.09,32.19,32.24,25141194,0
20150806,32.01,32.74,31.09,32.69,24389887,0
20150807,32.53,32.82,32.06,32.14,13378192,0
20150810,32.23,32.62,32.15,32.50,16658866,0
20150811,32.28,32.95,32.06,32.89,15593028,0
20150812,32.59,34.06,32.59,33.85,21248285,0
20150813,33.81,33.87,32.97,33.14,11537895,0
20150814,34.26,34.30,33.85,33.96,17777147,0
20150817,34.01,34.81,33.96,34.36,15873007,0
20150818,34.43,34.44,33.71,33.94,11529987,0
20150819,33.81,33.98,33.17,33.58,13184421,0
20150820,33.35,33.49,32.69,32.69,13786249,0
20150821,32.50,32.75,31.79,31.79,17683642,0
20150824,29.55,31.44,28.50,30.28,21738007,0
20150825,31.50,31.54,29.93,29.93,17602157,0
20150826,30.27,30.91,29.86,30.79,16906290,0
20150827,31.38,32.17,31.10,32.00,18991715,0
20150828,32.00,33.07,32.00,32.63,16668080,0
20150831,32.44,32.83,31.73,32.41,19084637,0
20150901,31.82,32.09,31.07,31.39,17001524,0
20150902,31.77,31.77,30.75,31.31,13794325,0
20150903,31.47,31.79,30.91,31.08,12123136,0
20150904,30.78,31.03,30.60,30.77,12082506,0
20150908,31.04,31.21,30.66,31.09,13803624,0
20150909,31.34,31.53,30.60,30.64,11298645,0
20150910,30.74,30.93,30.33,30.50,11384753,0
20150911,30.26,30.30,29.81,30.10,13886571,0
20150914,29.99,30.17,29.70,29.86,9674122,0
20150915,29.86,30.22,29.86,30.19,10595434,0
20150916,30.38,30.78,30.31,30.69,14039866,0
20150917,30.75,31.28,30.56,30.83,15865728,0
20150918,30.41,30.88,30.30,30.38,30589803,0
20150921,30.51,30.87,30.34,30.67,9636814,0
20150922,30.31,30.64,29.95,30.11,9837594,0
20150923,30.18,30.25,29.05,29.06,13009847,0
20150924,29.01,29.39,28.36,29.34,24926570,0
20150925,29.61,29.68,29.11,29.42,13195262,0
20150928,29.17,29.26,27.54,27.55,21313198,0
20150929,27.63,27.81,25.81,26.16,31528603,0
20150930,26.97,27.73,26.45,27.68,28022275,0
20151001,28.22,28.42,27.69,28.13,17190727,0
20151002,27.89,29.64,27.76,29.63,21982664,0
20151005,30.01,31.09,29.95,30.95,20112709,0
20151006,30.99,31.84,30.93,31.78,16970339,0
20151007,32.04,32.74,31.52,32.14,20814527,0
20151008,32.15,32.89,31.79,32.68,13559612,0
20151009,32.78,32.87,32.06,32.35,11714216,0
20151012,32.43,32.48,31.81,32.29,10832410,0
20151013,32.03,32.28,31.45,31.48,11646833,0
20151014,31.42,31.81,31.19,31.73,10165469,0
20151015,31.86,32.32,31.18,32.23,8701456,0
20151016,32.57,32.79,31.78,32.21,9741788,0
20151019,31.68,32.11,31.14,31.72,11211210,0
20151020,31.50,32.04,31.32,31.93,9148107,0
20151021,31.94,32.20,31.31,31.42,12116600,0
20151022,29.64,30.32,28.92,29.75,42030312,0
20151023,29.71,29.75,28.96,29.23,19729339,0
20151026,28.07,28.54,27.48,27.56,41037486,0
20151027,27.30,27.52,26.96,27.28,28020035,0
20151028,27.35,27.80,27.27,27.74,23600051,0
20151029,27.25,27.55,27.07,27.20,15677070,0
20151030,27.34,27.49,26.60,27.35,19809227,0
20151102,26.36,27.12,26.28,26.62,26276220,0
20151103,26.66,27.78,26.43,27.51,20129943,0
20151104,27.52,27.64,26.45,26.81,22767459,0
20151105,26.80,27.00,25.57,25.91,23001095,0
20151106,25.66,26.09,25.20,26.06,23294598,0
20151109,26.14,26.30,25.40,25.56,15609741,0
20151110,25.55,25.76,25.31,25.45,13289326,0
20151111,25.41,25.48,24.23,24.40,24793094,0
20151112,24.15,24.15,23.39,23.46,26245111,0
20151113,23.45,23.81,22.57,23.35,26398742,0
20151116,23.35,24.07,23.31,24.03,20676075,0
20151117,24.05,24.07,23.11,23.36,18029889,0
20151118,23.48,24.33,23.47,24.30,25328828,0
20151119,24.20,24.31,23.46,23.66,16080979,0
20151120,23.70,23.91,23.35,23.39,19739905,0
20151123,23.48,24.09,23.27,23.67,17791022,0
20151124,23.69,24.43,23.62,24.41,24222203,0
20151125,24.30,24.62,24.00,24.10,15940227,0
20151127,23.98,24.09,23.80,23.87,7419657,0
20151130,23.82,23.99,23.51,23.57,21295130,0
20151201,23.60,23.62,22.36,22.42,29355602,0
20151202,22.18,22.19,20.39,20.66,67556579,0
20151203,20.61,20.66,19.14,19.26,73717276,0
20151204,18.91,19.00,16.56,16.82,153024495,0
20151207,15.66,16.59,15.13,16.42,137200173,0
20151208,15.29,16.16,15.06,15.72,159174852,0
20151209,16.03,17.35,15.90,16.81,196318067,0
20151210,16.55,17.45,16.50,17.01,77769270,0
20151211,16.48,17.08,16.03,16.66,85328064,0
20151214,16.31,16.49,15.50,16.00,70692884,0
20151215,16.10,16.47,15.81,15.84,46945298,0
20151216,15.73,16.22,15.64,15.94,41548582,0
20151217,15.86,15.94,15.11,15.37,42606067,0
20151218,15.37,15.60,15.01,15.14,59706528,0
20151221,15.07,15.18,14.22,15.14,42261482,0
20151222,15.03,15.92,15.03,15.32,34631228,0
20151223,15.57,16.59,15.52,16.41,49429337,0
20151224,16.36,16.66,15.92,16.08,16650569,0
20151228,15.79,15.83,15.16,15.26,28998321,0
20151229,15.47,15.75,14.91,15.10,31517823,0
20151230,14.60,15.15,14.47,14.54,35201582,0
20151231,14.40,15.05,14.40,14.92,30263072,0
20160104,14.89,15.50,14.83,15.27,33649598,0
20160105,15.35,15.65,14.99,15.58,29113929,0
20160106,15.16,15.28,14.62,14.77,28462612,0
20160107,14.46,14.86,14.13,14.25,27846822,0
20160108,14.52,15.05,14.16,14.77,29610992,0
20160111,14.87,14.92,13.90,14.16,31358954,0
20160112,14.31,14.61,12.93,13.60,46923148,0
20160113,13.81,14.09,12.75,12.95,41765424,0
20160114,13.06,14.05,12.95,13.98,37319026,0
20160115,13.06,13.55,12.78,13.00,41974699,0
20160119,13.17,13.41,12.21,12.55,34748929,0
20160120,12.05,12.26,11.20,12.01,49810425,0
20160121,12.83,14.62,12.47,13.88,69707230,0
20160122,14.92,15.82,14.65,15.34,62530767,0
20160125,15.14,15.73,14.18,14.19,36429253,0
20160126,14.40,15.16,14.10,14.97,31242906,0
20160127,14.69,15.30,14.07,14.22,39059218,0
20160128,15.17,15.70,14.89,15.29,44750744,0
20160129,15.57,16.47,15.48,16.45,44148220,0
20160201,15.97,16.05,14.91,15.19,39813667,0
20160202,14.76,14.87,14.40,14.65,29444027,0
20160203,14.87,15.65,14.31,15.61,30033525,0
20160204,15.70,16.20,15.32,15.66,31668453,0
20160205,15.43,15.71,15.04,15.66,22066491,0
20160208,14.94,15.12,13.99,14.92,39388656,0
20160209,14.60,15.40,14.19,14.61,26664177,0
20160210,14.56,15.09,14.03,14.60,22830532,0
20160211,14.06,14.55,13.26,13.96,34935590,0
20160212,14.25,14.97,14.23,14.96,21842136,0
20160216,15.54,15.80,15.34,15.62,26860792,0
20160217,17.46,17.62,16.77,17.18,56675110,0
20160218,17.78,17.95,17.07,17.89,38347198,0
20160219,17.61,17.61,17.02,17.37,27373592,0
20160222,17.92,18.14,17.65,17.90,25510466,0
20160223,17.80,17.90,17.35,17.42,19113202,0
20160224,16.96,17.77,16.72,17.71,20362937,0
20160225,17.46,17.91,17.23,17.75,17649951,0
20160226,18.12,18.21,17.71,17.76,19703250,0
20160229,17.98,18.48,17.82,18.09,25549793,0
20160301,18.28,18.30,17.81,18.11,19100426,0
20160302,18.05,18.70,17.82,18.62,25913832,0
20160303,18.58,19.00,18.35,18.90,30061855,0
20160304,19.08,19.32,18.07,18.52,32679624,0
20160307,18.58,18.92,18.50,18.79,26735721,0
20160308,18.63,18.69,17.80,17.80,22986867,0
20160309,18.08,18.52,17.88,17.99,19378923,0
20160310,18.10,18.10,17.35,17.71,29243658,0
20160311,18.05,19.01,18.05,18.62,28249275,0
20160314,18.38,18.84,18.19,18.74,19145246,0
20160315,18.53,18.56,17.67,18.07,17542735,0
20160316,18.22,19.01,18.20,18.89,24480859,0
20160317,19.04,19.11,18.78,18.84,18210565,0
20160318,19.20,19.20,18.55,18.73,29933338,0
20160321,18.71,18.77,18.18,18.36,14001752,0
20160322,18.21,18.65,18.21,18.50,16667070,0
20160323,18.47,18.63,17.71,17.75,21831871,0
20160324,17.36,18.09,17.00,18.09,22244137,0
20160328,18.11,18.13,17.59,17.81,11399896,0
20160329,17.53,17.77,17.19,17.65,19568022,0
20160330,17.94,18.18,17.84,17.86,23309002,0
20160331,17.75,17.97,17.51,17.86,20078209,0
20160401,17.41,17.51,17.05,17.31,19031370,0
20160404,17.32,17.58,17.09,17.19,15161428,0
20160405,17.14,17.30,16.84,17.01,17496142,0
20160406,17.20,17.73,17.11,17.60,17201114,0
20160407,17.49,17.81,17.44,17.53,13617507,0
20160408,17.92,18.11,17.76,17.94,13133916,0
20160411,18.02,18.13,17.78,17.79,11400395,0
20160412,17.89,18.89,17.78,18.76,23881501,0
20160413,18.87,18.87,18.43,18.56,14725135,0
20160414,18.75,18.75,18.39,18.50,13136661,0
20160415,18.29,18.50,18.06,18.16,14091397,0
20160418,17.62,18.56,17.50,18.50,15459552,0
20160419,18.66,19.40,18.56,19.16,26032199,0
20160420,19.01,19.33,18.67,19.00,26881052,0
20160421,18.95,19.04,18.10,18.16,26426900,0
20160422,18.28,18.41,18.06,18.12,18536698,0
20160425,18.10,18.11,17.40,17.49,25534626,0
20160426,17.73,17.99,17.55,17.90,15974630,0
20160427,18.06,18.68,17.98,18.29,20835250,0
20160428,18.10,18.13,17.58,17.66,17479499,0
20160429,17.74,18.03,17.43,17.76,14697110,0
20160502,17.73,17.76,17.30,17.59,12943624,0
20160503,17.28,17.40,16.95,17.26,15165244,0
20160504,17.25,17.47,16.85,17.15,15054942,0
20160505,17.40,17.69,17.03,17.14,14153992,0
20160506,16.99,17.35,16.83,16.85,17014139,0
20160509,16.85,17.05,16.63,17.01,17470805,0
20160510,17.09,17.39,17.00,17.18,13452272,0
20160511,17.12,17.28,16.84,17.06,14618035,0
20160512,17.25,17.34,16.92,17.03,12697785,0
20160513,16.94,17.37,16.93,17.13,11019450,0
20160516,17.34,17.48,17.09,17.22,15454611,0
20160517,17.27,17.96,17.12,17.67,23088229,0
20160518,17.65,17.72,16.91,17.04,17693832,0
20160519,16.93,17.37,16.82,17.26,13079431,0
20160520,17.41,17.83,17.32,17.75,15428893,0
20160523,17.53,17.73,17.41,17.43,11063769,0
20160524,17.50,17.56,17.12,17.32,11439307,0
20160525,17.49,17.95,17.47,17.84,12644395,0
20160526,18.02,18.07,17.63,17.92,17287708,0
20160527,17.78,17.91,17.46,17.85,13028785,0
20160531,17.86,18.25,17.85,18.08,16118959,0
20160601,17.85,18.06,17.75,17.96,12696525,0
20160602,17.82,18.00,17.72,17.96,9285484,0
20160603,17.97,18.14,17.75,17.99,9299696,0
20160606,18.15,18.63,18.14,18.57,17257999,0
20160607,18.70,18.75,18.44,18.46,13279858,0
20160608,18.59,18.60,18.08,18.12,13699963,0
20160609,17.95,18.13,17.75,18.08,12851836,0
20160610,17.85,17.94,17.47,17.51,12774540,0
20160613,17.24,17.72,17.21,17.38,11248037,0
20160614,17.27,17.58,17.07,17.49,11518870,0
20160615,17.45,17.99,17.34,17.65,13433457,0
20160616,17.43,17.66,17.09,17.60,11474419,0
20160617,17.79,18.04,17.70,18.04,16210824,0
20160620,18.32,18.37,18.01,18.10,16449771,0
20160621,18.04,18.95,18.03,18.79,26358058,0
20160622,18.80,18.92,18.42,18.51,13901505,0
20160623,18.71,18.90,18.53,18.90,11073184,0
20160624,17.85,18.42,17.85,17.99,26780706,0
20160627,17.67,17.82,17.16,17.40,21642942,0
20160628,17.69,17.90,17.39,17.71,16841494,0
20160629,17.90,18.75,17.85,18.53,25032121,0
20160630,18.51,18.73,18.32,18.72,16205639,0
20160701,18.68,18.80,18.58,18.70,14653490,0
20160705,18.46,18.52,18.00,18.29,13259678,0
20160706,18.16,18.31,17.95,18.29,16009780,0
20160707,18.41,18.68,18.16,18.40,12946882,0
20160708,18.62,18.72,18.35,18.54,13043354,0
20160711,19.00,19.35,18.86,19.22,21657832,0
20160712,19.50,20.07,19.40,19.81,19348868,0
20160713,19.90,20.24,19.67,20.21,22632736,0
20160714,20.30,21.11,20.25,20.90,32320981,0
20160715,21.03,21.11,20.77,21.03,15261623,0
20160718,21.00,21.90,20.86,21.76,25748050,0
20160719,21.77,22.00,21.42,21.94,19863402,0
20160720,21.81,22.31,21.55,22.09,27602877,0
20160721,21.20,21.63,20.76,20.95,36364449,0
20160722,21.03,21.37,20.85,21.22,24263354,0
20160725,21.09,21.13,20.83,20.86,14156456,0
20160726,20.75,21.10,20.58,20.73,14218691,0
20160727,20.81,20.92,20.20,20.25,17863405,0
20160728,20.13,20.29,19.90,20.22,13433240,0
20160729,20.13,20.37,19.95,20.33,16576351,0
20160801,20.09,20.15,19.49,19.56,18015733,0
20160802,19.81,20.00,19.46,19.79,12871751,0
20160803,19.85,20.13,19.63,20.13,13474911,0
20160804,20.07,20.25,19.85,20.12,9546864,0
20160805,20.20,20.45,20.13,20.36,9250798,0
20160808,20.52,21.00,20.48,20.78,10546487,0
20160809,20.79,20.99,20.40,20.45,9651148,0
20160810,20.59,20.96,20.40,20.46,11984226,0
20160811,20.52,20.90,20.52,20.88,9542194,0
20160812,20.90,21.39,20.85,21.07,13481800,0
20160815,21.27,21.48,21.22,21.30,14321396,0
20160816,21.38,22.08,21.27,21.78,21117862,0
20160817,21.70,21.97,21.46,21.75,16158406,0
20160818,22.15,22.79,22.01,22.71,22879077,0
20160819,22.55,22.60,22.19,22.28,10609926,0
20160822,22.03,22.17,21.59,21.92,12892971,0
20160823,21.96,22.32,21.92,22.09,13164839,0
20160824,22.00,22.14,21.69,21.81,12179278,0
20160825,21.76,21.86,21.43,21.51,12852150,0
20160826,21.59,21.83,21.38,21.47,10852839,0
20160829,21.39,21.80,21.23,21.77,10225439,0
20160830,21.85,21.95,21.70,21.91,9114724,0
20160831,21.50,21.91,21.41,21.85,13213109,0
20160901,21.76,21.79,21.31,21.61,12442338,0
20160902,21.80,22.04,21.73,21.92,7635626,0
20160906,22.03,22.41,21.76,22.40,13721670,0
20160907,22.46,22.75,22.17,22.70,13395226,0
20160908,22.84,23.00,22.44,22.69,32143260,0
20160909,22.48,22.48,22.12,22.12,20099741,0
20160912,21.71,22.60,21.45,22.40,22352063,0
20160913,22.12,22.32,21.68,21.86,17567615,0
20160914,21.71,22.01,21.46,21.55,19026251,0
20160915,21.67,21.92,21.54,21.56,13978018,0
20160916,21.28,21.62,21.22,21.47,30436572,0
20160919,21.67,22.22,21.53,21.90,17056262,0
20160920,21.98,22.14,21.87,21.88,14542448,0
20160921,22.09,22.23,21.97,22.14,17538842,0
20160922,22.34,22.44,22.03,22.11,13129624,0
20160923,22.04,22.47,21.87,21.94,15729138,0
20160926,22.00,22.36,21.71,21.78,11506778,0
20160927,21.60,21.90,21.43,21.83,15198117,0
20160928,21.96,22.76,21.62,22.74,18953547,0
20160929,22.72,23.20,22.48,22.76,15824773,0
20160930,22.89,23.19,22.60,23.13,15056338,0
20161003,23.18,23.36,22.86,23.01,9525917,0
20161004,22.67,22.95,22.21,22.26,12860899,0
20161005,22.57,22.69,22.37,22.38,11127828,0
20161006,22.49,22.63,22.06,22.09,11033324,0
20161007,22.17,22.17,21.57,21.68,15421948,0
20161010,21.84,21.96,21.37,21.42,14998918,0
20161011,21.35,21.38,20.79,20.82,18770425,0
20161012,20.77,21.08,20.72,20.75,16214053,0
20161013,20.65,20.78,20.29,20.55,22102334,0
20161014,20.82,21.06,20.36,20.36,15661846,0
20161017,20.36,20.57,20.14,20.19,13060446,0
20161018,20.39,20.46,19.97,20.18,13857677,0
20161019,20.37,20.74,20.22,20.71,25777369,0
20161020,21.40,21.45,20.90,21.19,32863605,0
20161021,21.06,21.17,20.57,21.11,23122112,0
20161024,21.30,21.64,21.12,21.62,19785143,0
20161025,21.67,21.73,21.29,21.32,17869638,0
20161026,21.15,21.62,20.95,21.49,14410254,0
20161027,21.60,21.65,20.97,20.97,15569045,0
20161028,20.81,20.99,20.37,20.43,19638831,0
20161031,20.40,20.60,20.30,20.43,14300786,0
20161101,20.62,20.65,19.96,20.20,13665073,0
20161102,19.95,19.96,19.43,19.71,18047682,0
20161103,19.74,19.94,19.57,19.93,11487391,0
20161104,19.88,20.18,19.79,19.87,9441040,0
20161107,20.07,20.32,20.02,20.17,9773353,0
20161108,20.02,20.50,20.00,20.41,8941508,0
20161109,20.31,21.46,20.23,21.32,24256425,0
20161110,21.49,21.98,21.41,21.53,22993199,0
20161111,21.70,21.77,20.48,20.65,16703735,0
20161114,20.60,21.07,20.58,20.97,13175719,0
20161115,21.50,21.85,21.34,21.83,15888564,0
20161116,21.67,21.71,21.11,21.29,9342434,0
20161117,21.45,21.61,21.34,21.38,8735987,0
20161118,21.42,21.76,21.40,21.67,11044374,0
20161121,21.96,22.04,21.86,22.03,13686542,0
20161122,22.01,22.04,21.70,21.89,13254586,0
20161123,21.75,22.03,21.75,21.80,8195867,0
20161125,21.80,21.83,21.58,21.81,3624877,0
20161128,21.80,21.81,21.38,21.43,11102391,0
20161129,21.28,21.41,21.05,21.40,12272929,0
20161130,22.31,22.55,21.88,22.20,29390259,0
20161201,22.40,22.45,21.45,21.49,14679858,0
20161202,21.45,21.70,21.34,21.36,11264323,0
20161205,21.22,21.65,21.16,21.46,15722988,0
20161206,21.27,21.34,20.61,21.12,24964361,0
20161207,21.16,21.29,20.94,21.29,17175223,0
20161208,21.29,21.29,21.01,21.20,11873619,0
20161209,21.20,21.23,21.02,21.09,12323294,0
20161212,21.31,21.72,21.21,21.28,14886957,0
20161213,21.38,21.44,21.06,21.34,14029614,0
20161214,21.20,21.38,20.80,20.82,13381225,0
20161215,20.79,21.14,20.75,21.02,13484507,0
20161216,21.05,21.40,20.94,21.34,24514878,0
20161219,21.30,21.35,20.96,21.01,8801641,0
20161220,21.08,21.14,20.72,20.77,15608460,0
20161221,20.80,21.21,20.72,21.17,15596331,0
20161222,21.01,21.23,20.90,20.99,10226039,0
20161223,20.93,21.21,20.81,21.13,8700604,0
20161227,21.11,21.25,21.05,21.14,9173226,0
20161228,21.15,21.44,20.72,20.73,12503559,0
20161229,20.72,20.90,20.71,20.76,7704190,0
20161230,20.71,20.82,20.62,20.71,10629302,0
20170103,20.92,21.63,20.88,21.61,16489432,0
20170104,21.67,21.74,21.45,21.72,8773316,0
20170105,21.79,21.84,21.46,21.69,10612786,0
20170106,21.71,21.91,21.58,21.81,9319312,0
20170109,21.56,21.88,21.42,21.64,10413002,0
20170110,21.74,21.80,21.49,21.57,14680201,0
20170111,21.56,21.97,21.52,21.94,10211489,0
20170112,22.00,22.22,21.74,22.19,14238979,0
20170113,22.09,22.49,22.00,22.42,16135560,0
20170117,22.50,22.68,22.43,22.55,14012179,0
20170118,22.46,22.62,22.32,22.44,14458264,0
20170119,22.00,22.75,21.86,22.47,16315259,0
20170120,22.73,22.94,22.36,22.49,17148888,0
20170123,22.56,22.59,22.08,22.14,12711527,0
20170124,22.32,22.73,22.18,22.62,12002569,0
20170125,22.62,22.70,22.22,22.60,19065038,0
20170126,22.64,22.75,22.40,22.42,9862823,0
20170127,22.42,22.47,22.20,22.38,10606992,0
20170130,22.22,22.26,21.83,21.98,11029297,0
20170131,22.01,22.35,21.88,22.34,9147317,0
20170201,22.48,22.56,22.05,22.23,9352841,0
20170202,22.32,22.65,22.22,22.65,11032608,0
20170203,22.65,23.01,22.56,22.94,10785175,0
20170206,22.92,22.97,22.47,22.50,8540758,0
20170207,22.40,22.54,22.04,22.12,10529625,0
20170208,22.02,22.43,21.82,22.41,11419051,0
20170209,22.45,22.75,22.35,22.38,13105819,0
20170210,22.58,22.71,22.44,22.48,20023809,0
20170213,22.43,22.55,22.31,22.55,10190380,0
20170214,22.61,22.64,22.39,22.54,8569896,0
20170215,22.41,22.49,22.21,22.27,11872662,0
20170216,22.28,22.28,21.75,21.79,17715717,0
20170217,21.75,21.89,21.58,21.77,14646566,0
20170221,21.82,22.10,21.79,21.99,10145536,0
20170222,21.80,21.85,21.46,21.51,10998594,0
20170223,21.74,21.80,21.45,21.54,11906548,0
20170224,21.40,21.53,21.12,21.24,12515520,0
20170227,21.31,21.45,21.20,21.40,11047845,0
20170228,21.29,21.44,21.21,21.31,9969400,0
20170301,21.51,21.95,21.41,21.77,11848137,0
20170302,21.56,21.91,21.53,21.85,8926796,0
20170303,21.85,21.98,21.65,21.75,8533973,0
20170306,21.69,21.86,21.54,21.76,7829728,0
20170307,21.76,21.80,21.56,21.63,9535453,0
20170308,21.62,21.96,21.19,21.29,18117878,0
20170309,21.14,21.37,20.82,21.27,12122894,0
20170310,21.40,21.60,21.30,21.50,10855908,0
20170313,21.45,21.66,21.41,21.51,8594433,0
20170314,21.22,21.29,20.95,21.04,9545594,0
20170315,21.30,21.71,21.20,21.66,11011115,0
20170316,21.66,21.70,21.36,21.56,7700444,0
20170317,21.61,21.74,21.26,21.28,14405548,0
20170320,21.10,21.23,20.99,21.19,10023893,0
20170321,21.25,21.42,20.74,20.94,16276832,0
20170322,20.92,21.16,20.71,20.98,12288223,0
20170323,21.02,21.26,20.98,21.15,10778064,0
20170324,21.15,21.44,21.09,21.15,10210018,0
20170327,20.97,21.14,20.86,21.03,8337076,0
20170328,21.13,21.45,21.05,21.42,9820911,0
20170329,21.35,21.50,21.22,21.41,12615115,0
20170330,21.49,21.69,21.38,21.43,14187889,0
20170331,21.41,21.77,21.35,21.74,13907483,0
20170403,21.74,21.82,21.32,21.59,7552989,0
20170404,21.66,21.68,21.42,21.64,7458293,0
20170405,21.79,21.92,21.45,21.47,9573518,0
20170406,21.56,21.88,21.44,21.75,11314937,0
20170407,21.75,21.83,21.53,21.56,8390489,0
20170410,21.65,21.85,21.63,21.75,7664032,0
20170411,21.72,21.73,21.46,21.61,8441461,0
20170412,21.64,21.73,21.49,21.66,9605198,0
20170413,21.67,21.85,21.35,21.39,9865276,0
20170417,21.40,21.49,21.32,21.37,7357694,0
20170418,21.22,21.40,21.16,21.16,16576429,0
20170419,21.17,21.29,20.91,20.98,11856227,0
20170420,20.89,21.18,20.56,20.72,20558922,0
20170421,20.73,20.75,20.22,20.27,18141527,0
20170424,20.44,20.66,20.38,20.63,13383563,0
20170425,20.62,20.95,20.46,20.90,11542330,0
20170426,20.82,21.22,20.80,20.92,10691676,0
20170427,20.65,20.83,20.51,20.62,8616503,0
20170428,20.73,20.74,20.53,20.63,10316615,0
20170501,20.61,20.67,20.48,20.54,8000881,0
20170502,20.59,20.72,20.43,20.45,9383603,0
20170503,20.40,20.57,20.27,20.28,12906979,0
20170504,20.20,20.28,19.60,19.76,16440196,0
20170505,19.80,20.23,19.76,20.19,9884555,0
20170508,20.19,20.26,19.93,20.15,9881417,0
20170509,20.14,20.29,19.84,19.90,14743650,0
20170510,20.01,20.44,19.93,20.19,18083496,0
20170511,20.21,20.28,20.00,20.11,11107915,0
20170512,20.12,20.14,19.87,19.91,10860677,0
20170515,20.21,20.29,19.89,19.90,12215284,0
20170516,19.96,20.04,19.77,19.80,9262396,0
20170517,19.73,19.79,19.50,19.50,10978549,0
20170518,19.49,19.63,19.32,19.45,14591737,0
20170519,19.55,19.76,19.42,19.52,15958224,0
20170522,19.63,19.65,19.43,19.51,7473111,0
20170523,19.53,19.63,19.46,19.52,10713052,0
20170524,19.53,19.76,19.17,19.37,17935230,0
20170525,19.36,19.79,19.29,19.42,15081776,0
20170526,19.32,19.39,19.19,19.25,10475495,0
20170530,18.97,19.00,18.40,18.42,20200312,0
20170531,18.38,18.95,18.31,18.76,25332138,0
20170601,18.77,19.09,18.72,18.99,18123631,0
20170602,18.95,19.02,18.89,18.95,15632501,0
20170605,18.90,19.03,18.83,18.96,12502018,0
20170606,18.90,18.94,18.62,18.80,10396910,0
20170607,18.75,18.92,18.57,18.68,13538216,0
20170608,18.60,18.90,18.60,18.76,12625500,0
20170609,18.75,19.15,18.75,19.08,11446788,0
20170612,19.19,19.39,19.06,19.13,13912442,0
20170613,19.18,19.30,19.13,19.23,10053052,0
20170614,19.21,19.24,18.83,18.96,13734761,0
20170615,18.92,19.03,18.77,18.81,10248216,0
20170616,18.99,19.20,18.85,19.19,16112529,0
20170619,19.19,19.27,19.01,19.06,7169653,0
20170620,18.90,18.92,18.45,18.52,13964113,0
20170621,18.55,18.83,18.46,18.51,13817360,0
20170622,18.49,18.70,18.40,18.58,13035877,0
20170623,18.56,18.83,18.56,18.79,10714139,0
20170626,18.78,18.96,18.74,18.88,11196013,0
20170627,18.97,19.08,18.87,18.91,10553594,0
20170628,19.00,19.18,18.86,19.02,13048017,0
20170629,19.09,19.25,18.93,19.04,11998836,0
20170630,19.15,19.25,18.98,19.16,13034600,0
20170703,19.17,19.65,19.17,19.52,6358775,0
20170705,19.44,19.48,19.21,19.31,8669470,0
20170706,19.36,19.43,19.10,19.13,7189152,0
20170707,19.13,19.21,18.92,19.17,7365186,0
20170710,19.09,19.16,18.98,19.08,7183461,0
20170711,19.06,19.23,18.97,19.22,9271603,0
20170712,19.35,19.50,19.25,19.41,9497555,0
20170713,19.41,19.45,19.28,19.33,5927434,0
20170714,19.38,19.62,19.33,19.54,10701762,0
20170717,19.55,19.67,19.50,19.55,8329549,0
20170718,19.60,19.61,19.36,19.50,7203295,0
20170719,19.50,19.69,19.43,19.67,10420462,0
20170720,20.65,21.25,20.35,20.56,34813103,0
20170721,20.51,20.79,20.42,20.69,17070830,0
20170724,20.69,20.70,20.26,20.33,13265284,0
20170725,20.55,20.60,20.21,20.25,10153779,0
20170726,20.27,20.60,20.21,20.34,11232004,0
20170727,20.23,20.47,20.13,20.47,13094147,0
20170728,20.40,20.56,20.28,20.40,7682447,0
20170731,20.44,20.51,20.20,20.43,9687514,0
20170801,20.47,20.47,20.27,20.35,8449095,0
20170802,20.20,20.35,20.15,20.33,6268547,0
20170803,20.27,20.34,20.15,20.23,8986315,0
20170804,20.27,20.29,20.15,20.20,6071995,0
20170807,20.15,20.20,20.07,20.15,7177850,0
20170808,20.01,20.14,19.71,19.75,10587456,0
20170809,19.75,19.80,19.59,19.75,10680043,0
20170810,19.77,19.85,19.32,19.39,12089840,0
20170811,19.32,19.42,18.98,19.07,8612628,0
20170814,19.19,19.28,18.96,19.03,8107125,0
20170815,19.02,19.03,18.78,18.85,9785177,0
20170816,18.89,18.97,18.67,18.71,8460375,0
20170817,18.65,18.68,18.39,18.40,9062932,0
20170818,18.37,18.66,18.23,18.55,11593869,0
20170821,18.58,18.62,18.44,18.55,12272055,0
20170822,18.56,18.84,18.54,18.79,8245090,0
20170823,18.73,19.13,18.72,19.01,8394840,0
20170824,19.01,19.12,18.90,19.05,7708403,0
20170825,19.12,19.26,19.06,19.17,7981740,0
20170828,19.21,19.22,18.94,19.01,7887048,0
20170829,18.92,19.04,18.89,19.02,8202006,0
20170830,19.01,19.21,18.92,19.07,9498280,0
20170831,19.13,19.40,19.09,19.33,11783160,0
20170901,19.33,19.44,19.10,19.36,14322540,0
20170905,19.40,19.60,19.23,19.35,10753912,0
20170906,19.14,19.49,19.13,19.33,12714306,0
20170907,19.33,19.37,19.10,19.14,6834783,0
20170908,19.10,19.18,18.95,19.14,7987622,0
20170911,19.22,19.55,19.20,19.44,8813814,0
20170912,19.44,19.54,19.30,19.36,5994105,0
20170913,19.36,19.48,19.29,19.44,5356755,0
20170914,19.38,19.58,19.32,19.34,7746436,0
20170915,19.40,19.41,19.23,19.36,9389560,0
20170918,19.36,19.48,19.28,19.39,8201304,0
20170919,19.44,19.60,19.36,19.56,7370833,0
20170920,19.60,19.85,19.56,19.77,11068704,0
20170921,19.75,19.75,19.23,19.32,9822515,0
20170922,19.29,19.37,19.12,19.27,7744187,0
20170925,19.36,19.75,19.29,19.69,9568877,0
20170926,19.61,19.67,19.45,19.52,8493856,0
20170927,19.53,19.54,19.24,19.33,6868497,0
20170928,19.29,19.31,19.16,19.31,8348992,0
20170929,19.28,19.35,19.11,19.18,8608119,0
20171002,19.06,19.15,18.96,19.10,9306097,0
20171003,19.10,19.11,18.85,18.85,12888499,0
20171004,18.85,18.91,18.67,18.82,10162858,0
20171005,18.85,19.13,18.82,19.10,11233870,0
20171006,18.95,19.06,18.80,19.02,10325037,0
20171009,19.02,19.17,19.00,19.03,5429122,0
20171010,19.10,19.15,18.94,18.95,6775534,0
20171011,18.98,19.07,18.94,19.05,9210154,0
20171012,18.92,19.00,18.79,18.88,6865279,0
20171013,19.00,19.01,18.75,18.76,6925382,0
20171016,18.91,18.94,18.74,18.81,7248277,0
20171017,18.64,18.75,18.53,18.68,12676864,0
20171018,18.62,18.74,18.47,18.58,17764036,0
20171019,18.51,18.77,18.42,18.65,16386626,0
20171020,18.75,18.76,18.38,18.42,9884134,0
20171023,18.36,18.40,18.04,18.12,13564752,0
20171024,18.17,18.31,18.05,18.27,17485003,0
20171025,18.19,18.29,17.84,17.96,16666219,0
20171026,18.01,18.11,17.87,18.00,14228279,0
20171027,17.90,18.31,17.82,18.03,15775610,0
20171030,17.97,18.25,17.92,18.10,10533047,0
20171031,18.07,18.15,17.91,18.11,13609268,0
20171101,18.25,18.38,18.05,18.13,10473643,0
20171102,18.07,18.12,17.73,17.80,12134643,0
20171103,17.80,17.84,17.59,17.74,13010405,0
20171106,17.81,18.13,17.80,18.08,11652901,0
20171107,18.12,18.21,17.96,18.04,8635861,0
20171108,18.01,18.09,17.91,18.00,8975947,0
20171109,17.90,18.03,17.82,17.91,9957639,0
20171110,17.86,17.90,17.65,17.67,8873111,0
20171113,17.64,17.69,17.41,17.46,9368096,0
20171114,17.42,17.54,17.27,17.43,14797574,0
20171115,17.25,17.30,17.00,17.03,18274065,0
20171116,17.05,17.10,16.81,16.83,14828323,0
20171117,16.83,17.03,16.70,17.01,11572496,0
20171120,16.98,17.17,16.93,17.06,9828115,0
20171121,17.15,17.17,16.81,16.87,9894224,0
20171122,16.92,17.20,16.92,17.10,8684414,0
20171124,17.18,17.39,17.16,17.19,4953079,0
20171127,17.15,17.17,16.84,16.96,11890865,0
20171128,17.00,17.20,16.92,17.03,12862831,0
20171129,17.00,17.08,16.68,16.76,20502390,0
20171130,16.77,17.26,16.77,17.23,25427305,0
20171201,17.30,17.45,17.19,17.41,14269222,0
20171204,17.40,17.50,17.24,17.25,16009729,0
20171205,17.27,17.35,17.07,17.14,13633274,0
20171206,17.09,17.24,16.89,17.11,14803126,0
20171207,17.11,17.44,17.06,17.36,16415274,0
20171208,17.42,17.85,17.38,17.79,20836758,0
20171211,17.76,18.12,17.75,17.96,14040683,0
20171212,17.99,18.03,17.72,17.75,12396689,0
20171213,17.76,17.93,17.73,17.85,12427299,0
20171214,17.80,17.99,17.78,17.84,12308567,0
20171215,17.91,18.15,17.90,17.93,20405058,0
20171218,17.99,18.19,17.97,18.00,13028102,0
20171219,18.10,18.14,17.90,17.92,9697977,0
20171220,17.93,17.93,17.68,17.76,15846430,0
20171221,17.72,18.10,17.65,18.07,13045331,0
20171222,18.03,18.14,18.02,18.05,7962292,0
20171226,18.05,18.18,18.05,18.11,7329878,0
20171227,18.13,18.19,18.05,18.12,7867386,0
20171228,18.14,18.33,18.10,18.31,8314940,0
20171229,18.31,18.34,18.06,18.07,10295617,0
20180102,18.32,18.84,18.19,18.80,12552188,0
20180103,18.87,19.00,18.70,18.96,12905726,0
20180104,18.99,19.10,18.86,19.01,12609570,0
20180105,19.07,19.08,18.75,18.95,10983952,0
20180108,18.90,18.98,18.80,18.86,10740654,0
20180109,18.85,19.00,18.82,18.94,9902664,0
20180110,19.00,19.06,18.88,18.88,11622722,0
20180111,18.80,19.22,18.75,19.20,16146062,0
20180112,19.24,19.66,19.16,19.52,14983626,0
20180116,19.67,19.83,19.38,19.39,19256287,0
20180117,19.52,19.64,19.32,19.57,18394797,0
20180118,19.50,19.52,18.77,19.01,32513918,0
20180119,19.04,19.20,18.89,19.01,16820384,0
20180122,19.05,19.64,19.01,19.63,14728024,0
20180123,19.66,19.71,19.40,19.45,19578897,0
20180124,19.52,19.56,19.13,19.14,16466843,0
20180125,19.20,19.32,18.79,18.82,16393874,0
20180126,18.98,18.99,18.69,18.77,15521815,0
20180129,18.77,18.83,18.57,18.71,14562664,0
20180130,18.50,18.54,18.22,18.23,18139442,0
20180131,18.27,18.38,17.95,17.98,17556879,0
20180201,18.02,18.08,17.81,18.06,13399430,0
20180202,17.90,17.93,17.46,17.50,17163849,0
20180205,17.28,17.48,16.57,16.81,22820911,0
20180206,16.60,17.38,16.56,17.33,25994940,0
20180207,17.30,17.54,17.23,17.29,17943861,0
20180208,17.33,17.56,16.80,16.80,16477211,0
