DATE, OPEN, HIGH, LOW, CLOSE, VOL, p
20111215,25.00,25.23,23.51,24.20,42261341,0
20111216,24.45,24.80,23.51,24.10,3998809,0
20111219,24.50,25.09,24.31,24.88,3246130,0
20111220,25.02,25.76,25.02,25.45,1710133,0
20111221,25.64,26.78,25.46,26.55,2501413,0
20111222,26.45,27.49,26.45,27.27,1145376,0
20111223,27.52,27.52,26.84,27.00,979762,0
20111227,27.15,27.33,26.88,27.20,535096,0
20111228,27.58,27.58,27.09,27.41,595256,0
20111229,27.50,27.50,27.22,27.22,260313,0
20111230,27.31,27.35,27.11,27.25,307616,0
20120103,27.25,27.53,27.00,27.15,726445,0
20120104,27.19,27.26,26.36,26.40,726898,0
20120105,26.07,27.06,25.50,26.45,785014,0
20120106,26.45,26.72,25.95,26.00,1680709,0
20120109,25.87,26.27,25.87,26.20,635076,0
20120110,26.47,26.63,26.24,26.42,926734,0
20120111,26.29,26.60,26.13,26.14,759666,0
20120112,26.47,26.47,25.75,26.10,599668,0
20120113,25.93,26.56,25.93,26.56,613290,0
20120117,26.78,28.55,26.75,28.05,2405402,0
20120118,28.11,28.85,27.95,28.40,902788,0
20120119,28.69,28.80,28.50,28.68,699088,0
20120120,28.75,29.61,28.72,29.35,1809668,0
20120123,29.71,29.88,28.75,29.76,831609,0
20120124,30.22,30.25,29.21,29.50,1218553,0
20120125,29.76,30.50,29.65,30.50,919832,0
20120126,30.58,30.65,29.28,29.78,688585,0
20120127,29.74,30.13,29.40,29.85,890023,0
20120130,29.86,29.95,29.32,29.84,307145,0
20120131,29.95,31.37,29.45,30.95,1919803,0
20120201,31.00,31.74,30.76,31.30,745010,0
20120202,31.57,32.00,31.38,31.67,1047175,0
20120203,31.81,32.82,31.81,32.51,936880,0
20120206,32.64,33.81,32.39,33.13,1030657,0
20120207,33.31,33.78,32.65,32.66,1001930,0
20120208,32.98,33.33,31.75,33.21,1187443,0
20120209,33.71,34.24,33.13,33.97,1025385,0
20120210,33.51,33.82,33.38,33.47,896075,0
20120213,34.20,34.87,33.02,33.61,2769898,0
20120214,39.49,43.00,39.25,42.85,11285469,0
20120215,43.47,44.97,41.88,42.85,5557120,0
20120216,42.75,43.81,41.51,42.25,1622370,0
20120217,42.35,42.70,41.75,41.82,752030,0
20120221,42.07,42.11,40.17,41.10,1417293,0
20120222,40.66,42.05,39.62,41.05,1773206,0
20120223,40.76,42.80,40.67,40.76,1174984,0
20120224,41.07,42.20,40.61,41.51,685110,0
20120227,41.82,44.02,41.57,43.66,1631959,0
20120228,43.90,43.90,42.26,42.69,1029485,0
20120229,42.72,44.15,42.24,43.25,1182984,0
20120301,43.69,46.50,43.60,45.73,2651447,0
20120302,46.40,48.83,45.34,47.95,2689786,0
20120305,48.31,49.75,46.34,48.63,3750912,0
20120306,47.10,47.80,46.36,46.81,2034349,0
20120307,47.26,47.50,45.44,46.10,1725553,0
20120308,46.87,47.64,46.29,47.08,1137019,0
20120309,47.70,50.69,47.49,49.59,3940372,0
20120312,46.94,48.60,46.30,48.57,3083495,0
20120313,48.52,49.93,48.13,48.75,2468011,0
20120314,48.90,48.90,47.17,47.57,1576577,0
20120315,48.03,48.17,46.70,47.65,1219676,0
20120316,47.72,47.97,45.72,46.28,1299941,0
20120319,46.51,47.41,44.59,45.32,2708597,0
20120320,47.02,48.33,44.31,48.09,5488217,0
20120321,48.87,49.25,47.97,48.63,2443900,0
20120322,48.20,50.48,47.97,48.72,3702393,0
20120323,46.78,47.83,46.62,47.00,18077276,0
20120326,47.63,47.75,46.94,47.08,3688629,0
20120327,47.27,47.35,46.35,46.53,2376753,0
20120328,46.07,46.42,44.95,45.02,3190177,0
20120329,44.50,45.98,44.46,45.69,2602261,0
20120330,46.24,46.75,45.00,46.59,4633751,0
20120402,46.80,47.00,45.92,46.15,1475358,0
20120403,46.22,47.49,46.22,47.01,1619482,0
20120404,46.45,47.94,46.30,47.45,1964395,0
20120405,47.27,48.00,46.96,47.53,3722565,0
20120409,46.59,47.27,46.40,46.80,1495553,0
20120410,46.51,46.71,42.30,43.17,5875949,0
20120411,43.74,44.20,41.39,42.90,4165763,0
20120412,42.90,44.07,42.79,43.98,1526852,0
20120413,44.00,44.74,43.03,43.62,1304053,0
20120416,44.32,44.60,41.08,42.10,3018766,0
20120417,42.30,43.20,41.91,42.92,1175226,0
20120418,42.60,43.29,42.25,42.98,1003754,0
20120419,43.38,44.65,41.61,41.90,2162536,0
20120420,41.90,42.25,41.20,41.28,1356296,0
20120423,40.82,43.66,39.73,43.39,3497821,0
20120424,43.55,44.39,40.95,41.32,2826252,0
20120425,42.38,42.69,41.01,42.56,1291513,0
20120426,42.62,44.78,42.60,44.36,1981343,0
20120427,44.36,46.50,43.20,45.90,2343907,0
20120430,45.92,46.39,44.82,45.67,2035591,0
20120501,45.69,48.60,45.40,48.11,4134895,0
20120502,48.19,49.50,47.51,48.62,2057668,0
20120503,48.91,48.91,45.64,45.96,2367093,0
20120504,45.97,46.31,43.42,43.80,2191240,0
20120507,43.57,45.46,43.25,44.10,2093073,0
20120508,41.96,42.90,39.50,41.75,5772636,0
20120509,40.75,42.59,40.60,41.50,2164093,0
20120510,41.97,42.14,38.85,40.18,4624938,0
20120511,39.81,41.39,39.64,40.62,1929797,0
20120514,40.00,40.62,39.53,40.20,2388099,0
20120515,40.36,41.59,40.12,40.75,2581260,0
20120516,40.71,40.83,39.10,40.14,4754240,0
20120517,40.27,40.79,37.60,37.79,4408055,0
20120518,37.85,38.39,37.07,37.55,2199080,0
20120521,37.55,40.96,37.00,40.71,2625803,0
20120522,40.90,42.51,40.80,41.78,2557523,0
20120523,41.56,42.30,40.40,41.96,1294415,0
20120524,41.78,41.93,40.20,40.94,1318411,0
20120525,41.08,41.31,39.90,41.20,1093459,0
20120529,41.54,42.29,41.18,41.95,1305153,0
20120530,41.13,41.73,39.50,40.00,1948598,0
20120531,40.53,40.60,39.02,39.38,1602817,0
20120601,38.10,38.37,36.88,37.76,2200125,0
20120604,37.75,38.20,35.95,37.37,1904135,0
20120605,37.35,38.94,37.08,38.73,1412374,0
20120606,39.40,40.19,38.42,38.59,1399089,0
20120607,38.56,38.96,35.73,36.04,3644639,0
20120608,36.52,38.38,35.50,38.37,3320654,0
20120611,39.00,39.86,37.74,38.18,4414862,0
20120612,42.38,42.73,38.03,41.10,22598334,0
20120613,40.84,42.10,38.48,38.84,7732875,0
20120614,38.72,39.54,37.05,37.69,4781104,0
20120615,37.88,39.45,36.81,39.25,6371094,0
20120618,38.62,39.61,37.55,39.41,2891486,0
20120619,39.88,42.00,39.75,41.11,4230485,0
20120620,40.80,42.47,40.68,41.97,3775346,0
20120621,41.96,43.70,41.00,41.35,3793664,0
20120622,41.59,43.04,41.41,42.86,4440398,0
20120625,42.20,43.25,41.72,42.54,2552602,0
20120626,42.61,44.20,42.56,43.94,2927406,0
20120627,44.00,44.50,42.59,43.21,3456513,0
20120628,42.47,42.81,39.74,40.69,5076189,0
20120629,41.72,42.38,39.92,41.84,2813974,0
20120702,42.03,43.17,41.72,42.89,2351246,0
20120703,42.95,43.00,42.30,42.67,856480,0
20120705,42.51,44.73,42.27,44.44,3975315,0
20120706,43.49,43.82,42.69,43.54,1949890,0
20120709,42.85,43.63,42.16,42.62,1668048,0
20120710,43.00,43.49,42.18,42.62,1601621,0
20120711,42.06,42.58,39.80,40.69,3101857,0
20120712,40.00,40.03,38.62,39.05,2727448,0
20120713,39.45,40.09,39.04,39.40,2191730,0
20120716,39.06,39.26,38.50,38.91,1862599,0
20120717,39.20,39.50,38.18,38.92,2004992,0
20120718,38.77,41.22,38.67,40.63,3006048,0
20120719,41.12,42.32,41.02,41.67,2488872,0
20120720,41.23,41.23,39.80,39.98,3812777,0
20120723,38.30,39.95,37.77,39.66,1965445,0
20120724,39.66,40.65,38.90,39.90,2244813,0
20120725,39.80,40.84,39.24,39.53,1725478,0
20120726,40.40,42.00,40.40,41.44,2863005,0
20120727,41.75,42.12,41.05,41.33,1922968,0
20120730,41.55,42.05,40.54,41.48,1203184,0
20120731,39.67,41.60,39.67,41.29,2323294,0
20120801,41.55,41.55,40.17,40.41,1330043,0
20120802,40.09,40.78,38.94,39.59,1478588,0
20120803,40.37,41.35,39.85,41.19,3021788,0
20120806,41.56,43.60,41.22,42.85,3002789,0
20120807,44.19,45.20,43.23,43.26,3837338,0
20120808,42.94,43.81,42.50,42.84,1488579,0
20120809,42.87,43.29,42.21,43.00,1044725,0
20120810,43.02,43.50,42.05,42.32,1506519,0
20120813,43.06,43.06,40.89,42.35,5700902,0
20120814,48.10,49.65,47.74,49.33,18545948,0
20120815,49.93,50.68,49.12,49.39,5888372,0
20120816,49.52,49.85,47.53,49.53,6792255,0
20120817,48.54,52.75,48.50,52.09,5750822,0
20120820,52.38,52.88,51.02,51.96,3304738,0
20120821,52.23,52.42,51.06,51.50,2476415,0
20120822,51.48,52.02,50.84,51.83,2342986,0
20120823,51.83,52.35,51.30,51.67,2034241,0
20120824,51.68,54.17,51.50,53.92,3910248,0
20120827,54.49,54.92,53.07,53.69,3306697,0
20120828,53.56,54.72,53.56,53.84,2597849,0
20120829,54.03,54.18,53.36,53.49,2673552,0
20120830,53.43,54.87,52.22,52.55,4045962,0
20120831,53.33,54.10,52.61,53.95,2122175,0
20120904,54.00,54.32,53.16,53.49,2243212,0
20120905,53.55,53.92,52.70,52.98,1649949,0
20120906,53.24,55.77,52.94,55.50,3310101,0
20120907,55.55,56.70,55.06,56.03,2170067,0
20120910,53.75,54.69,53.30,53.50,3583182,0
20120911,53.03,53.49,52.06,53.32,4505645,0
20120912,53.84,53.90,52.71,52.99,1957835,0
20120913,53.52,55.23,52.60,54.14,4054811,0
20120914,54.71,54.90,53.04,53.59,2472244,0
20120917,53.38,54.62,53.20,53.95,2080800,0
20120918,53.67,53.86,52.17,52.60,2486901,0
20120919,53.01,53.38,52.43,52.52,1626839,0
20120920,52.03,53.18,51.02,52.49,2879625,0
20120921,54.75,57.35,54.40,57.35,10755002,0
20120924,56.60,56.95,54.40,54.50,5513554,0
20120925,54.20,54.74,52.00,52.30,25243868,0
20120926,51.93,53.25,51.83,52.80,5136678,0
20120927,53.03,53.43,51.50,53.26,3096449,0
20120928,52.79,53.50,51.60,53.18,4819686,0
20121001,53.80,53.90,52.20,52.90,3619763,0
20121002,53.11,53.25,52.43,53.01,1886336,0
20121003,53.71,54.38,52.71,52.97,4159931,0
20121004,53.43,53.80,53.01,53.43,1982455,0
20121005,54.00,54.85,52.83,53.46,3130695,0
20121008,53.33,54.60,53.05,53.33,2308975,0
20121009,53.34,54.00,51.67,52.05,4144757,0
20121010,52.38,52.76,51.68,52.23,2003509,0
20121011,53.03,53.83,52.61,53.09,3511952,0
20121012,52.65,53.50,52.62,52.98,1171821,0
20121015,53.00,53.91,52.91,53.89,1814949,0
20121016,53.98,56.89,53.91,56.80,5144493,0
20121017,57.07,57.07,55.67,56.07,2830740,0
20121018,56.56,57.92,55.35,56.47,4312076,0
20121019,56.59,56.71,54.49,55.05,2785896,0
20121022,55.06,55.34,54.04,54.80,2166081,0
20121023,54.47,55.07,53.14,55.00,3152506,0
20121024,55.80,56.19,54.99,55.25,1987406,0
20121025,55.51,55.96,53.81,54.06,1583497,0
20121026,53.96,54.65,53.42,54.49,1698792,0
20121031,55.36,55.43,53.80,54.69,1734461,0
20121101,55.33,57.11,54.84,56.97,2806467,0
20121102,57.99,58.62,55.92,56.20,3578748,0
20121105,56.20,56.67,55.80,56.49,1258727,0
20121106,56.07,56.09,55.17,55.82,2841470,0
20121107,55.06,55.55,53.55,54.61,2833147,0
20121108,54.59,54.62,50.25,50.70,8049269,0
20121109,50.25,51.90,50.20,50.43,5788299,0
20121112,50.98,51.47,50.50,50.58,4637113,0
20121113,51.69,53.25,50.13,51.01,13718413,0
20121114,51.42,51.42,47.72,48.11,6326304,0
20121115,47.97,48.89,46.66,48.49,4787802,0
20121116,48.52,50.38,48.00,50.32,4229624,0
20121119,51.75,51.83,50.47,50.61,3084580,0
20121120,51.01,51.68,50.31,51.39,3181274,0
20121121,51.75,51.85,50.66,51.24,1934361,0
20121123,51.64,51.75,51.18,51.47,745903,0
20121126,51.64,51.64,50.41,51.48,2429763,0
20121127,51.25,52.46,50.67,51.40,2429424,0
20121128,50.75,53.46,50.75,53.45,3408296,0
20121129,53.07,53.80,52.32,53.04,2853115,0
20121130,53.00,53.40,52.27,53.15,2250145,0
20121203,53.48,53.77,52.90,53.50,2586075,0
20121204,53.19,53.61,52.25,52.46,1936829,0
20121205,52.40,52.61,50.28,50.40,3147863,0
20121206,50.66,52.40,50.10,51.44,2727798,0
20121207,52.08,52.27,50.98,51.60,1707543,0
20121210,51.27,51.95,49.00,49.75,3062122,0
20121211,51.09,51.81,50.55,50.92,2941533,0
20121212,51.29,51.45,49.53,49.79,2765488,0
20121213,49.67,50.70,49.11,49.31,2014431,0
20121214,49.06,50.24,48.70,49.88,1573395,0
20121217,50.11,51.21,49.23,51.18,2582685,0
20121218,50.73,53.62,50.73,53.41,4462365,0
20121219,53.71,55.00,53.32,53.44,3997811,0
20121220,53.57,55.15,52.70,55.11,4735905,0
20121221,53.08,53.73,51.75,53.49,4175930,0
20121224,53.66,54.09,52.50,53.57,778132,0
20121226,53.41,53.54,49.41,50.03,5508961,0
20121227,50.16,50.75,47.26,49.41,6372610,0
20121228,48.63,49.75,48.14,49.18,3243393,0
20121231,49.17,51.22,49.00,51.03,2893681,0
20130102,52.42,53.24,49.98,51.51,6009834,0
20130103,51.51,52.45,51.27,52.05,3302857,0
20130104,52.05,53.53,52.01,52.23,4481364,0
20130107,51.98,52.85,51.05,52.53,3302936,0
20130108,52.78,53.23,52.22,53.00,2707051,0
20130109,53.28,53.55,52.59,53.31,2667102,0
20130110,52.61,52.78,51.19,52.01,4127098,0
20130111,51.80,53.04,51.80,52.94,3757572,0
20130114,53.10,54.48,52.30,54.46,3583099,0
20130115,53.84,55.20,53.76,54.32,4553794,0
20130116,52.89,54.85,52.22,54.11,5347294,0
20130117,54.10,54.18,53.05,53.06,3318261,0
20130118,53.19,54.70,52.35,54.48,3405596,0
20130122,54.28,55.55,53.82,54.95,3556670,0
20130123,54.42,56.28,54.34,55.63,5013061,0
20130124,55.65,57.40,55.48,56.73,4001640,0
20130125,57.50,58.15,56.65,58.08,6269443,0
20130128,59.06,60.00,56.44,57.75,5135801,0
20130129,57.25,57.73,56.90,57.47,2567019,0
20130130,57.40,57.52,56.01,56.32,3847851,0
20130131,56.55,56.94,55.73,56.13,3215679,0
20130201,56.83,56.98,55.50,55.72,3124692,0
20130204,55.72,56.22,54.58,54.91,3009259,0
20130205,55.00,55.90,52.77,55.38,7642643,0
20130206,55.65,56.50,54.66,55.87,4479338,0
20130207,56.02,56.70,54.44,56.66,3984233,0
20130208,57.12,57.71,56.35,57.10,5131774,0
20130211,57.71,57.76,56.39,57.00,7124591,0
20130212,64.39,64.80,61.22,62.00,20888652,0
20130213,61.78,63.13,61.00,61.35,6350967,0
20130214,61.28,62.84,61.06,61.67,5751014,0
20130215,61.69,64.04,61.63,63.27,6862929,0
20130219,64.31,65.10,63.19,64.84,7078158,0
20130220,62.99,63.69,61.20,61.50,9580627,0
20130221,60.81,60.98,58.81,59.00,25675224,0
20130222,59.57,59.95,58.82,59.11,6344157,0
20130225,59.10,59.65,57.85,57.86,6846559,0
20130226,58.28,59.47,57.00,59.24,9161123,0
20130227,59.37,59.98,59.00,59.46,6824682,0
20130228,59.83,60.37,59.23,59.28,5628707,0
20130301,59.00,59.60,58.58,59.23,3231149,0
20130304,59.36,59.61,58.60,59.27,3215299,0
20130305,59.95,60.92,59.69,60.52,5074525,0
20130306,60.86,61.25,59.36,61.19,6988679,0
20130307,61.06,61.33,58.19,58.21,8005954,0
20130308,58.85,58.95,57.04,58.19,6452824,0
20130311,57.79,57.86,54.58,55.00,11407691,0
20130312,55.11,56.37,54.84,56.28,6855452,0
20130313,57.60,58.88,56.90,58.51,7860448,0
20130314,58.71,59.41,57.62,58.05,4840182,0
20130315,57.76,58.55,57.13,57.38,5175594,0
20130318,56.73,58.58,56.63,58.10,5251354,0
20130319,58.24,58.54,55.26,56.15,5691244,0
20130320,56.52,56.93,55.90,56.38,3922856,0
20130321,55.75,56.18,54.97,55.05,3729935,0
20130322,55.57,56.10,55.40,55.61,4002985,0
20130325,55.88,56.75,55.00,55.42,2716940,0
20130326,55.59,55.80,54.20,55.22,3842274,0
20130327,54.94,56.65,54.75,56.41,4849188,0
20130328,56.58,57.26,55.97,56.79,4458238,0
20130401,56.79,57.49,55.20,55.50,3535905,0
20130402,55.89,56.35,53.96,54.16,4338978,0
20130403,54.18,55.55,53.31,54.96,5400529,0
20130404,54.89,55.49,54.40,54.66,1753649,0
20130405,53.71,55.07,52.60,54.98,4089110,0
20130408,55.13,56.36,54.95,56.30,2745468,0
20130409,56.06,56.55,55.55,55.69,2272289,0
20130410,55.98,55.98,54.01,55.10,5640293,0
20130411,55.15,57.72,54.75,57.31,5186147,0
20130412,56.47,56.89,55.23,56.00,4452947,0
20130415,55.73,56.39,53.98,54.00,3517443,0
20130416,54.49,54.83,52.34,52.97,6310894,0
20130417,52.64,54.25,51.70,53.92,4590815,0
20130418,54.00,54.49,52.31,53.61,4762346,0
20130419,53.61,54.45,53.00,53.08,3012338,0
20130422,53.05,53.12,51.63,52.36,3562579,0
20130423,53.70,55.00,53.60,54.09,4447616,0
20130424,54.34,54.73,53.45,53.52,2330727,0
20130425,54.33,56.98,53.90,56.64,5235367,0
20130426,56.47,57.02,55.52,56.12,2305255,0
20130429,56.21,57.30,55.77,56.05,2127638,0
20130430,56.12,57.00,55.55,56.94,2227442,0
20130501,56.57,57.50,56.34,56.50,2659375,0
20130502,56.52,57.40,56.10,57.05,2108968,0
20130503,57.54,59.30,57.50,58.04,4053276,0
20130506,58.43,58.44,56.99,57.09,2572321,0
20130507,58.05,58.74,57.79,58.41,3247050,0
20130508,58.48,58.87,57.16,57.98,3430471,0
20130509,58.24,60.28,58.22,59.41,4314190,0
20130510,59.32,60.53,59.22,60.36,3035415,0
20130513,61.55,62.25,60.80,60.98,4373533,0
20130514,61.18,61.73,60.50,61.34,2987234,0
20130515,61.72,62.19,60.20,60.50,3632021,0
20130516,60.61,60.80,59.15,59.27,3336530,0
20130517,60.25,60.87,59.80,60.61,3255349,0
20130520,61.14,61.45,60.45,60.58,2979901,0
20130521,60.90,61.55,60.16,61.23,2889533,0
20130522,61.24,63.03,60.08,60.46,4830074,0
20130523,59.02,60.75,57.88,59.81,3274433,0
20130524,59.52,60.40,59.01,60.09,2241868,0
20130528,62.14,62.50,61.01,61.98,7309136,0
20130529,63.04,64.65,61.12,63.95,14047595,0
20130530,64.54,66.18,64.43,65.68,6676703,0
20130531,65.06,65.48,62.79,62.82,5956043,0
20130603,63.01,63.01,60.69,62.24,5369066,0
20130604,62.46,62.65,60.86,61.57,3295495,0
20130605,61.00,62.32,60.86,61.24,3547251,0
20130606,61.06,62.10,60.86,61.93,2901210,0
20130607,62.56,62.99,61.97,62.69,2804492,0
20130610,63.08,63.10,61.98,62.17,2562439,0
20130611,61.85,62.26,60.73,61.27,2576576,0
20130612,61.48,61.73,59.77,60.53,3514842,0
20130613,60.33,60.65,57.96,59.50,6266014,0
20130614,59.53,60.94,59.39,60.80,3246458,0
20130617,61.44,61.93,60.70,61.56,2575840,0
20130618,61.23,61.94,61.23,61.63,2081469,0
20130619,61.88,62.45,61.23,61.70,2453812,0
20130620,60.89,61.08,58.98,59.60,2883273,0
20130621,60.00,60.09,58.01,59.18,3370097,0
20130624,58.15,58.20,56.15,57.10,3805924,0
20130625,58.44,59.71,57.99,59.04,3639749,0
20130626,59.75,60.00,58.35,59.70,2266071,0
20130627,59.87,61.57,59.77,61.28,3210629,0
20130628,60.99,63.05,60.94,62.02,9170985,0
20130701,62.14,64.11,62.07,62.18,3457545,0
20130702,62.09,63.25,61.50,62.36,2202113,0
20130703,61.96,62.57,61.60,62.46,1106104,0
20130705,62.79,63.06,62.00,62.97,1706870,0
20130708,63.45,64.17,63.16,63.76,1855145,0
20130709,64.05,65.11,63.40,64.28,2686992,0
20130710,64.61,64.61,63.35,64.17,2303533,0
20130711,64.85,64.94,63.77,64.19,2125256,0
20130712,64.38,64.90,63.25,63.82,2488872,0
20130715,62.50,62.81,61.81,62.65,3670533,0
20130716,62.67,62.98,61.75,62.61,2727756,0
20130717,62.97,63.01,62.06,62.94,2280380,0
20130718,63.00,63.00,60.08,61.69,6500377,0
20130719,61.82,62.42,61.46,62.12,2573450,0
20130722,62.01,63.00,61.40,62.73,2136043,0
20130723,62.85,64.00,62.51,63.40,2727164,0
20130724,63.38,64.28,62.78,63.89,4047561,0
20130725,63.97,64.74,63.26,64.57,3600580,0
20130726,64.08,65.50,63.77,64.83,4784662,0
20130729,64.81,65.67,63.97,64.00,2763679,0
20130730,65.00,65.69,64.30,65.56,3579907,0
20130731,66.23,67.78,66.09,67.34,4918063,0
20130801,68.12,69.00,67.77,68.65,4479571,0
20130802,69.02,69.23,68.05,68.80,3689823,0
20130805,69.02,69.17,67.65,67.88,5189952,0
20130806,70.77,71.50,67.85,70.39,14978369,0
20130807,70.27,70.53,68.91,69.53,3127113,0
20130808,70.11,71.73,69.66,71.28,4869743,0
20130809,71.07,72.53,70.74,72.05,4149240,0
20130812,71.73,72.54,71.51,72.00,2000067,0
20130813,72.76,72.98,71.88,72.40,2293891,0
20130814,72.50,72.75,71.67,72.00,3211363,0
20130815,71.75,71.80,70.20,71.23,3748903,0
20130816,70.58,70.73,69.60,70.20,3189826,0
20130819,70.15,70.44,68.83,69.76,2043412,0
20130820,70.03,72.01,70.00,71.26,2217020,0
20130821,71.26,72.38,71.26,71.65,2396087,0
20130822,71.95,72.45,71.47,72.19,1798066,0
20130823,72.48,72.82,71.80,72.57,2272130,0
20130826,72.95,73.59,72.53,72.57,1769798,0
20130827,72.00,72.77,71.05,71.23,3161914,0
20130828,71.10,72.19,70.66,71.75,2476058,0
20130829,71.53,73.52,71.53,73.15,2234960,0
20130830,73.60,74.28,73.05,74.09,11765952,0
20130903,74.70,75.01,74.10,74.43,2963656,0
20130904,74.67,75.92,74.43,75.40,3459383,0
20130905,75.91,76.22,75.50,75.84,2343881,0
20130906,76.00,76.20,74.14,75.70,3528337,0
20130909,75.76,76.74,74.87,75.62,3131129,0
20130910,76.20,76.34,73.16,73.21,5878887,0
20130911,73.55,75.00,73.24,74.58,4997605,0
20130912,74.73,74.78,73.22,73.32,2722722,0
20130913,73.77,74.95,73.41,74.03,2361946,0
20130916,74.71,75.24,74.20,74.30,1471281,0
20130917,74.12,75.06,74.07,75.02,2182302,0
20130918,75.21,75.79,73.39,75.72,3575006,0
20130919,75.73,78.62,75.25,77.49,4462517,0
20130920,77.29,77.29,75.73,75.98,3437586,0
20130923,75.14,75.48,73.37,75.01,2991406,0
20130924,75.00,75.15,73.89,74.16,1851625,0
20130925,74.18,74.24,72.68,73.18,2331740,0
20130926,73.92,74.16,73.07,73.99,1570483,0
20130927,74.00,75.55,73.71,74.45,2562581,0
20130930,73.86,74.79,73.36,74.52,1591741,0
20131001,74.74,76.10,74.72,75.85,1453331,0
20131002,75.72,76.41,74.91,75.89,2252686,0
20131003,75.89,76.97,74.57,74.83,2466014,0
20131004,75.03,77.05,74.81,76.35,1904219,0
20131007,75.59,75.59,74.28,74.33,1757762,0
20131008,74.34,74.86,70.67,70.92,3599519,0
20131009,72.47,72.96,70.59,72.49,3688735,0
20131010,73.30,74.63,73.23,74.23,2931591,0
20131011,74.42,74.60,72.44,72.88,2929246,0
20131014,72.95,74.36,72.32,74.03,2399875,0
20131015,75.39,75.43,72.93,73.05,2948249,0
20131016,73.75,75.13,73.28,74.32,2519720,0
20131017,74.14,74.83,71.71,73.75,5834529,0
20131018,74.47,75.49,74.24,75.24,2896485,0
20131021,75.99,77.21,75.58,77.18,3300741,0
20131022,76.19,78.83,75.93,78.70,4585471,0
20131023,78.20,78.49,77.03,77.60,2830082,0
20131024,77.69,78.00,76.57,76.94,2226885,0
20131025,77.72,77.77,75.92,76.24,1940186,0
20131028,76.36,77.03,75.10,76.40,2057915,0
20131029,78.73,78.82,75.64,77.38,14480268,0
20131030,77.95,78.75,77.60,77.98,6280072,0
20131031,77.01,77.27,75.84,76.95,6142349,0
20131101,77.15,77.64,75.30,75.43,5777552,0
20131104,75.81,76.05,73.26,74.78,8362942,0
20131105,76.74,80.00,76.70,79.13,13816693,0
20131106,80.12,80.43,78.20,79.49,4518739,0
20131107,79.52,80.16,77.59,77.91,4575592,0
20131108,77.80,79.91,77.78,79.40,3864627,0
20131111,80.45,81.60,79.79,81.10,6605803,0
20131112,81.15,82.73,81.15,82.14,41486659,0
20131113,81.88,82.34,81.44,82.19,6689498,0
20131114,82.40,82.59,81.17,81.86,3498419,0
20131115,81.85,82.75,81.22,82.73,3618643,0
20131118,83.00,83.13,80.59,80.95,3176716,0
20131119,81.00,81.50,79.78,79.93,3540471,0
20131120,80.08,80.61,78.63,79.09,3071399,0
20131121,79.37,80.66,78.97,80.44,2036394,0
20131122,80.74,81.26,80.32,80.64,2412076,0
20131125,81.00,81.20,79.83,80.15,2660690,0
20131126,80.38,80.89,79.92,80.60,2233432,0
20131127,80.90,82.09,80.67,81.84,2763134,0
20131129,82.50,82.50,81.22,81.55,1130493,0
20131202,81.65,82.19,80.55,81.76,1733227,0
20131203,81.43,81.87,80.10,80.39,2355511,0
20131204,80.39,80.89,79.10,80.76,2735403,0
20131205,80.53,81.12,80.01,80.76,1751344,0
20131206,81.00,81.34,78.59,79.68,2751146,0
20131209,79.96,80.98,79.68,80.61,2777944,0
20131210,80.61,82.04,80.28,81.81,2367954,0
20131211,81.79,82.07,80.33,80.58,2099252,0
20131212,80.67,82.77,80.45,82.65,3858460,0
20131213,83.02,83.91,81.29,82.27,4186412,0
20131216,82.46,83.04,81.50,82.18,2555017,0
20131217,82.60,83.59,82.04,82.91,2312021,0
20131218,83.19,84.40,82.00,84.19,3313557,0
20131219,84.15,84.58,83.44,83.92,1883878,0
20131220,84.26,84.40,82.99,83.88,8990813,0
20131223,84.00,84.00,79.59,80.80,10267430,0
20131224,80.89,81.95,80.86,81.40,1938481,0
20131226,81.65,81.65,80.49,81.02,1699287,0
20131227,81.27,81.44,80.25,80.58,1440860,0
20131230,80.74,80.83,79.65,80.59,2384866,0
20131231,80.60,81.53,80.20,81.19,1558666,0
20140102,80.94,82.75,80.94,82.41,3342211,0
20140103,82.42,83.50,82.41,82.51,1901747,0
20140106,82.85,83.00,81.90,82.04,1790268,0
20140107,80.26,80.50,78.66,78.94,7397984,0
20140108,78.67,78.73,76.25,77.91,7107830,0
20140109,78.06,79.10,77.56,78.59,3407674,0
20140110,79.02,79.88,78.30,79.80,3949933,0
20140113,79.20,79.37,76.36,76.67,4038129,0
20140114,76.70,77.78,76.53,77.05,2350764,0
20140115,77.39,78.05,77.06,77.41,1994106,0
20140116,76.91,77.04,74.11,75.70,5652063,0
20140117,77.67,78.00,76.78,77.03,5544910,0
20140121,77.47,77.75,76.72,77.20,3019657,0
20140122,77.47,79.83,77.20,79.75,4644530,0
20140123,79.39,80.34,78.78,80.29,3943763,0
20140124,79.70,81.10,79.01,80.07,5259689,0
20140127,80.41,81.65,79.75,81.09,3896040,0
20140128,81.63,83.06,81.42,81.85,3711679,0
20140129,81.27,81.70,78.52,78.74,3979754,0
20140130,80.50,81.00,79.50,80.39,3090912,0
20140131,79.52,80.72,79.12,79.93,2721156,0
20140203,80.40,80.55,76.15,76.67,8727941,0
20140204,93.00,93.18,89.22,89.91,23092978,0
20140205,88.38,91.73,88.38,91.34,7915353,0
20140206,91.10,92.94,90.83,91.50,4180492,0
20140207,91.69,94.43,91.31,94.22,4082407,0
20140210,94.38,95.76,94.11,95.56,3825373,0
20140211,95.94,96.60,94.88,96.22,3599696,0
20140212,96.50,97.78,95.56,96.01,2358840,0
20140213,96.00,98.81,95.83,98.41,3056246,0
20140214,98.24,98.62,97.64,98.46,1904328,0
20140218,99.50,99.74,98.01,98.84,2184417,0
20140219,98.90,99.42,97.64,97.78,1821333,0
20140220,97.79,98.53,97.21,98.00,1868140,0
20140221,98.48,98.48,97.45,97.56,1331239,0
20140224,97.62,99.35,97.62,98.58,1655615,0
20140225,98.88,101.04,98.83,99.84,2490765,0
20140226,100.30,100.60,99.05,99.32,1773052,0
20140227,99.26,100.41,98.61,99.56,1418029,0
20140228,99.82,100.13,97.03,98.03,2266616,0
20140303,97.40,97.98,96.11,97.98,2649078,0
20140304,99.00,99.16,97.67,98.88,1952621,0
20140305,99.03,99.66,97.18,98.99,1557573,0
20140306,99.30,99.46,98.19,98.62,1279980,0
20140307,99.16,99.44,98.02,98.28,1368022,0
20140310,98.41,99.06,97.00,98.27,1413429,0
20140311,98.46,99.46,97.86,98.04,1570781,0
20140312,97.60,98.10,96.61,98.03,1674345,0
20140313,98.50,98.72,96.27,97.02,1645075,0
20140314,97.19,98.85,96.64,98.12,2050285,0
20140317,98.50,99.01,97.24,98.56,1541200,0
20140318,96.53,97.41,95.94,96.77,3006510,0
20140319,96.95,99.20,96.39,98.71,3023970,0
20140320,98.17,98.44,96.64,97.67,1932881,0
20140321,98.42,99.17,97.31,97.46,2351355,0
20140324,97.97,97.97,92.99,94.11,3744737,0
20140325,94.83,95.07,92.17,93.44,3030873,0
20140326,93.69,94.28,91.90,92.04,2548754,0
20140327,91.95,92.04,89.43,91.54,2761950,0
20140328,91.68,93.39,91.55,92.75,1297506,0
20140331,93.63,93.63,91.97,93.27,1599878,0
20140401,93.87,95.32,93.77,95.25,1864624,0
20140402,95.56,96.10,94.63,95.03,1382699,0
20140403,95.30,95.59,92.07,92.64,2009567,0
20140404,93.04,93.52,88.76,89.54,3718231,0
20140407,89.32,89.32,85.71,86.59,5435907,0
20140408,86.72,89.63,86.61,88.99,3613178,0
20140409,89.53,90.58,88.48,90.51,1934008,0
20140410,90.51,90.81,89.00,89.65,4800966,0
20140411,88.78,89.57,86.45,86.87,4047834,0
20140414,87.65,88.25,85.92,87.12,2417680,0
20140415,87.57,89.54,87.01,89.37,3513638,0
20140416,90.08,90.35,88.61,90.11,1886705,0
20140417,90.05,91.15,89.09,89.93,1786635,0
20140421,90.29,91.34,90.00,90.68,1235034,0
20140422,91.54,93.97,91.35,93.20,2717619,0
20140423,93.20,93.41,91.29,91.44,1795451,0
20140424,91.76,91.97,89.61,91.14,1846092,0
20140425,91.11,91.53,89.48,89.88,1604378,0
20140428,90.58,90.86,85.75,88.17,3349254,0
20140429,87.95,91.05,87.29,90.30,2651619,0
20140430,91.90,92.39,90.63,91.20,2662113,0
20140501,91.05,93.00,90.67,92.40,2001323,0
20140502,92.82,94.85,92.43,93.21,1843008,0
20140505,92.71,94.85,91.79,94.74,1729691,0
20140506,94.50,94.53,92.78,93.15,1554996,0
20140507,93.31,93.79,90.10,91.37,1711568,0
20140508,91.33,93.73,90.76,91.81,1405128,0
20140509,91.42,92.20,90.12,91.82,1738744,0
20140512,92.31,94.80,92.26,94.45,1692446,0
20140513,94.84,95.17,92.92,93.71,1725335,0
20140514,94.15,95.03,92.86,93.38,2544947,0
20140515,92.88,92.90,90.57,91.27,2016730,0
20140516,91.22,92.89,90.53,92.85,2218367,0
20140519,92.63,94.12,92.61,93.05,1599403,0
20140520,93.88,93.88,91.14,91.86,2555378,0
20140521,92.33,93.59,92.10,93.31,2214144,0
20140522,93.11,94.55,93.03,93.66,1543211,0
20140523,93.80,96.49,93.53,96.40,2537547,0
20140527,98.02,98.96,95.60,95.74,5405210,0
20140528,95.04,97.60,91.80,97.01,11336869,0
20140529,97.04,97.14,91.03,92.28,7881944,0
20140530,93.57,95.19,92.96,94.38,5585568,0
20140602,94.54,94.75,93.09,94.45,2290480,0
20140603,93.84,94.86,93.59,94.05,1758068,0
20140604,94.44,94.69,92.55,93.84,2262745,0
20140605,93.45,94.30,92.90,93.36,2065913,0
20140606,93.76,94.45,92.90,94.33,1753496,0
20140609,94.35,94.57,93.35,93.93,1753820,0
20140610,94.10,94.77,93.42,94.38,3074799,0
20140611,93.98,95.91,93.92,95.37,2255103,0
20140612,94.88,95.79,94.40,94.66,2589700,0
20140613,94.61,95.00,93.16,93.90,2362377,0
20140616,93.85,93.90,90.18,90.29,5454008,0
20140617,90.50,91.30,87.95,91.06,6517358,0
20140618,91.47,91.63,89.14,90.82,3184056,0
20140619,90.96,91.00,88.29,89.36,4383378,0
20140620,89.90,90.01,88.50,88.60,2652634,0
20140623,88.59,89.00,87.70,88.52,2832295,0
20140624,88.52,89.69,88.21,88.36,2161980,0
20140625,88.45,90.23,88.36,90.13,2437687,0
20140626,90.00,90.60,89.06,90.12,1874111,0
20140627,90.17,90.66,89.80,90.00,929960,0
20140630,90.00,90.25,88.42,88.65,2234251,0
20140701,89.16,90.40,88.70,89.92,2561847,0
20140702,89.46,90.38,89.45,89.72,2243172,0
20140703,90.83,90.98,90.04,90.27,746133,0
20140707,90.10,91.79,89.50,91.16,3703548,0
20140708,90.71,91.13,88.71,89.90,2816389,0
20140709,89.93,91.53,89.93,91.38,2043515,0
20140710,89.90,89.91,88.70,89.17,2423957,0
20140711,89.14,89.32,87.90,88.80,2328106,0
20140714,89.16,89.18,85.34,85.67,6328305,0
20140715,82.69,82.96,78.99,79.44,17905236,0
20140716,77.85,81.55,77.75,81.10,9698475,0
20140717,81.54,83.92,81.11,81.86,6483221,0
20140718,83.25,83.44,80.40,81.06,4846712,0
20140721,81.50,83.10,81.27,82.23,3990232,0
20140722,82.86,83.39,82.00,82.22,2311936,0
20140723,82.54,82.77,81.52,81.71,1621571,0
20140724,82.15,82.68,81.58,82.04,1870559,0
20140725,81.58,82.90,80.92,81.13,2346744,0
20140728,81.55,84.32,81.10,84.23,3528943,0
20140729,84.20,84.27,82.86,83.67,2420523,0
20140730,83.02,83.31,82.12,82.27,3465951,0
20140731,83.27,83.27,81.25,81.48,3656216,0
20140801,81.50,82.02,80.34,81.83,3762610,0
20140804,79.18,79.74,75.13,77.01,21717446,0
20140805,76.84,79.92,76.84,79.10,6858272,0
20140806,78.95,80.33,78.39,79.71,2599582,0
20140807,79.84,80.65,78.48,78.75,2498374,0
20140808,78.72,80.27,78.33,79.26,2830969,0
20140811,79.97,80.78,79.68,79.99,2540049,0
20140812,80.05,80.11,76.76,77.44,5092682,0
20140813,77.96,78.78,77.48,78.72,3395915,0
20140814,78.94,79.26,77.90,78.38,1822629,0
20140815,78.52,78.98,77.50,78.06,2296514,0
20140818,78.52,79.64,78.41,79.36,2331579,0
20140819,79.43,80.01,79.07,79.95,2480295,0
20140820,79.90,83.38,79.62,82.86,3934640,0
20140821,82.86,83.14,81.61,81.73,2060501,0
20140822,81.80,82.69,81.20,82.64,2051155,0
20140825,82.90,83.15,81.76,82.00,1375384,0
20140826,82.09,83.22,81.87,82.94,1880045,0
20140827,83.27,83.29,82.04,82.34,1293722,0
20140828,81.90,81.91,80.78,81.00,1796715,0
20140829,81.18,81.33,79.76,80.12,2204956,0
20140902,80.15,81.54,79.96,80.54,2719581,0
20140903,81.06,81.17,78.35,78.73,3116861,0
20140904,79.47,80.51,79.24,79.97,2313169,0
20140905,76.23,76.89,75.64,76.39,17628610,0
20140908,76.58,76.65,75.26,76.58,5540128,0
20140909,76.69,76.94,75.75,75.79,2536484,0
20140910,75.90,76.00,75.23,75.62,2493609,0
20140911,75.16,76.05,75.16,75.66,2270330,0
20140912,76.10,76.85,75.52,76.82,2983522,0
20140915,76.61,76.88,76.03,76.61,2486899,0
20140916,76.66,77.09,76.03,76.38,2130633,0
20140917,76.60,76.78,75.56,76.11,4162549,0
20140918,76.38,77.77,76.15,77.22,2649190,0
20140919,77.65,77.75,76.37,76.95,3005647,0
20140922,76.80,76.80,74.49,75.09,2817784,0
20140923,75.10,75.64,74.41,74.45,2851543,0
20140924,74.65,74.75,73.73,74.60,2581334,0
20140925,74.31,74.45,72.04,73.15,4744640,0
20140926,73.58,73.78,71.25,71.49,7184882,0
20140929,70.72,71.87,70.44,71.17,3735174,0
20140930,71.96,72.05,71.00,71.39,3724913,0
20141001,71.57,72.33,71.18,71.66,4190492,0
20141002,71.42,74.89,71.25,74.08,4623216,0
20141003,74.64,76.28,74.64,75.42,4684321,0
20141006,75.86,76.15,74.86,75.65,2467808,0
20141007,75.18,76.75,74.64,75.49,3084719,0
20141008,75.49,77.16,75.15,77.08,2579719,0
20141009,76.87,77.08,74.40,74.91,2594377,0
20141010,74.74,75.41,73.62,73.66,2326823,0
20141013,73.64,73.75,72.07,72.25,3195837,0
20141014,72.19,73.12,71.71,72.15,2487520,0
20141015,71.65,72.08,68.55,71.42,4118901,0
20141016,70.43,72.67,70.00,72.07,3468762,0
20141017,72.90,73.60,70.96,71.51,2592960,0
20141020,71.31,73.49,71.08,73.13,2059973,0
20141021,73.28,75.30,72.97,74.84,2211928,0
20141022,75.12,76.25,74.80,75.06,1915137,0
20141023,75.55,76.77,75.13,75.78,1520026,0
20141024,75.70,75.92,74.85,75.74,997262,0
20141027,75.56,76.95,74.39,76.69,1579603,0
20141028,76.69,78.41,76.56,78.17,2676661,0
20141029,77.13,77.54,75.86,77.08,3048855,0
20141030,76.71,78.75,76.46,77.90,2072898,0
20141031,78.70,79.70,78.14,78.59,3750544,0
20141103,78.70,79.06,77.33,77.99,4306021,0
20141104,71.99,72.68,70.00,71.42,21632392,0
20141105,71.82,74.00,71.79,72.40,6353737,0
20141106,73.29,73.30,71.83,72.31,4254844,0
20141107,72.48,72.56,69.89,69.95,7073036,0
20141110,70.15,70.22,68.94,69.15,4982854,0
20141111,69.01,69.50,68.25,68.89,4264707,0
20141112,69.00,71.22,68.85,71.00,6654832,0
20141113,71.07,71.76,70.46,70.74,3240872,0
20141114,70.75,72.57,70.45,72.06,3398083,0
20141117,72.00,72.82,71.71,72.32,2833036,0
20141118,72.50,73.31,72.32,72.93,3199148,0
20141119,72.91,73.30,72.08,72.47,2395113,0
20141120,72.80,73.96,72.57,73.43,7780998,0
20141121,74.55,75.18,73.44,74.00,4195316,0
20141124,74.30,75.64,74.12,75.53,3283070,0
20141125,76.54,77.25,76.13,76.81,4531059,0
20141126,76.75,76.95,75.47,75.83,2587736,0
20141128,76.32,77.19,75.50,76.71,1735551,0
20141201,76.36,76.78,73.15,73.32,4777726,0
20141202,74.06,74.95,73.62,74.18,2628781,0
20141203,74.15,75.82,73.98,75.73,2645694,0
20141204,75.76,77.07,75.50,76.53,3533684,0
20141205,76.69,77.68,76.46,77.63,3106900,0
20141208,77.28,77.97,75.93,76.14,2292777,0
20141209,75.39,76.76,74.24,76.32,2057734,0
20141210,75.97,76.27,75.29,75.52,2074229,0
20141211,75.80,77.45,75.50,76.70,3068061,0
20141212,75.78,78.29,75.63,76.97,3240140,0
20141215,77.07,78.55,77.07,77.69,3969743,0
20141216,77.04,77.81,75.83,75.99,4596215,0
20141217,76.51,76.80,74.69,75.65,4459241,0
20141218,76.43,76.69,73.39,74.29,5661903,0
20141219,74.78,74.96,73.25,74.61,4715018,0
20141222,74.70,75.20,73.56,74.36,3026873,0
20141223,74.63,76.10,74.51,75.31,3119482,0
20141224,75.61,76.50,75.07,75.30,765801,0
20141226,75.90,76.41,74.80,75.21,1824162,0
20141229,75.08,75.82,74.66,74.93,1963249,0
20141230,74.94,76.00,74.82,75.38,1759593,0
20141231,75.64,76.05,74.95,75.10,2216850,0
20150102,75.56,75.90,74.27,74.78,1352781,0
20150105,74.32,74.32,72.36,73.00,3617298,0
20150106,69.27,69.54,65.12,66.87,16869074,0
20150107,67.51,70.05,67.01,68.71,8488148,0
20150108,69.10,70.35,68.71,70.00,3837174,0
20150109,70.10,70.23,68.54,69.26,2366193,0
20150112,69.42,69.97,68.75,69.33,2594233,0
20150113,69.78,70.53,67.71,68.42,2885887,0
20150114,65.21,66.97,65.10,66.52,5445475,0
20150115,67.36,68.00,66.00,66.01,3284184,0
20150116,65.98,67.25,65.42,67.01,3618878,0
20150120,66.81,67.65,66.52,67.01,3139840,0
20150121,68.72,69.20,67.78,68.50,2961270,0
20150122,68.78,69.45,68.00,69.09,2331805,0
20150123,69.86,70.01,68.78,69.33,3095010,0
20150126,69.87,70.05,69.22,69.88,2419861,0
20150127,69.30,71.00,68.76,70.78,3197769,0
20150128,71.31,71.37,69.93,69.99,2681304,0
20150129,72.47,73.00,71.08,72.53,4376914,0
20150130,71.43,72.28,70.43,70.79,3198219,0
20150202,70.85,71.76,70.32,71.56,2484240,0
20150203,70.65,72.25,70.31,72.22,2899454,0
20150204,69.68,71.98,69.68,71.38,5098591,0
20150205,68.00,70.65,67.11,69.77,16901529,0
20150206,70.08,72.64,69.85,72.00,6387496,0
20150209,71.74,72.69,70.77,71.39,3427511,0
20150210,72.08,72.25,70.50,71.27,3489596,0
20150211,71.33,71.71,70.67,71.02,2648307,0
20150212,71.52,72.09,70.81,71.55,2686805,0
20150213,71.73,73.28,71.61,73.27,3226584,0
20150217,72.90,73.47,72.65,72.75,2403562,0
20150218,72.46,72.50,69.68,69.80,6018760,0
20150219,70.15,70.65,69.49,69.59,4041642,0
20150220,69.47,69.58,68.51,68.98,4208965,0
20150223,68.98,70.54,68.95,69.71,3105560,0
20150224,70.10,70.10,68.31,68.39,2818673,0
20150225,69.39,69.46,68.20,68.56,3242257,0
20150226,68.66,68.85,67.74,67.89,2917693,0
20150227,68.12,68.49,67.40,67.41,3035246,0
20150302,67.46,68.33,67.41,67.95,2645161,0
20150303,67.59,68.42,67.16,68.34,2178787,0
20150304,68.17,68.93,67.10,67.14,2957254,0
20150305,67.15,67.49,66.10,67.14,2959055,0
20150306,66.98,67.19,65.76,65.98,3385221,0
20150309,64.30,64.95,63.31,64.33,6504912,0
20150310,63.88,65.07,63.84,64.70,2869803,0
20150311,64.69,65.58,64.37,65.22,2995896,0
20150312,65.49,65.60,64.24,65.42,3232054,0
20150313,65.39,66.25,64.34,64.74,2570408,0
20150316,64.99,65.05,64.30,64.53,2652172,0
20150317,64.25,65.09,64.07,64.81,1919363,0
20150318,64.81,66.62,64.56,66.36,2386866,0
20150319,66.53,66.85,65.99,66.82,2031128,0
20150320,67.12,67.20,66.13,66.13,3095135,0
20150323,66.51,68.57,66.35,67.89,3104330,0
20150324,67.82,68.14,67.19,67.72,2246088,0
20150325,67.94,68.82,67.73,68.01,2372222,0
20150326,67.61,67.88,66.65,66.66,1772419,0
20150327,66.63,67.12,66.07,66.97,1639558,0
20150330,67.25,67.40,66.23,66.26,2458422,0
20150331,66.27,66.66,65.55,65.75,3701142,0
20150401,64.03,65.00,63.40,64.08,6071508,0
20150402,64.18,64.94,63.21,63.39,3871027,0
20150406,63.07,63.80,63.06,63.50,3411743,0
20150407,63.60,64.94,63.60,64.38,2066596,0
20150408,64.15,65.31,64.11,64.88,2763371,0
20150409,65.10,65.83,65.07,65.24,2251255,0
20150410,65.18,65.70,64.30,64.60,2581285,0
20150413,64.36,64.98,64.09,64.12,2284563,0
20150414,64.06,64.26,62.85,62.94,3823697,0
20150415,63.34,63.82,62.65,63.76,3364010,0
20150416,63.48,63.83,63.37,63.72,2601290,0
20150417,63.44,63.75,62.94,63.25,3466271,0
20150420,62.46,62.63,61.22,62.16,5432546,0
20150421,62.30,62.90,61.88,62.22,4484952,0
20150422,62.23,62.50,61.50,62.31,2611903,0
20150423,62.51,63.96,62.30,63.34,3548611,0
20150424,63.56,63.98,63.14,63.48,1903704,0
20150427,63.49,63.95,62.84,63.02,2516957,0
20150428,62.00,63.30,61.92,62.68,2477859,0
20150429,62.39,62.60,61.43,62.50,2650081,0
20150430,62.25,62.46,61.43,61.86,2483629,0
20150501,62.11,62.66,61.64,62.55,2409502,0
20150504,62.55,62.97,62.26,62.64,1917650,0
20150505,62.56,62.95,62.37,62.57,1839741,0
20150506,62.18,62.58,62.00,62.35,2853520,0
20150507,62.39,62.64,62.01,62.42,1908278,0
20150508,62.83,63.31,62.28,62.51,1374817,0
20150511,62.43,63.24,62.43,62.82,1403164,0
20150512,62.50,62.81,61.82,62.15,2065241,0
20150513,61.64,62.15,60.77,61.10,2832617,0
20150514,61.07,61.41,60.24,61.08,2442204,0
20150515,61.15,61.16,60.62,61.02,1682773,0
20150518,61.26,61.98,60.93,61.16,2264192,0
20150519,61.10,61.35,60.37,60.72,2802299,0
20150520,60.90,60.93,59.88,60.45,2959389,0
20150521,60.57,61.51,60.23,61.33,3838308,0
20150522,61.66,61.95,61.13,61.63,3375886,0
20150526,61.50,61.55,59.80,60.59,5868867,0
20150527,49.50,50.50,45.88,45.93,69237385,0
20150528,45.61,46.95,45.57,45.78,21680875,0
20150529,46.00,46.69,45.53,46.50,12539963,0
20150601,46.98,47.87,46.52,47.74,12083047,0
20150602,47.92,48.98,47.75,48.60,10189321,0
20150603,48.92,49.07,48.40,48.58,6440978,0
20150604,48.10,49.31,48.01,49.28,6495020,0
20150605,49.23,49.71,48.73,48.87,5229821,0
20150608,48.84,49.24,48.01,48.15,6658687,0
20150609,48.01,48.81,48.01,48.57,4232048,0
20150610,48.72,49.17,48.16,48.21,5365245,0
20150611,48.32,48.73,47.19,47.84,5426600,0
20150612,47.60,48.36,47.38,48.23,3011611,0
20150615,47.85,47.91,46.83,47.10,3760451,0
20150616,47.08,47.34,46.42,46.51,3982960,0
20150617,46.60,46.90,46.06,46.43,3823271,0
20150618,46.70,46.93,46.10,46.17,3107841,0
20150619,46.27,46.92,46.23,46.60,6135198,0
20150622,46.84,47.51,46.49,47.34,3547977,0
20150623,47.44,47.92,46.54,46.80,4353712,0
20150624,46.81,47.42,46.06,46.20,3537537,0
20150625,46.51,46.51,45.23,45.37,4415362,0
20150626,45.33,45.54,44.83,44.91,4356199,0
20150629,44.30,44.59,43.32,43.37,6007925,0
20150630,43.60,43.60,41.52,42.09,10919892,0
20150701,42.63,43.49,42.51,43.11,4408307,0
20150702,43.14,43.54,42.81,43.07,2869127,0
20150706,42.68,42.68,41.56,41.83,4526107,0
20150707,41.84,42.47,41.16,42.42,3751545,0
20150708,42.13,42.41,41.65,41.68,2847399,0
20150709,42.16,42.67,41.92,41.99,3216091,0
20150710,42.39,42.79,42.00,42.49,2716956,0
20150713,42.87,44.17,42.86,44.06,4316291,0
20150714,43.91,44.09,42.95,43.48,3639102,0
20150715,43.22,43.46,42.76,42.95,2704825,0
20150716,42.30,42.30,41.09,41.25,5932239,0
20150717,41.40,41.62,40.23,40.52,5233485,0
20150720,40.91,41.03,39.90,39.92,3863814,0
20150721,40.10,40.88,40.04,40.58,4604418,0
20150722,40.69,40.96,39.98,40.13,2752730,0
20150723,40.08,40.40,39.68,39.81,3539203,0
20150724,39.98,40.02,38.88,39.33,2989571,0
20150727,39.12,39.77,38.80,39.07,2617064,0
20150728,39.18,39.61,38.88,39.42,2261320,0
20150729,39.25,40.18,38.94,40.11,2975181,0
20150730,40.12,42.28,40.00,42.12,7944461,0
20150731,41.49,42.19,41.22,41.99,4240386,0
20150803,41.40,41.43,38.39,38.71,7099461,0
20150804,38.82,39.36,38.16,38.54,4766764,0
20150805,39.07,40.18,39.04,39.49,4936435,0
20150806,42.38,44.59,41.70,43.77,13993931,0
20150807,43.51,44.38,43.35,43.84,5817492,0
20150810,44.12,45.47,44.02,45.29,4127611,0
20150811,44.68,45.82,44.50,45.37,4830027,0
20150812,44.99,44.99,43.44,44.44,5265286,0
20150813,44.34,44.44,43.57,43.61,3790950,0
20150814,43.65,44.00,43.31,43.37,3600919,0
20150817,43.06,43.70,42.60,43.52,2884175,0
20150818,43.10,43.47,41.97,42.88,3757894,0
20150819,42.81,43.50,42.09,43.18,3676886,0
20150820,42.86,43.16,42.15,42.16,3580501,0
20150821,41.69,41.87,40.07,40.08,5474079,0
20150824,36.75,39.74,36.63,38.06,7017003,0
20150825,39.54,40.93,38.75,39.39,5353282,0
20150826,40.01,41.30,39.57,41.07,4517065,0
20150827,41.56,43.44,41.39,43.28,6045905,0
20150828,43.00,43.85,42.86,43.17,2826780,0
20150831,43.17,44.12,42.69,43.46,2742108,0
20150901,42.79,43.41,42.30,42.79,3167724,0
20150902,43.31,44.51,43.07,44.51,3162834,0
20150903,44.49,45.23,44.32,44.92,2897137,0
20150904,43.80,44.18,43.31,43.94,3165920,0
20150908,44.83,45.28,44.15,44.50,2796506,0
20150909,44.94,45.43,43.83,43.92,2325970,0
20150910,43.64,44.13,43.35,43.69,1770989,0
20150911,43.49,44.15,43.20,44.15,2022886,0
20150914,44.05,44.12,42.91,43.15,2020271,0
20150915,43.04,44.07,43.01,43.86,2025187,0
20150916,43.46,45.34,43.46,45.12,2790024,0
20150917,43.95,45.15,43.74,44.35,2033907,0
20150918,43.46,43.99,42.87,43.11,4549911,0
20150921,43.45,44.22,43.11,43.57,1745308,0
20150922,42.87,43.34,42.58,43.07,1734779,0
20150923,43.08,43.24,42.02,42.18,2038372,0
20150924,42.00,42.87,41.62,42.72,2130995,0
20150925,43.18,43.28,42.15,42.40,1729959,0
20150928,42.24,42.37,40.42,40.55,2445224,0
20150929,40.52,41.28,40.12,40.70,2400981,0
20150930,41.16,42.29,40.93,42.24,2534043,0
20151001,42.21,42.61,41.00,41.66,2146103,0
20151002,41.17,43.56,40.74,43.53,2550156,0
20151005,43.74,44.29,43.14,43.89,1704990,0
20151006,43.96,44.38,43.30,43.37,2014633,0
20151007,43.33,43.84,42.13,42.72,2754890,0
20151008,42.27,43.68,42.22,43.51,2058098,0
20151009,42.90,43.24,41.95,42.59,2128796,0
20151012,42.97,43.00,41.57,41.92,1712172,0
20151013,41.71,42.19,40.81,41.55,1692729,0
20151014,41.75,42.18,41.33,41.76,1427926,0
20151015,42.04,42.04,40.69,41.75,2064534,0
20151016,41.87,41.87,39.90,40.28,5328584,0
20151019,40.16,40.33,39.09,39.77,4489804,0
20151020,39.88,40.51,39.69,39.90,3085324,0
20151021,40.34,40.40,39.54,39.60,3491114,0
20151022,40.26,40.34,39.33,39.46,3840025,0
20151023,39.89,39.89,38.34,38.53,5992889,0
20151026,38.60,39.25,38.50,38.76,4303201,0
20151027,39.43,39.80,38.58,38.68,2856039,0
20151028,39.38,39.48,38.18,38.54,4032528,0
20151029,38.76,38.79,37.91,38.69,4856855,0
20151030,38.98,39.00,38.02,38.64,4779559,0
20151102,38.92,39.08,37.90,38.96,4367199,0
20151103,38.89,39.69,38.53,39.32,5849719,0
20151104,39.99,44.79,39.55,42.57,20734410,0
20151105,43.11,43.93,42.90,43.49,5268259,0
20151106,43.13,43.93,42.97,43.48,3772808,0
20151109,43.53,44.19,42.38,42.84,3715532,0
20151110,42.39,43.17,42.05,43.10,2301240,0
20151111,42.99,42.99,41.24,41.31,3471423,0
20151112,41.01,42.16,40.84,41.64,2541693,0
20151113,40.90,40.90,38.96,39.00,5405542,0
20151116,38.89,39.81,38.47,39.67,2748195,0
20151117,39.53,39.86,38.69,39.32,2639131,0
20151118,39.38,41.02,39.35,40.85,2606271,0
20151119,40.95,41.42,40.56,40.88,1923464,0
20151120,41.19,41.99,40.93,41.13,2319664,0
20151123,41.05,42.55,41.01,42.22,3115838,0
20151124,41.90,43.24,41.84,42.80,3190956,0
20151125,43.00,43.58,42.47,42.90,2974445,0
20151127,43.06,43.78,42.49,42.52,2076742,0
20151130,42.52,43.21,42.16,43.02,3669142,0
20151201,43.10,43.48,42.58,42.89,3303248,0
20151202,42.85,43.87,42.67,43.03,2925046,0
20151203,43.06,43.52,42.07,42.70,4171293,0
20151204,42.67,42.77,41.86,42.34,2541333,0
20151207,42.12,42.94,41.15,42.87,2594868,0
20151208,42.44,42.73,41.72,42.00,3195841,0
20151209,41.74,43.17,41.53,41.94,2768199,0
20151210,41.90,42.66,41.61,42.22,2091708,0
20151211,41.67,41.81,40.19,40.39,3094985,0
20151214,40.41,40.87,39.50,40.15,2697863,0
20151215,40.50,41.05,39.92,40.48,2434913,0
20151216,40.72,41.32,40.46,40.94,2814122,0
20151217,40.86,41.05,38.97,39.43,3267436,0
20151218,39.48,40.25,39.09,39.70,5723866,0
20151221,39.85,40.46,39.64,40.33,2139785,0
20151222,40.43,41.07,39.87,40.82,2251740,0
20151223,41.45,41.72,40.70,41.63,2242944,0
20151224,41.53,41.57,40.83,40.86,822963,0
20151228,40.64,41.33,40.12,40.63,1989521,0
20151229,40.89,41.21,40.74,41.01,1440152,0
20151230,41.00,41.40,40.10,40.22,1865914,0
20151231,40.08,40.49,39.87,40.06,1854469,0
20160104,39.39,40.51,39.23,40.37,2546783,0
20160105,40.50,40.79,39.40,40.72,2374159,0
20160106,39.98,40.86,39.29,39.76,3718437,0
20160107,39.02,40.28,38.73,38.96,2808294,0
20160108,39.13,39.35,37.73,37.79,3953058,0
20160111,37.58,38.22,36.58,37.14,3573934,0
20160112,37.71,37.99,36.81,37.52,1876201,0
20160113,37.67,38.12,36.06,36.15,3060520,0
20160114,36.26,36.62,35.02,36.11,2767089,0
20160115,35.05,36.03,34.91,35.57,4086827,0
20160119,36.15,36.37,35.33,35.76,2950767,0
20160120,35.00,36.89,34.83,36.49,3342763,0
20160121,37.00,38.36,36.43,37.51,3488349,0
20160122,38.06,38.78,37.89,38.41,2044122,0
20160125,38.12,38.37,36.57,36.73,3301534,0
20160126,37.07,38.11,36.73,37.79,2547051,0
20160127,37.57,39.08,37.33,38.03,2905254,0
20160128,38.70,39.05,37.79,38.73,2444741,0
20160129,38.89,40.00,38.69,39.90,3345957,0
20160201,39.93,40.78,39.62,40.44,4852179,0
20160202,47.11,51.05,46.44,50.11,28552031,0
20160203,49.84,52.63,49.24,51.72,11641326,0
20160204,51.10,52.15,50.70,51.72,6370976,0
20160205,51.38,52.47,50.73,51.84,5742773,0
20160208,51.46,52.07,49.34,50.20,5430832,0
20160209,48.32,50.87,48.32,50.23,4644393,0
20160210,51.00,51.64,49.54,50.16,3698998,0
20160211,49.72,50.44,48.60,49.14,4514576,0
20160212,49.57,50.00,48.13,49.57,4215923,0
20160216,50.05,51.60,49.25,50.76,3907869,0
20160217,51.78,52.54,51.55,52.49,4794336,0
20160218,52.54,53.93,52.07,53.24,4886522,0
20160219,52.78,53.28,51.91,52.73,2634083,0
20160222,53.01,54.99,52.74,54.82,4846825,0
20160223,54.56,55.77,54.15,54.77,3194081,0
20160224,54.20,55.83,54.12,55.44,3494949,0
20160225,55.22,56.66,55.02,56.47,3720526,0
20160226,56.52,57.24,55.43,56.58,3849303,0
20160229,56.75,57.39,56.33,56.65,4128091,0
20160301,56.99,57.74,56.76,57.29,3561599,0
20160302,57.35,57.87,56.62,57.84,2747549,0
20160303,57.75,57.76,56.71,57.19,3173817,0
20160304,57.52,57.85,56.87,57.16,2319338,0
20160307,57.14,57.70,56.77,57.43,2025847,0
20160308,57.08,57.61,56.34,56.75,2495173,0
20160309,57.27,58.50,56.73,58.14,2958163,0
20160310,58.19,58.32,56.53,57.37,3203854,0
20160311,58.01,58.60,57.66,58.50,2292862,0
20160314,58.52,59.49,58.47,58.54,2527412,0
20160315,58.23,58.46,56.66,57.29,2411253,0
20160316,57.00,57.15,55.20,56.06,3596148,0
20160317,56.08,57.09,56.07,56.79,2531795,0
20160318,57.17,57.54,56.22,56.97,3001898,0
20160321,56.77,57.48,56.65,56.92,1425577,0
20160322,56.59,56.75,55.37,56.04,1844756,0
20160323,55.74,56.55,55.38,55.93,2118502,0
20160324,55.81,55.82,55.05,55.53,1995129,0
20160328,55.74,56.66,55.48,56.27,1604662,0
20160329,56.14,56.40,55.70,56.37,1657652,0
20160330,56.90,57.19,56.40,56.87,1517374,0
20160331,56.87,57.54,56.84,56.96,1913312,0
20160401,56.82,57.06,56.04,56.97,2560744,0
20160404,57.39,58.63,56.28,56.35,3126251,0
20160405,56.22,56.71,55.82,55.90,2496643,0
20160406,55.97,56.60,55.55,56.32,2051784,0
20160407,55.66,55.95,53.46,53.74,4208012,0
20160408,54.03,54.20,51.11,51.19,4622352,0
20160411,51.30,52.74,50.41,51.38,4051439,0
20160412,51.38,51.95,50.79,51.62,2534285,0
20160413,51.93,53.48,51.34,53.15,3532691,0
20160414,53.07,53.36,51.59,51.80,2076805,0
20160415,51.68,52.44,51.48,52.29,1932707,0
20160418,52.17,52.94,52.14,52.64,1580228,0
20160419,52.71,52.71,51.83,51.98,3942483,0
20160420,51.34,52.32,50.84,51.98,3473553,0
20160421,52.34,52.58,51.59,51.64,1650016,0
20160422,51.01,51.62,50.89,51.60,2538379,0
20160425,51.75,52.58,51.50,51.84,2133951,0
20160426,52.01,53.54,52.01,53.41,3497502,0
20160427,54.30,55.37,54.00,55.12,3437058,0
20160428,54.89,55.23,52.65,52.82,2374203,0
20160429,52.78,52.87,50.90,51.66,3476992,0
20160502,51.97,53.06,51.24,52.95,2499392,0
20160503,52.12,52.56,51.44,52.43,2199747,0
20160504,52.11,52.66,51.08,51.31,1648952,0
20160505,51.08,51.34,50.11,50.18,2283622,0
20160506,50.18,51.13,49.67,50.87,1987390,0
20160509,50.56,51.38,50.38,50.68,2028001,0
20160510,50.69,50.72,49.19,49.90,3615929,0
20160511,46.23,46.67,43.54,44.01,15023338,0
20160512,44.34,44.44,43.06,43.79,5586259,0
20160513,43.07,43.10,40.81,41.91,9170461,0
20160516,41.86,41.98,40.99,41.46,3053533,0
20160517,41.43,42.35,40.74,41.63,4735409,0
20160518,41.38,41.98,40.45,40.75,3144192,0
20160519,40.66,41.46,40.36,40.70,3620653,0
20160520,40.84,41.64,40.81,41.55,2747947,0
20160523,41.87,42.74,41.49,41.51,3709822,0
20160524,41.51,41.93,40.72,41.56,3967266,0
20160525,41.06,41.89,40.99,41.80,2735726,0
20160526,42.34,42.60,41.48,41.82,2992363,0
20160527,41.94,42.08,41.55,41.79,2944578,0
20160531,41.66,42.93,41.41,42.72,10067927,0
20160601,45.29,46.00,43.73,45.55,16533433,0
20160602,45.42,47.83,45.30,47.51,9374083,0
20160603,46.88,49.02,46.88,48.45,7149713,0
20160606,48.45,49.88,48.16,49.59,5458393,0
20160607,49.17,50.97,49.16,50.85,6035167,0
20160608,50.86,50.90,50.30,50.67,6388772,0
20160609,50.33,50.87,49.80,50.74,4610416,0
20160610,50.00,50.49,49.76,49.84,3509500,0
20160613,49.65,50.16,49.50,49.67,4274036,0
20160614,49.28,49.97,48.77,49.42,3995993,0
20160615,49.73,50.92,49.69,49.88,2861834,0
20160616,49.63,49.94,48.85,49.09,2786759,0
20160617,49.10,50.09,48.85,49.97,2793130,0
20160620,50.89,51.08,50.01,50.04,2350142,0
20160621,50.33,50.74,49.89,50.66,2973080,0
20160622,50.40,51.49,50.31,50.80,3417515,0
20160623,51.37,51.58,50.58,50.82,3150462,0
20160624,48.40,49.20,47.50,47.61,5684505,0
20160627,47.14,47.19,45.26,46.19,3293367,0
20160628,46.80,47.57,46.77,47.44,2575185,0
20160629,48.01,48.90,47.78,48.42,2968602,0
20160630,48.47,49.48,48.02,49.48,2675062,0
20160701,49.53,50.26,49.16,50.08,1870131,0
20160705,49.66,49.84,48.63,49.16,2755459,0
20160706,49.00,49.02,48.00,48.54,4745701,0
20160707,48.58,49.84,48.48,49.05,3622307,0
20160708,49.69,50.33,49.48,50.23,2876833,0
20160711,50.40,51.63,50.27,51.10,2990791,0
20160712,51.54,52.11,51.41,51.91,2286893,0
20160713,51.84,52.00,51.35,51.72,1631252,0
20160714,51.91,51.98,51.49,51.57,1748230,0
20160715,51.84,51.85,51.37,51.64,1226768,0
20160718,51.64,52.70,51.48,52.00,1678798,0
20160719,51.60,51.96,50.72,51.19,2120923,0
20160720,51.16,51.67,50.89,51.59,1470269,0
20160721,51.50,52.21,51.26,51.35,2008148,0
20160722,51.22,51.60,50.45,51.44,1903073,0
20160725,50.95,51.88,50.64,51.68,1823955,0
20160726,51.68,52.97,51.56,52.16,2694069,0
20160727,52.16,52.85,51.93,52.33,2904880,0
20160728,52.23,52.36,51.78,52.06,1743313,0
20160729,51.86,51.97,51.27,51.72,1628482,0
20160801,51.80,53.29,51.52,52.90,3217933,0
20160802,52.65,53.17,50.32,50.32,3304808,0
20160803,47.64,49.29,46.50,49.02,5565018,0
20160804,49.26,50.66,49.26,49.67,3211149,0
20160805,49.89,50.73,49.81,50.41,2644986,0
20160808,50.88,51.84,50.09,50.27,4161818,0
20160809,49.97,50.55,49.51,50.11,5864192,0
20160810,49.59,51.14,48.45,48.71,8333879,0
20160811,49.22,49.84,48.48,49.13,4356187,0
20160812,48.81,49.21,48.50,48.79,2481517,0
20160815,49.00,50.34,48.79,49.96,3190948,0
20160816,49.69,50.52,49.55,49.90,2102792,0
20160817,49.77,49.94,48.68,48.80,3614885,0
20160818,48.95,49.44,48.51,49.31,2873358,0
20160819,49.21,50.32,48.98,50.08,2514431,0
20160822,49.84,50.31,49.68,50.13,2032440,0
20160823,50.33,50.96,50.23,50.78,2208538,0
20160824,50.66,51.00,49.99,50.34,2282743,0
20160825,50.11,50.87,49.78,50.26,2551040,0
20160826,50.13,50.65,49.43,49.59,1948674,0
20160829,49.59,50.58,49.59,50.21,1451085,0
20160830,49.96,50.11,49.14,49.25,1676406,0
20160831,49.14,49.72,48.46,48.95,2122621,0
20160901,48.88,49.67,48.71,49.62,1770993,0
20160902,49.48,50.36,49.16,49.21,2544118,0
20160906,49.17,49.21,48.45,48.74,1778756,0
20160907,48.87,50.00,48.68,49.92,2834131,0
20160908,49.92,49.99,49.04,49.17,2316420,0
20160909,49.00,49.00,47.73,47.73,2008738,0
20160912,47.46,48.54,47.30,48.31,1692320,0
20160913,48.09,48.24,47.01,47.50,1540527,0
20160914,47.38,47.66,46.98,47.49,1837242,0
20160915,47.09,47.76,46.85,47.68,1824346,0
20160916,47.44,47.94,47.14,47.85,4192477,0
20160919,48.07,49.94,47.97,49.62,3381042,0
20160920,49.86,49.90,48.78,49.12,1760353,0
20160921,49.22,49.88,48.88,49.84,1708926,0
20160922,50.05,50.41,49.78,50.11,1562329,0
20160923,50.07,51.06,50.07,50.51,1669216,0
20160926,50.38,50.44,47.96,47.97,4017079,0
20160927,47.97,48.22,47.61,48.17,1969975,0
20160928,48.02,48.35,47.77,48.24,1895649,0
20160929,47.98,48.29,46.87,46.87,1779282,0
20160930,46.99,47.32,46.44,46.79,2874206,0
20161003,46.61,46.88,46.10,46.44,1750769,0
20161004,46.60,47.50,46.05,47.35,2467602,0
20161005,47.38,47.44,47.00,47.01,1843432,0
20161006,47.01,47.73,46.68,47.52,3053958,0
20161007,47.70,47.78,46.86,46.96,2156193,0
20161010,47.24,47.61,46.39,46.42,2205080,0
20161011,46.44,46.77,45.47,45.65,3270540,0
20161012,45.65,47.00,45.45,46.77,3131006,0
20161013,46.32,46.79,45.18,46.63,3141155,0
20161014,46.91,47.21,46.64,46.65,2435436,0
20161017,46.92,47.36,46.52,46.55,1642440,0
20161018,46.91,47.85,46.62,47.52,2492908,0
20161019,47.74,50.33,47.48,50.10,6577593,0
20161020,49.95,49.95,49.17,49.60,3019323,0
20161021,49.01,49.03,48.11,48.95,2447015,0
20161024,49.14,49.37,48.51,48.84,1396409,0
20161025,48.21,48.89,48.21,48.55,1496019,0
20161026,48.38,49.15,48.34,48.56,1429891,0
20161027,48.77,49.04,47.97,48.17,1828854,0
20161028,48.21,50.88,48.15,50.12,5556020,0
20161031,50.23,51.28,50.01,50.78,3689470,0
20161101,50.95,52.67,50.12,50.37,4171971,0
20161102,49.99,51.18,49.57,49.73,2565115,0
20161103,49.75,49.85,48.01,48.24,2972001,0
20161104,48.28,49.99,48.25,49.09,2535982,0
20161107,49.87,51.77,49.64,50.30,3857736,0
20161108,50.26,51.04,49.95,50.32,2420811,0
20161109,49.56,50.82,48.94,50.18,2959296,0
20161110,51.06,52.33,50.76,51.76,4563290,0
20161111,49.30,51.00,46.57,49.70,15560939,0
20161114,49.43,50.20,47.01,47.16,6780569,0
20161115,47.25,47.46,46.12,46.90,4176628,0
20161116,46.97,47.85,46.76,47.51,2639743,0
20161117,47.68,48.93,47.52,48.57,3419054,0
20161118,48.43,48.46,47.50,47.57,2307754,0
20161121,47.75,48.49,47.46,48.14,2356073,0
20161122,48.25,49.56,48.00,48.27,3856782,0
20161123,48.25,48.62,48.01,48.59,2047933,0
20161125,48.93,49.94,48.68,48.91,1095252,0
20161128,48.72,48.75,47.57,48.03,1978119,0
20161129,48.29,48.66,47.67,47.71,1576405,0
20161130,47.56,47.74,46.40,46.49,3114153,0
20161201,46.50,47.20,45.80,46.23,2462257,0
20161202,46.32,46.53,46.03,46.20,1951942,0
20161205,46.55,48.50,46.31,48.47,3012060,0
20161206,48.30,48.53,47.91,48.37,1987774,0
20161207,48.06,48.94,47.84,48.91,2049083,0
20161208,49.11,51.06,48.99,50.61,3639034,0
20161209,50.80,51.42,49.19,49.36,1869203,0
20161212,49.17,49.25,47.49,47.87,2493620,0
20161213,47.93,48.44,47.55,47.88,1676575,0
20161214,47.85,48.95,47.21,47.30,1769293,0
20161215,47.30,47.36,45.51,46.01,2904416,0
20161216,46.13,46.43,45.04,45.21,3792131,0
20161219,45.22,45.83,44.64,44.85,2030375,0
20161220,44.94,45.00,43.87,44.26,2391801,0
20161221,44.37,44.40,43.55,44.21,1932182,0
20161222,44.02,44.25,42.64,42.75,3058741,0
20161223,42.81,43.56,42.59,42.84,1407718,0
20161227,42.48,43.60,42.34,42.92,1204722,0
20161228,43.06,43.33,41.95,43.14,2257389,0
20161229,43.08,43.38,42.45,42.84,1232594,0
20161230,42.78,43.20,42.67,42.98,1466703,0
20170103,42.78,43.45,42.10,43.08,1929634,0
20170104,43.20,43.93,43.20,43.50,2147527,0
20170105,42.65,42.71,40.81,42.10,3695929,0
20170106,42.18,42.76,42.12,42.47,2562292,0
20170109,42.44,42.56,41.85,42.04,2137763,0
20170110,42.04,43.88,42.04,43.38,2952261,0
20170111,43.72,43.72,42.75,42.87,2088388,0
20170112,42.67,43.20,42.51,42.65,1332907,0
20170113,42.69,43.18,42.29,42.39,1359360,0
20170117,42.33,44.25,42.26,43.56,2292082,0
20170118,43.85,43.85,42.31,43.23,2159175,0
20170119,43.15,43.47,42.02,42.03,1935263,0
20170120,42.23,42.61,41.65,42.46,2378286,0
20170123,42.21,42.96,42.01,42.56,1418846,0
20170124,42.70,43.43,42.36,43.40,2413286,0
20170125,43.68,43.73,42.77,42.80,1675694,0
20170126,42.98,43.07,41.91,42.06,1899963,0
20170127,42.12,42.31,41.40,41.53,1220459,0
20170130,41.58,41.88,41.19,41.79,1242430,0
20170131,41.55,42.82,41.21,42.81,2602157,0
20170201,42.32,42.32,41.20,41.34,2426123,0
20170202,41.12,41.56,40.88,40.89,2194460,0
20170203,40.85,41.55,40.43,41.02,1724944,0
20170206,41.05,41.36,40.75,41.28,2871288,0
20170207,36.09,36.82,34.92,36.82,21509871,0
20170208,36.76,38.66,36.42,37.87,9807631,0
20170209,38.01,38.87,37.91,38.27,3734061,0
20170210,38.48,38.91,37.96,38.38,3958591,0
20170213,38.29,38.45,37.57,37.60,3586957,0
20170214,37.64,38.30,37.63,38.10,3075716,0
20170215,37.83,38.32,37.83,38.05,2624559,0
20170216,38.60,39.22,37.80,38.21,2931558,0
20170217,37.95,38.44,37.81,38.30,2465465,0
20170221,38.30,39.64,38.05,38.31,2722794,0
20170222,38.29,38.42,37.71,37.92,1939365,0
20170223,38.16,38.44,37.21,37.28,3656016,0
20170224,37.37,37.78,37.02,37.30,2638044,0
20170227,37.45,37.99,37.35,37.60,4222158,0
20170228,37.50,37.57,36.37,36.50,3577850,0
20170301,36.87,37.06,36.44,36.90,7014188,0
20170302,36.93,37.12,36.71,37.03,3022586,0
20170303,37.25,37.44,36.18,36.41,1735443,0
20170306,36.43,36.80,36.26,36.51,2032651,0
20170307,36.39,36.58,35.91,36.02,2150361,0
20170308,36.23,36.59,36.04,36.40,2521656,0
20170309,36.50,36.65,36.03,36.46,3561796,0
20170310,36.65,37.09,36.58,36.85,2959031,0
20170313,36.93,37.29,36.80,36.92,2811277,0
20170314,36.72,37.81,36.72,37.21,2615660,0
20170315,37.17,37.83,37.03,37.61,2220067,0
20170316,37.54,38.16,37.42,37.74,2648088,0
20170317,37.72,37.99,37.39,37.83,2739053,0
20170320,37.82,37.94,37.13,37.39,1596069,0
20170321,37.40,37.55,36.36,36.74,2449590,0
20170322,36.54,36.63,36.10,36.58,1482150,0
20170323,36.97,37.61,36.94,37.23,1752518,0
20170324,37.23,37.67,37.02,37.56,1163302,0
20170327,37.30,38.17,37.27,37.80,1756920,0
20170328,37.79,38.49,37.68,38.35,1739629,0
20170329,38.14,38.59,38.05,38.28,1746791,0
20170330,37.98,38.46,37.98,38.13,1684498,0
20170331,38.24,38.35,38.05,38.11,1368922,0
20170403,38.16,38.25,37.74,38.04,1439242,0
20170404,37.65,37.82,36.61,36.82,2430396,0
20170405,36.89,37.48,36.74,36.84,1668821,0
20170406,36.98,37.58,36.91,37.07,1606424,0
20170407,37.00,37.60,36.91,37.55,1818146,0
20170410,37.70,37.91,36.96,37.29,1526800,0
20170411,37.35,37.82,37.19,37.76,1139828,0
20170412,37.88,37.95,37.57,37.78,1152248,0
20170413,37.72,37.92,37.33,37.56,1246049,0
20170417,37.61,37.65,37.04,37.32,1127092,0
20170418,37.05,37.07,36.65,36.90,1623215,0
20170419,36.81,37.13,36.38,36.87,1879424,0
20170420,37.10,37.95,37.08,37.58,1917650,0
20170421,37.56,37.56,36.58,36.76,1493227,0
20170424,37.16,37.22,36.52,36.65,1754376,0
20170425,36.82,37.65,36.81,37.47,3079930,0
20170426,37.48,38.46,37.33,38.05,2153207,0
20170427,38.09,38.30,37.63,38.01,1349962,0
20170428,37.98,38.05,37.23,37.33,1388568,0
20170501,37.43,37.45,36.61,36.72,1273754,0
20170502,37.11,38.50,37.00,37.90,2134538,0
20170503,37.85,38.14,37.01,37.18,1288953,0
20170504,37.36,37.59,37.02,37.51,984275,0
20170505,37.59,38.14,37.40,38.10,1833086,0
20170508,38.31,38.54,38.14,38.24,1762855,0
20170509,38.29,38.97,38.16,38.65,1332751,0
20170510,38.35,38.67,37.53,38.23,2634074,0
20170511,38.08,38.09,36.66,37.18,2420355,0
20170512,36.95,37.13,36.41,36.74,2262610,0
20170515,36.75,36.92,36.34,36.47,2313766,0
20170516,36.40,36.42,35.62,35.95,2211494,0
20170517,35.73,36.28,35.64,35.82,1769881,0
20170518,35.92,36.29,35.38,35.45,2163740,0
20170519,35.66,36.66,35.66,36.41,1922612,0
20170522,36.42,37.07,36.42,36.87,1656516,0
20170523,36.98,37.60,36.79,36.97,1766706,0
20170524,36.70,36.91,36.41,36.75,1364390,0
20170525,37.16,37.40,36.47,36.63,1772655,0
20170526,36.50,36.79,35.80,36.76,1547501,0
20170530,36.81,37.10,36.02,36.27,3656570,0
20170531,33.16,33.85,32.38,33.18,15919497,0
20170601,33.22,33.57,32.50,33.08,5213784,0
20170602,33.08,33.32,32.80,33.05,3902891,0
20170605,32.94,34.82,32.90,34.49,5491883,0
20170606,34.34,35.28,34.23,34.62,4358395,0
20170607,34.80,35.01,34.12,34.21,3184993,0
20170608,34.50,35.20,34.38,35.09,5294482,0
20170609,35.05,36.22,35.01,35.70,4845063,0
20170612,35.70,36.41,35.32,35.40,2799098,0
20170613,35.37,35.40,34.66,34.77,2357040,0
20170614,34.85,34.90,34.11,34.56,1945547,0
20170615,34.37,34.87,34.15,34.68,2331066,0
20170616,34.55,34.61,33.83,34.60,3263755,0
20170619,34.61,35.02,34.47,34.94,1574876,0
20170620,35.02,35.02,34.17,34.54,1694873,0
20170621,34.68,34.85,34.24,34.52,1137891,0
20170622,34.56,35.06,34.37,34.83,994253,0
20170623,34.97,35.51,34.70,35.34,4602844,0
20170626,35.38,35.93,35.38,35.66,1227289,0
20170627,35.61,35.89,35.45,35.75,1566432,0
20170628,35.95,36.40,35.83,35.98,1474810,0
20170629,36.10,36.16,35.56,35.70,1342345,0
20170630,36.15,36.43,35.84,36.25,1793960,0
20170703,36.23,36.68,36.02,36.25,1018569,0
20170705,36.22,36.44,36.16,36.41,1890461,0
20170706,36.34,36.35,35.46,35.49,1794774,0
20170707,35.69,36.24,35.42,36.04,1250188,0
20170710,35.80,36.03,35.40,35.89,1683333,0
20170711,35.12,35.20,32.81,33.25,7040754,0
20170712,33.24,33.83,33.22,33.29,2128082,0
20170713,33.43,33.80,33.30,33.46,1578368,0
20170714,33.59,34.11,33.53,34.03,1625194,0
20170717,34.05,35.02,34.03,34.51,1698859,0
20170718,34.42,34.44,34.07,34.20,1117134,0
20170719,34.23,34.74,34.17,34.73,961812,0
20170720,34.87,35.14,34.72,35.02,839101,0
20170721,35.08,35.43,34.64,35.18,1265960,0
20170724,35.06,35.22,34.63,34.91,1094508,0
20170725,34.10,35.13,33.35,34.93,4688441,0
20170726,35.18,35.86,34.65,35.50,2869495,0
20170727,35.51,36.30,35.30,36.20,1823210,0
20170728,36.14,36.72,36.01,36.55,1498735,0
20170731,36.68,36.78,36.00,36.44,1914540,0
20170801,36.45,36.94,36.33,36.76,2188614,0
20170802,36.80,36.95,36.32,36.35,1593833,0
20170803,36.20,36.71,35.73,36.45,2834085,0
20170804,36.56,37.15,36.46,36.80,1979671,0
20170807,36.90,37.64,36.76,37.23,3616125,0
20170808,43.95,45.73,42.71,45.25,14431703,0
20170809,44.98,46.26,44.76,45.78,5361240,0
20170810,45.38,45.46,44.68,45.16,4407373,0
20170811,44.90,45.77,44.58,44.69,2664119,0
20170814,44.80,45.83,44.54,45.02,2873437,0
20170815,44.52,44.85,43.98,44.03,2458079,0
20170816,44.38,44.58,43.90,44.03,2100981,0
20170817,43.90,44.17,43.32,43.35,2123230,0
20170818,43.05,43.05,41.56,41.96,2814985,0
20170821,42.14,42.54,41.84,41.95,2040272,0
20170822,42.17,42.33,41.61,41.80,1714149,0
20170823,41.82,42.13,41.47,41.66,1467658,0
20170824,42.05,42.58,41.51,41.79,2085406,0
20170825,41.98,42.67,41.98,42.29,1312807,0
20170828,42.05,42.53,42.04,42.46,1153123,0
20170829,42.05,42.48,41.77,42.32,1146673,0
20170830,42.31,42.38,41.89,42.07,2239443,0
20170831,42.05,42.61,42.05,42.22,1633030,0
20170901,42.44,43.24,42.39,42.81,1629011,0
20170905,42.52,42.82,41.81,42.45,2371321,0
20170906,42.62,42.79,42.34,42.65,1573248,0
20170907,42.90,42.96,42.23,42.37,1413020,0
20170908,42.38,42.52,42.01,42.15,1267446,0
20170911,42.32,42.97,42.29,42.69,1551800,0
20170912,42.32,42.84,42.00,42.57,1386624,0
20170913,42.60,42.99,42.55,42.92,1360230,0
20170914,43.64,44.49,43.43,44.42,3617099,0
20170915,44.34,44.93,43.58,44.92,4398179,0
20170918,45.00,45.00,44.29,44.65,1984085,0
20170919,46.52,47.24,45.74,46.18,3869988,0
20170920,45.95,46.42,45.41,46.11,2088791,0
20170921,46.10,46.27,45.52,45.92,1626902,0
20170922,45.75,46.24,45.46,46.16,1397052,0
20170925,46.07,46.67,45.77,45.87,1514182,0
20170926,46.47,47.44,46.19,47.03,2126352,0
20170927,47.79,48.59,47.36,48.55,2456954,0
20170928,48.38,48.45,47.68,47.71,1854035,0
20170929,48.03,48.08,47.70,47.85,1606123,0
20171002,48.06,48.24,47.74,48.17,1339566,0
20171003,48.20,48.27,47.36,47.60,1302808,0
20171004,47.55,47.83,47.25,47.53,1043058,0
20171005,47.53,47.76,47.30,47.61,1750649,0
20171006,47.60,47.67,47.02,47.48,1388867,0
20171009,47.50,47.69,46.95,47.30,790891,0
20171010,47.30,47.68,47.16,47.56,1078463,0
20171011,47.33,47.48,46.70,47.00,1632727,0
20171012,47.03,47.67,46.80,47.65,2820967,0
20171013,47.44,48.15,47.21,47.77,1978436,0
20171016,47.67,48.72,47.67,48.62,2655464,0
20171017,48.41,49.00,48.15,48.99,2146660,0
20171018,49.21,49.98,48.86,49.13,2066534,0
20171019,48.89,49.15,48.69,48.84,1259890,0
20171020,49.20,49.97,49.02,49.95,2183042,0
20171023,49.95,50.17,49.42,49.44,1286459,0
20171024,49.73,49.82,49.33,49.80,966504,0
20171025,49.65,49.76,48.76,49.73,1455945,0
20171026,49.81,50.03,49.54,49.76,1369029,0
20171027,49.67,49.78,48.75,49.02,1098354,0
20171030,48.88,49.28,48.48,48.80,2607580,0
20171031,48.85,49.19,48.51,48.81,1763660,0
20171101,49.31,49.40,48.22,48.48,2496761,0
20171102,48.85,49.02,47.56,47.93,3008009,0
20171103,47.93,48.27,47.49,47.62,3948888,0
20171106,52.31,55.01,51.74,54.62,16447365,0
20171107,54.89,55.25,53.37,54.64,3849521,0
20171108,54.40,54.50,53.77,53.95,2983071,0
20171109,53.73,54.90,53.50,54.53,3146523,0
20171110,54.57,55.01,54.39,54.71,2594585,0
20171113,54.77,54.81,53.97,54.09,2212138,0
20171114,53.91,54.92,53.76,54.89,1643973,0
20171115,54.66,55.39,54.14,55.18,2112706,0
20171116,55.20,56.14,54.80,55.76,1856097,0
20171117,56.04,56.43,55.57,56.29,1607839,0
20171120,56.06,56.72,55.84,56.15,2295809,0
20171121,56.45,56.69,55.91,56.33,1587903,0
20171122,56.18,56.62,55.94,56.61,1278672,0
20171124,56.61,57.10,56.16,56.61,853835,0
20171127,57.00,57.37,56.45,56.61,1511655,0
20171128,56.83,57.92,56.60,57.87,2705285,0
20171129,57.87,58.81,57.78,58.65,2519300,0
20171130,58.60,59.27,58.03,58.44,3146986,0
20171201,58.71,58.97,57.78,57.98,2355482,0
20171204,59.00,59.61,58.66,58.79,2379833,0
20171205,59.49,60.30,58.94,59.81,2972729,0
20171206,59.88,60.08,59.33,59.85,1962522,0
20171207,60.05,60.51,59.70,59.95,2261401,0
20171208,60.35,62.10,60.23,61.81,3798364,0
20171211,61.55,61.75,60.62,61.04,2482563,0
20171212,61.08,61.39,60.62,61.12,2123580,0
20171213,60.96,61.36,60.80,61.10,1523083,0
20171214,61.79,62.30,61.05,61.41,3007689,0
20171215,61.80,62.05,61.56,61.65,2419269,0
20171218,62.19,63.20,61.99,63.19,2272253,0
20171219,63.30,63.53,62.73,63.36,1866003,0
20171220,63.72,63.98,63.19,63.72,1467645,0
20171221,63.75,64.25,63.60,64.03,1256759,0
20171222,64.00,64.14,63.28,63.40,1012979,0
20171226,63.77,64.30,63.56,63.98,1129321,0
20171227,64.00,64.13,63.36,63.59,808431,0
20171228,63.60,63.89,63.36,63.55,976513,0
20171229,63.70,63.85,62.93,62.95,1276952,0
20180102,63.18,64.08,62.73,64.03,1550376,0
20180103,64.10,64.36,63.69,63.80,1755248,0
20180104,63.80,64.19,63.01,64.08,1928498,0
20180105,64.05,64.33,63.73,63.92,1441984,0
20180108,64.24,64.87,63.92,64.80,1898285,0
20180109,64.72,64.77,63.79,63.82,1136179,0
20180110,64.31,64.31,63.47,63.92,972767,0
20180111,63.92,64.90,63.65,64.44,1623619,0
20180112,65.03,65.25,64.42,65.24,1103041,0
20180116,65.01,65.37,63.63,63.84,1562444,0
20180117,64.02,65.20,63.74,64.63,1521760,0
20180118,64.78,65.06,64.29,65.01,1508006,0
20180119,65.26,65.96,64.81,65.86,1556206,0
20180122,65.77,66.55,65.43,65.70,1695721,0
20180123,65.50,67.02,65.39,66.96,1063404,0
20180124,67.50,68.31,66.43,67.27,1668016,0
20180125,67.74,67.96,66.87,67.04,948742,0
20180126,67.35,68.35,67.12,68.14,1060795,0
20180129,67.68,68.19,67.01,67.20,1131952,0
20180130,67.02,68.29,66.75,66.92,2452772,0
20180131,66.92,67.14,65.27,66.00,2302610,0
20180201,65.32,66.33,64.53,65.93,1757152,0
20180202,65.46,66.59,64.84,65.27,2391547,0
20180205,65.29,66.30,63.89,64.05,3235211,0
20180206,63.00,66.07,62.00,65.44,4540977,0
20180207,69.59,69.95,64.73,66.11,6532022,0
20180208,65.84,66.19,59.98,60.03,5993503,0
