DATE, OPEN, HIGH, LOW, CLOSE, VOL, p
20101015,27.10,27.10,26.50,26.50,3210515,0
20101018,26.60,27.04,26.41,26.75,4077275,0
20101019,26.99,26.99,26.44,26.52,7782946,0
20101020,26.70,27.20,26.65,27.13,6082648,0
20101021,27.19,28.00,27.10,27.56,6530807,0
20101022,27.60,27.68,27.30,27.55,2442021,0
20101025,27.83,28.27,27.72,27.96,3935291,0
20101026,28.07,28.12,26.50,27.72,5532527,0
20101027,27.83,27.83,26.85,27.21,3619198,0
20101028,27.38,27.79,26.99,27.51,3821543,0
20101029,27.85,28.25,26.60,26.86,7190607,0
20101101,26.76,27.16,25.70,26.00,4164976,0
20101102,26.30,26.79,26.18,26.63,3387806,0
20101103,26.91,27.47,26.35,26.95,3338694,0
20101104,27.25,27.56,26.99,27.41,5118309,0
20101105,27.45,28.53,26.76,28.35,7670394,0
20101108,28.50,28.85,28.24,28.85,4110677,0
20101109,29.02,29.10,28.17,28.44,2267249,0
20101110,28.40,28.50,27.74,28.34,2717001,0
20101111,28.12,28.80,28.02,28.29,2478553,0
20101112,28.32,28.37,27.33,27.40,4365195,0
20101115,27.25,27.99,27.20,27.66,4142475,0
20101116,27.57,27.65,26.25,26.70,2919305,0
20101117,26.74,27.31,26.34,27.23,3193763,0
20101118,28.06,28.23,27.54,27.69,3376520,0
20101119,27.77,28.88,27.50,28.75,17483322,0
20101122,28.63,29.82,28.55,29.68,6153764,0
20101123,29.25,29.25,28.81,28.95,4385236,0
20101124,29.10,29.54,28.86,29.50,3341008,0
20101126,29.20,29.55,29.15,29.38,740549,0
20101129,29.90,29.97,28.86,29.75,3414823,0
20101130,29.23,29.50,29.06,29.21,2831262,0
20101201,29.69,30.04,29.63,29.88,7132472,0
20101202,30.21,30.50,29.41,30.49,7641030,0
20101203,30.04,30.71,29.53,30.52,5584283,0
20101206,30.62,31.12,30.50,31.08,4628399,0
20101207,31.50,31.75,30.93,31.60,6297614,0
20101208,31.60,31.85,30.73,30.86,3558094,0
20101209,31.23,31.34,29.60,30.61,4306114,0
20101210,30.56,31.17,30.46,31.10,3383700,0
20101213,31.08,31.97,31.03,31.86,38066323,0
20101214,31.61,32.46,31.07,31.99,3875059,0
20101215,31.99,32.19,31.52,31.75,1458658,0
20101216,32.01,32.07,30.91,31.20,2498444,0
20101217,31.14,32.00,30.72,31.87,3979961,0
20101220,31.91,32.12,31.62,32.10,2500861,0
20101221,32.00,32.57,32.00,32.55,3301152,0
20101222,32.34,32.98,32.34,32.95,3212737,0
20101223,32.95,33.00,32.79,32.93,724418,0
20101227,32.67,33.03,32.65,32.96,679526,0
20101228,32.94,33.30,32.83,33.28,1111595,0
20101229,33.21,33.45,33.18,33.40,1290324,0
20101230,33.43,33.82,33.26,33.76,1605572,0
20101231,33.85,34.54,33.83,34.40,1877808,0
20110103,34.75,34.99,34.43,34.56,3403306,0
20110104,34.80,34.95,34.54,34.87,5475610,0
20110105,34.68,35.00,34.63,34.85,2780792,0
20110106,34.93,35.11,34.72,34.97,3249311,0
20110107,35.18,35.23,34.45,34.62,1889622,0
20110110,34.92,35.30,34.60,35.24,4051508,0
20110111,35.60,36.58,35.51,36.47,4729444,0
20110112,36.66,37.00,36.51,36.74,2867860,0
20110113,36.84,36.84,35.85,36.40,4404449,0
20110114,36.28,37.00,36.04,36.61,3841007,0
20110118,36.95,37.00,36.46,36.50,2166546,0
20110119,36.67,36.70,35.53,35.66,3682438,0
20110120,35.26,35.77,33.57,35.42,7837798,0
20110121,35.88,36.22,34.40,35.05,3647559,0
20110124,35.60,35.74,34.75,35.65,2489637,0
20110125,35.70,36.15,35.53,35.70,6351441,0
20110126,35.78,36.25,35.54,36.00,2325666,0
20110127,36.06,36.51,35.83,36.20,2718782,0
20110128,36.30,36.48,34.62,34.86,1961216,0
20110131,34.77,36.04,34.77,35.94,2250306,0
20110201,36.19,37.00,35.97,36.84,2823401,0
20110202,36.51,36.88,36.17,36.55,1646430,0
20110203,36.83,37.44,36.00,36.12,3667157,0
20110204,36.44,36.76,35.34,36.17,4086987,0
20110207,36.49,36.77,35.29,35.52,4454843,0
20110208,35.77,35.85,34.36,35.48,5053713,0
20110209,35.24,35.95,34.59,35.84,5237529,0
20110210,35.33,36.83,35.33,36.75,2841450,0
20110211,36.17,38.89,35.76,37.07,4639489,0
20110214,37.42,37.44,36.81,37.40,2764254,0
20110215,37.39,37.67,36.56,37.48,2470470,0
20110216,37.47,37.80,37.09,37.54,2955581,0
20110217,37.59,38.60,37.26,38.59,6306778,0
20110218,36.90,38.12,35.34,37.95,15391908,0
20110222,36.53,38.75,35.74,35.84,6342577,0
20110223,35.55,37.00,34.88,36.64,6189011,0
20110224,36.66,37.39,36.26,36.70,4456351,0
20110225,37.52,38.54,37.50,38.17,4899583,0
20110228,38.88,40.00,37.71,38.08,12466807,0
20110301,38.37,38.85,36.76,37.06,3520068,0
20110302,37.20,38.58,36.84,38.07,3930432,0
20110303,38.65,39.85,38.65,39.56,5558392,0
20110304,40.20,40.30,39.34,39.64,4308591,0
20110307,40.19,40.30,39.46,39.83,4343562,0
20110308,39.72,41.08,39.36,40.73,3269042,0
20110309,40.92,41.12,40.31,40.90,2698485,0
20110310,40.38,41.00,38.53,39.69,7360338,0
20110311,39.05,39.66,38.20,39.16,3966418,0
20110314,39.08,40.41,38.75,39.19,1750982,0
20110315,37.45,38.64,37.33,38.28,3694560,0
20110316,38.12,39.41,37.99,38.09,3071726,0
20110317,38.83,39.31,38.77,38.99,1526210,0
20110318,39.52,39.58,38.21,38.40,2805670,0
20110321,39.35,40.00,38.80,39.67,2810665,0
20110322,39.63,39.69,38.69,39.05,1433597,0
20110323,38.83,39.97,38.51,39.87,1289226,0
20110324,40.00,40.60,39.75,40.39,1852471,0
20110325,40.40,40.87,39.92,40.36,1493827,0
20110328,40.50,40.82,39.42,40.21,3532705,0
20110329,39.94,40.74,39.90,40.14,2103732,0
20110330,40.39,40.39,39.49,39.68,2951965,0
20110331,39.66,40.13,39.28,39.55,3555867,0
20110401,39.99,40.28,39.56,40.27,4105606,0
20110404,40.50,41.00,40.36,40.65,1992829,0
20110405,40.47,41.51,40.29,41.34,2557939,0
20110406,41.40,42.05,41.27,41.61,2956044,0
20110407,41.63,41.75,40.72,41.50,3235779,0
20110408,41.58,43.28,41.49,42.58,4861861,0
20110411,42.60,43.20,41.81,42.49,2362700,0
20110412,42.03,42.28,40.36,40.53,4195464,0
20110413,40.74,40.88,40.09,40.63,2475110,0
20110414,40.40,40.63,39.63,40.42,1606566,0
20110415,40.42,41.18,39.99,41.01,2073375,0
20110418,40.68,41.12,39.80,40.06,2266837,0
20110419,40.05,41.07,39.85,40.78,3088113,0
20110420,41.46,42.00,41.36,42.00,2382587,0
20110421,42.05,42.80,41.93,42.73,2375068,0
20110425,42.81,43.74,42.42,43.26,2144631,0
20110426,43.53,44.00,42.98,43.79,2781047,0
20110427,43.99,44.41,43.40,43.70,3106099,0
20110428,43.78,44.54,43.62,44.44,3637888,0
20110429,44.66,45.36,44.27,44.50,3716027,0
20110502,48.09,48.12,44.63,45.62,6360005,0
20110503,45.70,46.28,44.46,44.57,4249106,0
20110504,44.41,44.53,42.00,42.83,4965645,0
20110505,42.74,43.39,41.29,41.65,5150912,0
20110506,41.74,42.79,40.88,41.08,7248591,0
20110509,41.08,42.29,41.03,41.50,4505621,0
20110510,42.03,42.50,41.75,42.24,4993873,0
20110511,42.50,43.31,41.46,42.22,6643684,0
20110512,42.00,42.33,41.17,41.33,4061693,0
20110513,41.63,41.75,39.36,39.68,4637142,0
20110516,38.32,39.25,37.73,38.10,10085160,0
20110517,38.10,39.22,38.07,38.95,8988494,0
20110518,39.11,41.06,38.94,41.00,7016765,0
20110519,41.25,41.57,40.49,41.00,3131422,0
20110520,40.70,40.83,39.67,40.00,4038802,0
20110523,38.91,39.35,38.16,38.90,4454034,0
20110524,39.43,40.00,39.25,39.75,4469528,0
20110525,39.50,42.08,39.49,41.59,4805358,0
20110526,41.63,42.20,40.78,41.76,4563281,0
20110527,42.12,42.74,41.82,42.74,2684447,0
20110531,43.47,43.82,42.84,43.81,8701937,0
20110601,43.67,44.21,42.11,42.28,4180050,0
20110602,42.66,42.98,41.06,41.70,3664236,0
20110603,40.50,40.71,39.21,39.89,6642357,0
20110606,40.05,40.08,38.12,38.24,5518256,0
20110607,39.43,39.49,38.43,38.88,4368762,0
20110608,38.50,39.50,38.24,39.22,4387444,0
20110609,39.55,40.18,39.22,40.00,3302714,0
20110610,39.55,39.94,38.78,39.30,3219103,0
20110613,39.40,39.76,38.11,38.30,3357426,0
20110614,39.14,40.25,39.06,39.88,4450950,0
20110615,39.28,39.59,38.08,38.36,4910622,0
20110616,38.46,38.62,36.16,37.01,8191071,0
20110617,37.55,37.71,36.27,36.88,6584925,0
20110620,36.47,36.87,35.88,36.56,5519108,0
20110621,37.09,38.76,36.97,38.61,5851914,0
20110622,38.64,39.51,38.29,38.70,4576019,0
20110623,37.87,38.10,36.64,38.06,4695835,0
20110624,38.24,38.83,37.52,37.58,19002432,0
20110627,37.65,37.83,35.84,37.26,7024557,0
20110628,37.70,37.70,36.47,37.48,5326231,0
20110629,37.74,39.29,37.68,38.29,4354364,0
20110630,38.30,39.05,37.86,38.52,3257391,0
20110701,39.41,39.59,38.43,38.92,4650153,0
20110705,39.01,40.11,38.75,39.89,3880033,0
20110706,39.63,39.75,38.80,39.45,4517127,0
20110707,39.95,41.35,39.95,41.23,5828823,0
20110708,40.51,40.92,39.96,40.88,3539874,0
20110711,39.99,40.00,37.90,38.48,4543681,0
20110712,38.32,38.95,37.99,38.40,2300312,0
20110713,38.86,39.10,38.15,38.47,2697027,0
20110714,38.50,38.97,37.81,37.92,2439755,0
20110715,38.20,38.31,37.67,38.09,2566179,0
20110718,37.85,38.14,36.20,36.84,3953559,0
20110719,37.28,37.70,36.87,37.08,3996274,0
20110720,37.39,38.07,37.19,37.60,3548606,0
20110721,37.93,39.43,37.67,39.09,4992443,0
20110722,38.95,39.65,38.25,39.54,3996674,0
20110725,38.81,39.29,38.22,38.31,3421768,0
20110726,38.29,39.31,38.16,38.94,3110747,0
20110727,38.55,39.09,37.62,38.00,3987776,0
20110728,38.00,38.45,37.12,37.55,3514735,0
20110729,38.00,39.98,36.89,39.46,8271626,0
20110801,40.96,41.93,38.41,40.33,6165396,0
20110802,40.00,40.07,37.35,37.39,5618808,0
20110803,37.61,38.04,35.05,37.29,10589077,0
20110804,36.60,36.60,32.29,33.51,12484120,0
20110805,34.22,35.15,30.18,33.11,9313880,0
20110808,31.49,32.57,26.52,28.47,14259528,0
20110809,29.41,31.85,29.09,31.84,12420840,0
20110810,30.86,32.48,30.31,31.13,6956428,0
20110811,31.34,34.74,31.27,34.02,6044043,0
20110812,34.10,34.54,33.00,33.90,5040109,0
20110815,34.16,35.02,33.49,33.94,4467884,0
20110816,33.49,33.54,32.07,32.62,3897041,0
20110817,32.94,33.38,31.36,31.91,4899309,0
20110818,30.60,30.96,28.83,29.05,7548464,0
20110819,28.67,29.50,27.92,27.98,5068874,0
20110822,29.21,30.43,28.24,28.75,5459487,0
20110823,29.08,30.31,28.47,29.85,4824340,0
20110824,29.72,30.87,29.58,30.79,3591863,0
20110825,31.03,31.29,29.92,30.42,3639037,0
20110826,30.03,32.08,29.73,31.85,3309916,0
20110829,32.78,34.74,32.55,34.69,4685180,0
20110830,34.18,34.49,33.70,34.06,3893827,0
20110831,34.37,35.05,34.06,34.65,4338628,0
20110901,34.58,34.73,33.65,33.92,3387558,0
20110902,32.66,32.69,31.31,32.11,1933344,0
20110906,30.65,32.16,30.60,32.10,4856592,0
20110907,32.76,34.22,32.72,33.94,2229673,0
20110908,33.44,34.00,32.90,33.35,2069452,0
20110909,32.76,32.82,30.84,31.19,3705185,0
20110912,30.40,31.51,30.26,31.42,3949106,0
20110913,31.75,32.61,31.41,32.51,1712719,0
20110914,32.64,33.78,31.62,33.29,2177506,0
20110915,33.72,34.22,32.96,33.69,1962705,0
20110916,33.58,34.03,32.81,34.00,2144392,0
20110919,32.82,33.24,31.96,32.92,2804967,0
20110920,33.11,33.52,31.68,31.76,2916841,0
20110921,31.44,31.44,28.86,28.89,5955283,0
20110922,27.05,28.38,25.58,27.81,6481691,0
20110923,27.79,29.52,27.40,28.47,2601322,0
20110926,28.80,29.19,27.81,29.00,5866940,0
20110927,30.06,31.32,29.45,29.59,6548322,0
20110928,29.52,29.68,27.65,27.77,3886487,0
20110929,28.60,28.82,26.05,26.65,5166470,0
20110930,25.70,25.84,24.41,24.43,8358416,0
20111003,24.30,25.54,23.81,24.10,6837359,0
20111004,23.75,26.03,22.90,25.88,7071117,0
20111005,25.89,26.52,25.51,26.09,7499667,0
20111006,26.12,27.62,25.91,27.39,6296858,0
20111007,27.70,27.89,26.43,26.52,4422915,0
20111010,27.24,28.13,26.58,27.25,3407425,0
20111011,26.93,28.58,26.59,28.05,3501275,0
20111012,28.26,29.47,27.95,28.70,4479466,0
20111013,28.29,28.53,27.50,28.06,2190196,0
20111014,28.82,29.79,28.61,29.20,4474869,0
20111017,28.97,29.24,27.89,28.24,3140888,0
20111018,28.04,28.62,27.34,28.29,4606164,0
20111019,27.99,28.03,26.81,26.93,5565562,0
20111020,26.88,27.45,26.10,27.39,3481847,0
20111021,30.80,31.26,29.00,31.02,12613525,0
20111024,31.10,32.36,30.96,32.33,4670740,0
20111025,32.34,32.44,30.62,30.73,3968415,0
20111026,31.20,32.10,30.09,31.74,5577424,0
20111027,32.89,34.08,32.52,33.59,5042753,0
20111028,34.25,35.50,33.32,34.50,5968161,0
20111031,34.75,34.75,32.84,32.86,5134805,0
20111101,30.90,32.51,29.50,32.11,5704764,0
20111102,32.61,33.67,32.56,33.21,2339540,0
20111103,34.04,34.64,33.03,34.46,4112382,0
20111104,34.14,35.26,33.71,35.01,5280476,0
20111107,34.92,35.03,33.92,34.79,2343368,0
20111108,35.00,35.24,33.99,34.94,2375653,0
20111109,33.36,34.49,33.28,34.06,4870904,0
20111110,34.52,35.12,33.65,35.07,5372338,0
20111111,35.22,36.46,34.57,36.08,4027885,0
20111114,36.51,36.96,35.38,35.53,5244280,0
20111115,35.50,36.05,34.85,34.92,10945327,0
20111116,34.67,35.48,34.66,35.02,6982177,0
20111117,34.79,35.22,34.75,35.19,8539625,0
20111118,35.47,35.97,34.01,34.53,13064149,0
20111121,34.10,34.61,33.91,34.51,14918174,0
20111122,29.51,30.27,29.30,29.77,5045466,0
20111123,29.45,29.46,28.29,28.33,5679305,0
20111125,28.36,29.28,28.34,28.65,1704098,0
20111128,29.77,30.25,29.38,29.91,4817101,0
20111129,29.98,30.77,29.71,30.36,4126771,0
20111130,31.32,32.89,31.32,32.67,4917740,0
20111201,32.45,32.67,32.11,32.41,3915389,0
20111202,33.00,33.40,32.56,32.80,3031917,0
20111205,33.44,34.19,33.19,33.72,3484820,0
20111206,33.75,34.08,33.11,33.70,3028244,0
20111207,33.20,33.48,32.65,32.94,3758752,0
20111208,32.58,33.19,32.24,32.62,3723092,0
20111209,32.60,33.53,31.56,33.18,6103192,0
20111212,32.62,32.91,31.85,32.28,3280960,0
20111213,32.49,32.95,31.42,31.89,3351775,0
20111214,31.27,31.72,30.37,30.70,4563239,0
20111215,31.15,31.20,30.51,30.80,3937048,0
20111216,31.17,32.15,31.00,32.05,7806588,0
20111219,31.73,31.73,31.00,31.20,2877953,0
20111220,32.15,33.23,32.00,32.92,2467512,0
20111221,32.97,33.06,32.12,32.96,1799844,0
20111222,32.90,33.49,32.64,32.89,2315482,0
20111223,32.95,33.11,32.79,32.99,1553711,0
20111227,32.95,33.29,32.69,32.97,1024204,0
20111228,32.97,33.00,32.10,32.25,843286,0
20111229,32.38,32.92,32.20,32.81,711540,0
20111230,32.84,32.87,32.39,32.49,938610,0
20120103,33.30,33.98,33.11,33.47,3601533,0
20120104,33.43,34.93,33.40,34.74,4872592,0
20120105,34.58,34.58,34.00,34.24,5574135,0
20120106,34.39,34.94,33.94,34.45,4452611,0
20120109,34.50,34.63,34.19,34.32,4332882,0
20120110,34.52,37.22,34.43,36.95,9089851,0
20120111,37.48,38.20,36.92,37.40,7942619,0
20120112,37.90,39.50,37.60,38.89,8047310,0
20120113,38.19,39.07,37.74,38.91,5794489,0
20120117,39.82,40.05,38.95,39.19,3210303,0
20120118,39.41,41.22,39.22,40.63,6418555,0
20120119,40.87,40.87,39.81,40.00,3913325,0
20120120,39.87,40.00,39.47,39.90,3772396,0
20120123,40.00,40.07,38.98,39.34,5093323,0
20120124,39.22,40.03,38.78,39.97,3544005,0
20120125,39.74,40.29,39.02,40.22,3981919,0
20120126,40.54,40.90,39.97,40.29,3192156,0
20120127,40.15,41.54,40.15,41.23,4095272,0
20120130,40.86,42.44,40.51,42.42,4128264,0
20120131,42.67,43.12,42.47,43.10,5673508,0
20120201,43.48,43.90,43.16,43.60,5709325,0
20120202,43.91,44.00,43.14,43.30,4489585,0
20120203,43.78,44.82,43.73,44.80,6138333,0
20120206,44.82,44.84,44.30,44.75,2932761,0
20120207,44.64,45.03,44.34,44.87,5522168,0
20120208,45.00,45.06,44.44,44.70,3115965,0
20120209,44.94,45.12,44.35,44.58,5835996,0
20120210,44.00,45.91,43.61,44.75,9666965,0
20120213,45.35,46.39,44.93,46.01,8934418,0
20120214,45.50,45.94,44.03,44.61,6323789,0
20120215,44.30,44.30,43.36,43.56,7851199,0
20120216,43.56,44.04,43.48,43.99,4664262,0
20120217,44.21,44.35,43.72,43.98,1922696,0
20120221,44.07,44.28,41.97,42.89,4001899,0
20120222,42.50,43.42,42.08,43.30,3756810,0
20120223,43.48,43.51,42.51,43.19,2724446,0
20120224,43.12,44.22,43.12,44.15,4583844,0
20120227,43.70,44.98,43.51,44.24,3063531,0
20120228,44.36,44.86,43.93,44.00,2480338,0
20120229,43.89,44.33,42.87,43.18,2808978,0
20120301,43.44,43.82,42.81,43.57,2051342,0
20120302,43.68,44.20,43.60,43.71,1797787,0
20120305,43.43,43.43,41.09,41.80,5354369,0
20120306,40.80,40.97,38.91,39.28,6017048,0
20120307,40.10,40.80,39.80,40.60,4048840,0
20120308,40.72,42.86,40.72,42.72,5819471,0
20120309,43.00,43.07,41.90,42.14,3704596,0
20120312,42.00,42.17,39.87,40.60,5599143,0
20120313,41.12,42.29,40.72,42.26,2874758,0
20120314,42.05,42.24,41.56,41.96,1717356,0
20120315,42.01,43.30,41.93,42.71,2602727,0
20120316,42.72,43.25,42.42,42.90,2479876,0
20120319,42.63,42.85,42.26,42.54,2645796,0
20120320,42.08,42.96,41.62,42.88,2187728,0
20120321,42.98,43.81,42.57,43.65,1874704,0
20120322,42.90,43.28,41.47,41.61,2537617,0
20120323,41.63,42.60,41.38,42.52,1787694,0
20120326,43.00,44.09,42.75,43.87,3565244,0
20120327,43.86,44.98,43.28,43.29,3170819,0
20120328,43.38,43.86,42.34,42.64,2613450,0
20120329,42.00,43.25,41.06,43.13,3827670,0
20120330,43.67,43.86,42.98,43.65,2852003,0
20120402,43.62,44.84,43.35,44.57,3624056,0
20120403,44.24,45.06,43.40,43.83,5588519,0
20120404,43.20,44.24,43.04,44.09,2367679,0
20120405,43.85,45.24,43.21,43.41,3754888,0
20120409,42.82,42.89,42.26,42.47,1698541,0
20120410,42.49,42.53,40.72,40.95,3242850,0
20120411,41.81,42.20,41.00,41.22,3356227,0
20120412,41.52,42.88,41.29,42.83,3618479,0
20120413,42.66,44.44,42.62,44.07,4332352,0
20120416,44.42,44.60,43.59,44.28,3779723,0
20120417,44.89,45.15,44.00,44.12,3274931,0
20120418,43.98,44.28,43.40,43.87,2153297,0
20120419,43.92,44.71,43.77,44.09,3038765,0
20120420,44.23,44.61,43.89,44.16,2260942,0
20120423,43.21,43.95,42.72,43.75,2011720,0
20120424,43.59,44.26,43.07,44.09,1958998,0
20120425,44.60,45.37,44.46,45.18,2032647,0
20120426,44.63,45.85,44.00,45.53,2352010,0
20120427,45.69,46.13,45.21,45.73,4676006,0
20120430,43.95,44.55,41.78,41.78,9554004,0
20120501,42.38,43.71,41.90,42.86,5835871,0
20120502,42.78,43.35,42.13,43.14,3178326,0
20120503,43.25,43.27,41.09,41.25,4471426,0
20120504,41.00,41.52,39.24,39.48,7864384,0
20120507,39.26,40.01,39.09,39.23,5303732,0
20120508,38.91,39.05,37.67,38.85,5678445,0
20120509,38.72,41.28,38.37,40.10,7675790,0
20120510,40.87,40.88,39.78,40.46,6688779,0
20120511,39.99,40.74,39.87,40.08,3858308,0
20120514,39.60,39.62,38.83,39.32,5080907,0
20120515,39.46,40.13,39.31,39.74,3906878,0
20120516,40.28,40.54,38.81,39.22,4560118,0
20120517,38.90,38.92,36.95,36.96,5529235,0
20120518,37.05,38.02,36.78,37.04,4279879,0
20120521,37.10,39.16,37.04,39.00,2979522,0
20120522,39.43,39.72,38.97,39.26,5605330,0
20120523,38.91,39.09,37.86,38.96,3671001,0
20120524,39.30,39.77,38.35,38.97,3206571,0
20120525,39.13,39.83,38.85,39.60,2099521,0
20120529,40.09,41.07,39.92,40.89,3912837,0
20120530,39.83,40.02,38.92,39.35,2469713,0
20120531,39.53,39.66,38.40,39.46,4628484,0
20120601,37.23,38.20,37.04,37.26,5158818,0
20120604,37.29,37.29,35.97,36.76,2974452,0
20120605,36.41,37.63,36.14,37.52,4176500,0
20120606,38.11,38.94,37.79,38.44,4048653,0
20120607,39.36,40.09,37.82,38.00,4350558,0
20120608,37.75,38.39,36.97,38.23,2480697,0
20120611,38.73,38.84,36.99,37.06,1763383,0
20120612,37.51,38.10,37.20,37.83,2233996,0
20120613,37.45,38.35,37.27,37.77,2907562,0
20120614,37.68,37.97,37.07,37.60,2861757,0
20120615,37.95,39.15,37.67,38.94,3270272,0
20120618,38.77,40.68,38.48,40.53,3667720,0
20120619,40.75,41.91,40.60,41.48,2858137,0
20120620,41.48,41.99,41.04,41.42,2564764,0
20120621,41.44,41.58,39.17,39.26,4267003,0
20120622,39.87,39.87,38.59,39.62,4057450,0
20120625,38.96,39.29,38.51,39.12,2140700,0
20120626,39.15,39.92,38.81,39.53,1802195,0
20120627,39.77,39.77,38.44,38.90,3174781,0
20120628,38.29,38.87,37.92,38.62,3221256,0
20120629,40.04,40.41,39.55,40.27,3822602,0
20120702,40.59,41.86,40.35,40.85,3164898,0
20120703,40.94,42.10,40.94,41.94,1372581,0
20120705,41.82,42.60,41.48,42.31,2727554,0
20120706,41.79,42.13,40.77,41.15,2397379,0
20120709,41.71,41.94,40.58,40.81,2986663,0
20120710,41.21,41.53,40.17,40.47,2625155,0
20120711,40.44,40.51,39.27,39.68,2778268,0
20120712,39.16,39.97,38.44,39.62,2727314,0
20120713,40.02,41.31,40.00,40.78,2656879,0
20120716,40.55,41.52,40.20,41.21,2711080,0
20120717,41.45,42.02,40.93,41.97,2256385,0
20120718,41.60,42.56,41.59,42.24,2570685,0
20120719,42.39,42.69,41.86,41.96,2425500,0
20120720,41.05,41.66,40.33,41.60,2195027,0
20120723,40.41,41.19,40.03,41.03,2615859,0
20120724,40.96,41.30,39.74,40.43,3700596,0
20120725,40.59,40.83,40.05,40.42,1542104,0
20120726,41.38,41.67,40.10,40.90,4470103,0
20120727,43.45,44.99,42.89,44.51,8803251,0
20120730,44.69,44.99,44.32,44.58,2787125,0
20120731,44.67,44.93,44.34,44.53,3146813,0
20120801,44.81,44.81,43.97,44.23,2991283,0
20120802,43.73,44.71,43.35,44.41,3331277,0
20120803,45.46,45.84,44.72,45.37,3401625,0
20120806,45.58,46.69,45.56,45.96,3690951,0
20120807,46.26,47.04,46.18,46.71,2438896,0
20120808,46.10,47.44,46.09,47.21,2725305,0
20120809,46.97,47.44,46.66,47.35,2558720,0
20120810,46.97,47.42,46.62,47.28,2195662,0
20120813,47.00,47.60,46.61,47.36,2081689,0
20120814,47.48,48.15,47.38,47.55,3439362,0
20120815,47.56,47.93,47.16,47.77,2588356,0
20120816,47.97,48.71,47.78,48.52,2076705,0
20120817,48.68,49.32,48.40,49.24,2187247,0
20120820,49.16,49.87,49.10,49.86,2986128,0
20120821,49.96,49.96,48.94,49.06,2687788,0
20120822,48.70,48.93,47.76,48.58,2142126,0
20120823,48.05,48.33,47.25,47.73,2337947,0
20120824,47.83,48.32,47.66,47.90,1938370,0
20120827,46.52,47.40,46.31,47.13,2639453,0
20120828,46.74,48.03,46.61,47.48,2961112,0
20120829,47.47,47.72,46.64,47.29,3061894,0
20120830,48.93,49.04,48.47,48.67,12325433,0
20120831,48.99,49.09,48.60,48.84,4806426,0
20120904,47.80,48.20,46.88,47.01,41142714,0
20120905,47.11,47.53,46.66,46.97,10550528,0
20120906,47.44,49.42,47.20,48.46,5915432,0
20120907,48.64,49.71,48.40,49.46,3160050,0
20120910,49.26,50.02,49.23,49.33,3123528,0
20120911,49.59,50.23,49.17,49.40,2210721,0
20120912,49.49,49.72,48.75,49.61,2819594,0
20120913,49.59,52.35,49.58,51.92,7526329,0
20120914,52.65,53.77,52.18,53.42,6535026,0
20120917,53.15,53.20,51.81,51.98,3217285,0
20120918,51.87,52.09,51.36,51.94,4171590,0
20120919,52.41,53.62,52.22,52.50,4731998,0
20120920,51.88,52.62,50.57,52.52,4663712,0
20120921,52.95,53.21,52.13,52.37,6898752,0
20120924,52.43,52.88,51.57,52.04,2775503,0
20120925,52.52,52.69,50.69,50.80,4550762,0
20120926,50.98,51.18,50.15,50.96,3356717,0
20120927,51.23,52.21,50.89,51.88,2210129,0
20120928,51.46,51.79,50.92,51.66,2528061,0
20121001,52.06,52.75,51.95,52.20,2844288,0
20121002,52.39,52.91,52.02,52.91,3158140,0
20121003,52.99,52.99,52.10,52.34,3184580,0
20121004,52.94,53.37,51.93,52.00,3638720,0
20121005,52.69,53.18,52.45,52.68,3932157,0
20121008,52.45,52.50,51.99,52.38,1969618,0
20121009,52.41,52.56,51.17,51.22,3021343,0
20121010,51.33,51.46,50.47,50.70,2428449,0
20121011,51.37,51.89,51.31,51.35,2672233,0
20121012,51.25,51.71,50.58,50.86,3602919,0
20121015,50.92,51.48,50.62,51.42,2848986,0
20121016,51.96,55.38,51.96,54.36,9418591,0
20121017,54.79,55.76,54.50,55.74,4689067,0
20121018,55.35,56.00,54.70,55.23,3071302,0
20121019,55.00,55.09,54.00,54.33,3232632,0
20121022,54.31,55.55,53.76,55.47,2880807,0
20121023,54.15,54.27,52.50,53.03,4477139,0
20121024,53.89,54.76,53.07,53.83,4199561,0
20121025,54.33,54.57,52.92,53.40,3619246,0
20121026,51.86,55.63,50.91,53.75,8962408,0
20121031,53.81,54.04,52.70,53.39,4680877,0
20121101,53.54,55.25,53.51,55.05,5695314,0
20121102,53.60,53.75,52.87,53.06,10595558,0
20121105,53.18,53.51,52.74,53.41,3529143,0
20121106,53.69,54.09,53.26,53.82,8930375,0
20121107,53.36,53.36,51.92,52.78,4930174,0
20121108,52.81,53.14,51.83,51.92,2220947,0
20121109,52.19,52.19,50.70,50.85,5490617,0
20121112,51.02,51.20,50.45,50.65,2926388,0
20121113,49.72,51.01,49.11,50.06,5199344,0
20121114,50.68,50.68,49.04,49.21,5946564,0
20121115,46.18,46.61,44.87,45.41,6339415,0
20121116,45.50,47.04,45.35,46.87,6006475,0
20121119,47.76,48.11,47.44,48.00,5383332,0
20121120,48.00,48.10,46.95,47.55,3609957,0
20121121,47.69,48.53,47.50,47.99,2726430,0
20121123,48.40,50.94,48.03,48.62,1913951,0
20121126,48.35,48.60,47.55,48.00,3507297,0
20121127,47.97,48.15,47.33,47.55,3792119,0
20121128,47.07,48.12,46.86,48.07,2783367,0
20121129,48.20,49.02,48.15,48.74,4103955,0
20121130,49.00,49.94,48.78,49.73,7394720,0
20121203,49.89,50.23,48.46,48.88,4396442,0
20121204,48.80,49.82,48.73,49.76,4103093,0
20121205,49.00,51.85,48.77,51.85,19056892,0
20121206,51.85,52.15,51.52,51.90,5978148,0
20121207,52.48,53.86,52.40,53.81,5393095,0
20121210,53.61,54.74,53.16,54.37,4282295,0
20121211,54.56,54.72,53.63,54.05,4627220,0
20121212,54.40,54.63,53.82,54.02,3597310,0
20121213,54.02,54.25,52.81,52.98,2586370,0
20121214,53.01,53.97,52.79,53.79,4281911,0
20121217,54.10,54.77,53.81,54.75,3251205,0
20121218,54.81,55.11,54.55,54.90,3091379,0
20121219,55.12,55.25,54.77,54.85,3289057,0
20121220,54.83,55.57,54.41,55.56,3457733,0
20121221,54.85,55.22,54.12,55.14,6384417,0
20121224,55.50,56.06,55.16,55.86,1752767,0
20121226,56.13,57.05,55.83,56.49,4722301,0
20121227,56.57,56.64,55.19,56.39,2458551,0
20121228,55.91,56.39,55.43,55.51,2363549,0
20121231,55.45,57.16,55.29,57.09,2676373,0
20130102,58.41,59.59,57.94,59.17,4491241,0
20130103,58.42,58.88,57.35,57.64,3561434,0
20130104,58.01,58.65,57.89,58.41,2964008,0
20130107,58.01,59.15,57.76,59.14,2329818,0
20130108,58.93,59.80,58.28,59.74,3778722,0
20130109,60.10,60.17,59.43,59.60,2962656,0
20130110,60.19,60.74,59.55,60.61,3617368,0
20130111,60.72,60.96,60.20,60.91,1993546,0
20130114,60.78,61.42,60.73,61.20,3198298,0
20130115,60.93,61.65,60.88,61.34,2181371,0
20130116,61.02,61.07,60.26,60.52,2614697,0
20130117,61.16,62.22,61.02,62.13,3670504,0
20130118,62.05,62.59,61.53,62.59,2673677,0
20130122,62.60,62.70,61.46,61.47,3584575,0
20130123,61.25,62.16,61.16,62.11,4122167,0
20130124,62.26,62.82,62.21,62.52,2663969,0
20130125,62.91,62.97,62.18,62.75,2333067,0
20130128,62.67,62.69,60.86,61.24,5244877,0
20130129,61.50,63.55,61.50,63.26,5483348,0
20130130,63.22,63.55,62.76,63.02,2486127,0
20130131,62.56,64.20,62.20,63.42,4500600,0
20130201,61.90,63.22,60.32,61.37,8408076,0
20130204,61.14,62.42,61.04,61.09,4988070,0
20130205,61.71,62.27,61.22,61.25,3935215,0
20130206,61.29,61.49,60.46,61.06,3376322,0
20130207,61.20,61.75,60.37,61.42,2845074,0
20130208,61.56,62.23,60.94,62.11,3317232,0
20130211,61.82,61.82,60.29,60.54,3176456,0
20130212,60.62,60.89,60.12,60.51,2784366,0
20130213,61.71,63.30,61.60,62.30,3862173,0
20130214,61.57,61.90,61.06,61.17,9634675,0
20130215,61.19,61.28,59.88,60.40,7182955,0
20130219,60.84,61.18,60.38,61.18,3519548,0
20130220,61.15,61.40,60.17,60.26,8481898,0
20130221,58.63,59.31,56.91,57.68,7842839,0
20130222,58.30,59.32,57.97,59.32,3974434,0
20130225,59.38,59.68,56.97,56.98,4838513,0
20130226,57.46,57.72,55.94,56.84,7557170,0
20130227,57.01,58.44,56.50,58.20,5336945,0
20130228,58.38,59.46,58.17,58.62,3650753,0
20130301,58.19,60.64,57.43,59.69,5650043,0
20130304,59.47,60.44,58.75,60.44,3376669,0
20130305,60.54,61.42,60.53,60.77,4685385,0
20130306,61.90,62.79,61.41,62.52,4936967,0
20130307,62.72,62.73,62.08,62.13,2086517,0
20130308,62.79,63.85,62.59,63.60,3135130,0
20130311,63.32,63.83,62.20,63.73,3089822,0
20130312,63.77,64.40,63.62,64.08,4514369,0
20130313,64.09,64.52,63.19,63.30,4700106,0
20130314,63.94,65.35,63.86,64.77,4700782,0
20130315,64.44,65.69,63.87,64.01,5084287,0
20130318,63.39,64.06,63.08,63.75,3357927,0
20130319,63.73,64.46,62.85,64.01,5838419,0
20130320,64.52,65.67,64.46,65.42,4508643,0
20130321,65.01,65.69,64.23,64.41,3722807,0
20130322,64.66,64.93,64.25,64.50,2195763,0
20130325,64.91,65.14,63.19,63.35,3528618,0
20130326,63.74,64.00,63.36,63.45,3756186,0
20130327,63.01,63.51,62.57,63.37,2227204,0
20130328,63.56,64.15,63.18,63.29,2877458,0
20130401,63.09,63.17,61.56,61.75,3735228,0
20130402,62.43,62.61,59.54,59.84,6255309,0
20130403,59.77,59.80,57.78,58.65,10159986,0
20130404,58.80,59.32,58.61,58.78,3656299,0
20130405,57.67,59.03,57.11,58.98,4232003,0
20130408,59.03,59.10,58.20,58.80,4337590,0
20130409,58.84,60.35,58.69,60.22,3583648,0
20130410,60.42,60.87,59.92,60.77,2355148,0
20130411,60.75,62.13,60.55,61.38,3175756,0
20130412,61.07,61.20,58.67,59.46,4363429,0
20130415,58.64,58.71,55.47,55.51,7150450,0
20130416,56.15,57.55,55.70,57.33,4902182,0
20130417,56.66,56.66,55.42,56.10,6444536,0
20130418,56.24,56.35,55.02,55.81,4929264,0
20130419,56.25,58.01,56.16,57.86,4639545,0
20130422,58.15,59.11,57.37,58.64,2878416,0
20130423,58.89,59.70,58.69,59.34,2781694,0
20130424,59.56,60.56,59.13,60.33,3639175,0
20130425,61.90,63.27,60.77,60.92,4978239,0
20130426,61.99,62.24,58.57,60.14,4348182,0
20130429,60.39,61.64,59.68,61.46,3345520,0
20130430,61.44,61.49,60.48,60.70,3457460,0
20130501,60.55,60.75,57.41,57.54,5845545,0
20130502,57.96,59.47,57.33,58.90,5122461,0
20130503,60.17,61.06,60.07,60.95,4446043,0
20130506,62.59,62.65,61.23,62.65,4331501,0
20130507,62.94,63.80,62.11,63.28,4320585,0
20130508,63.30,63.52,61.91,62.84,3595608,0
20130509,62.66,62.91,61.37,61.47,5333930,0
20130510,61.11,61.61,60.41,61.55,4563888,0
20130513,62.50,62.78,61.34,62.30,5772508,0
20130514,62.07,64.99,61.99,64.64,6492178,0
20130515,64.42,65.36,64.36,64.68,3677693,0
20130516,64.35,66.20,64.28,66.11,5269405,0
20130517,66.34,67.32,65.74,67.32,5283752,0
20130520,67.27,67.45,66.80,66.95,2870164,0
20130521,66.92,67.28,65.81,65.85,4138102,0
20130522,65.59,67.05,64.64,65.07,3482155,0
20130523,64.80,66.22,62.71,65.83,4930536,0
20130524,65.26,65.92,64.85,65.72,2250461,0
20130528,66.74,68.09,66.32,67.18,4458585,0
20130529,66.54,67.08,65.72,66.28,3044511,0
20130530,66.25,67.59,65.84,66.79,3137590,0
20130531,66.61,68.07,66.01,66.65,6466795,0
20130603,66.82,67.37,65.22,67.31,4076610,0
20130604,67.09,68.46,67.09,67.68,4001863,0
20130605,67.41,67.64,65.40,65.68,4465579,0
20130606,65.56,66.58,65.30,66.40,4045725,0
20130607,65.49,65.60,64.62,64.87,7591547,0
20130610,65.06,65.84,64.77,65.00,3367756,0
20130611,64.23,65.22,63.67,64.19,3285881,0
20130612,65.04,65.29,64.03,64.12,2382022,0
20130613,64.05,66.90,64.00,66.59,7208695,0
20130614,66.48,68.11,66.30,67.42,4427955,0
20130617,68.10,68.53,67.45,68.14,3489474,0
20130618,68.48,69.45,68.39,68.81,3209705,0
20130619,68.97,69.42,68.49,68.61,2692196,0
20130620,67.45,68.16,66.70,67.00,3984985,0
20130621,67.54,67.69,65.23,66.75,5082582,0
20130624,65.06,65.75,63.89,65.03,4874993,0
20130625,65.69,66.89,65.69,66.46,3536092,0
20130626,66.95,67.23,65.58,66.98,3619505,0
20130627,67.70,68.02,67.07,67.50,4611011,0
20130628,67.45,67.75,66.26,66.26,9611874,0
20130701,67.00,68.38,66.07,66.28,6962197,0
20130702,66.31,66.70,64.94,65.41,5823239,0
20130703,64.96,66.61,64.74,66.50,1987908,0
20130705,67.33,67.69,66.71,67.68,2870279,0
20130708,68.33,68.62,67.77,68.30,2208115,0
20130709,69.00,69.49,68.00,68.97,2486927,0
20130710,68.63,69.92,68.58,69.81,3836173,0
20130711,70.61,70.64,69.11,69.39,3658389,0
20130712,69.39,70.18,68.78,70.00,2901683,0
20130715,70.44,71.33,69.89,70.89,3633551,0
20130716,71.26,71.28,68.74,69.26,3074987,0
20130717,69.73,70.02,67.84,67.94,4318677,0
20130718,68.30,68.62,67.53,67.54,4580983,0
20130719,67.52,68.88,67.20,68.41,3750075,0
20130722,68.61,69.05,68.35,68.48,1821494,0
20130723,69.05,69.26,67.85,67.90,2513591,0
20130724,68.00,68.27,67.23,67.42,2021390,0
20130725,67.41,68.28,67.39,68.05,2231576,0
20130726,69.83,70.27,66.50,67.40,3383132,0
20130729,67.40,68.03,66.35,67.72,2935257,0
20130730,67.65,69.46,67.02,68.92,3626251,0
20130731,68.89,69.47,68.25,68.71,2322794,0
20130801,68.30,68.93,67.86,67.99,9263766,0
20130802,68.00,69.24,67.73,68.95,4138501,0
20130805,68.94,69.71,68.92,69.47,3866986,0
20130806,69.37,69.52,68.37,68.58,4236659,0
20130807,68.39,68.56,67.96,67.99,3351851,0
20130808,68.75,69.00,68.24,68.59,3046499,0
20130809,68.77,69.51,68.14,68.70,2596489,0
20130812,68.42,68.80,68.05,68.30,3386099,0
20130813,68.48,70.40,68.12,70.08,3925653,0
20130814,70.17,70.53,69.55,69.58,2854659,0
20130815,69.35,69.52,68.18,68.34,4126453,0
20130816,68.07,69.00,67.74,68.87,2948210,0
20130819,68.51,69.30,68.35,68.52,2247099,0
20130820,68.52,68.60,67.52,68.24,2537178,0
20130821,68.18,68.40,67.67,67.75,2283380,0
20130822,67.89,69.96,67.75,69.50,2325201,0
20130823,69.70,70.19,69.30,70.12,2065848,0
20130826,70.30,71.04,70.09,70.12,3133305,0
20130827,69.20,69.62,68.53,68.79,3212346,0
20130828,68.87,69.70,68.32,69.48,2049404,0
20130829,69.25,70.67,69.04,70.30,2663764,0
20130830,70.43,70.67,69.78,70.15,2800015,0
20130903,71.19,71.89,69.79,70.47,4317856,0
20130904,69.23,69.67,68.94,69.46,6405452,0
20130905,69.40,70.63,69.24,70.34,4696106,0
20130906,70.63,71.00,69.98,70.32,3254979,0
20130909,70.35,70.89,70.26,70.74,2886630,0
20130910,71.31,71.67,70.82,70.90,4361046,0
20130911,71.09,71.09,70.26,70.73,3891676,0
20130912,70.74,70.95,70.08,70.19,4248755,0
20130913,70.48,71.24,70.39,71.00,3647010,0
20130916,71.96,72.17,71.16,71.39,4313892,0
20130917,71.64,72.90,71.41,72.68,2937603,0
20130918,72.88,73.52,72.51,73.37,4927740,0
20130919,73.46,75.67,73.00,73.79,5150665,0
20130920,73.89,74.22,72.93,73.03,12061748,0
20130923,72.60,72.95,71.78,72.63,3255068,0
20130924,72.66,72.97,72.31,72.42,2537369,0
20130925,72.47,73.40,72.09,72.92,2448495,0
20130926,73.39,74.23,73.11,74.01,3188833,0
20130927,73.70,74.22,73.30,73.39,2364093,0
20130930,72.37,73.59,72.10,73.23,2032850,0
20131001,73.29,74.11,73.25,74.11,1805370,0
20131002,73.76,74.15,72.92,74.04,2122659,0
20131003,73.94,74.21,72.57,73.98,3364249,0
20131004,73.86,75.47,73.65,75.39,2933384,0
20131007,74.75,75.57,74.35,74.58,1764425,0
20131008,74.40,74.45,72.80,73.17,3140341,0
20131009,73.29,73.34,72.27,72.73,2939820,0
20131010,74.63,75.31,73.78,75.09,2726521,0
20131011,75.15,76.13,74.88,75.97,1822815,0
20131014,75.56,76.08,75.09,75.71,1990414,0
20131015,75.67,76.04,75.09,75.19,2472351,0
20131016,75.75,76.54,75.21,76.50,2544312,0
20131017,76.17,77.74,76.17,77.57,1881969,0
20131018,77.64,78.50,77.15,77.91,3210242,0
20131021,78.13,78.50,77.73,78.36,2250254,0
20131022,78.22,79.17,78.07,78.76,2174841,0
20131023,78.54,79.34,78.00,78.67,2738567,0
20131024,78.86,79.08,77.89,78.05,2580782,0
20131025,78.08,78.15,75.64,77.10,3630714,0
20131028,77.19,77.32,75.32,75.51,4249282,0
20131029,73.03,75.64,72.53,75.56,6003976,0
20131030,75.96,77.06,75.03,75.30,2821120,0
20131031,75.29,76.10,74.60,74.60,3090927,0
20131101,74.26,74.30,73.60,73.93,6373712,0
20131104,74.16,74.53,73.69,74.49,3461713,0
20131105,74.24,74.63,73.72,74.30,2836214,0
20131106,74.71,75.37,74.55,75.17,2715676,0
20131107,75.52,76.00,74.51,74.81,4737698,0
20131108,74.94,75.50,74.63,75.39,3882011,0
20131111,75.40,75.82,75.09,75.62,3104770,0
20131112,75.60,75.90,75.27,75.33,2408456,0
20131113,75.30,76.57,75.22,76.52,3490612,0
20131114,76.89,78.47,76.66,78.26,3362402,0
20131115,78.24,78.87,78.17,78.57,2660344,0
20131118,78.64,79.29,78.24,78.47,2095499,0
20131119,78.39,78.62,77.46,77.65,2947899,0
20131120,77.63,78.11,77.02,77.51,2700468,0
20131121,77.08,78.22,77.08,77.76,2569918,0
20131122,77.98,79.34,77.71,79.29,2354531,0
20131125,78.42,78.52,76.26,76.55,7441613,0
20131126,76.80,77.56,76.30,76.34,3745614,0
20131127,76.74,77.82,76.60,77.46,2782266,0
20131129,77.75,78.19,77.04,77.18,1780133,0
20131202,77.44,78.01,76.77,77.85,2775582,0
20131203,77.45,78.00,76.76,77.12,3398455,0
20131204,76.93,77.01,75.50,76.56,4103900,0
20131205,76.20,76.36,74.51,75.15,4283409,0
20131206,76.22,76.96,75.76,76.55,2320446,0
20131209,77.00,77.55,76.34,76.80,3341964,0
20131210,76.83,77.17,76.63,76.87,1897304,0
20131211,77.30,77.60,75.29,75.55,2512732,0
20131212,76.50,78.26,76.03,76.50,3057921,0
20131213,76.71,76.84,76.00,76.19,2228989,0
20131216,77.19,77.83,76.90,77.03,2862210,0
20131217,76.71,77.82,76.64,77.63,3257820,0
20131218,78.02,78.52,76.60,78.44,4491330,0
20131219,78.35,78.95,77.51,77.96,3258097,0
20131220,77.95,78.71,77.68,78.60,4287907,0
20131223,79.00,79.10,77.63,78.08,2684128,0
20131224,78.21,79.27,78.09,79.17,1168055,0
20131226,79.30,79.67,78.95,79.33,1633545,0
20131227,79.35,79.57,79.11,79.43,1035119,0
20131230,79.59,79.77,78.86,79.45,3309665,0
20131231,79.65,80.33,79.32,80.28,1618622,0
20140102,80.05,80.21,77.90,78.78,4922706,0
20140103,78.95,79.13,78.33,78.71,1528547,0
20140106,79.06,79.06,77.71,77.97,3119456,0
20140107,78.16,79.25,77.90,78.94,2732859,0
20140108,80.37,80.42,78.52,79.73,3419199,0
20140109,79.81,80.82,79.78,80.48,3499584,0
20140110,80.65,81.62,80.02,80.35,2350422,0
20140113,80.42,80.60,79.63,79.82,3222122,0
20140114,80.17,82.18,80.05,81.81,3533563,0
20140115,82.02,82.81,81.76,82.75,2787352,0
20140116,82.42,82.97,81.91,82.22,2351978,0
20140117,82.03,82.10,80.90,81.40,2524208,0
20140121,82.13,82.61,80.69,80.95,2860610,0
20140122,81.21,81.43,78.91,80.22,5102642,0
20140123,80.19,80.19,76.49,77.76,10505057,0
20140124,77.16,77.77,75.86,75.92,5922059,0
20140127,75.92,76.65,74.37,75.74,5521287,0
20140128,75.96,77.49,75.76,76.69,2963028,0
20140129,76.72,78.03,75.60,76.66,4430086,0
20140130,77.39,78.93,76.65,78.06,4588120,0
20140131,79.00,80.82,77.50,78.76,5929433,0
20140203,78.99,79.41,76.73,77.21,4804753,0
20140204,77.59,78.84,77.17,78.04,3660193,0
20140205,77.37,77.95,76.32,77.61,4798821,0
20140206,78.00,79.25,77.56,79.12,2807814,0
20140207,79.92,81.11,79.57,80.83,3619455,0
20140210,80.71,81.30,80.38,80.96,3019859,0
20140211,81.28,82.27,80.82,81.68,4133163,0
20140212,81.70,82.97,81.70,82.62,3195213,0
20140213,81.88,83.76,81.88,83.37,3304911,0
20140214,83.20,84.52,83.01,84.47,2936214,0
20140218,84.99,85.40,84.03,85.33,3614766,0
20140219,85.00,86.10,84.13,84.28,3899582,0
20140220,84.32,86.24,83.47,85.80,4005053,0
20140221,86.36,86.79,85.59,85.65,3302551,0
20140224,85.70,87.10,85.61,85.97,2980376,0
20140225,85.90,86.72,85.40,86.30,2937073,0
20140226,86.39,87.50,86.18,87.42,3226478,0
20140227,86.89,87.92,86.43,87.87,3754127,0
20140228,88.14,89.19,87.62,88.08,4634176,0
20140303,87.28,88.48,87.04,88.47,2428127,0
20140304,89.63,89.80,88.86,89.68,3084704,0
20140305,89.64,90.36,89.53,90.10,2929979,0
20140306,90.57,91.94,90.53,91.06,4128424,0
20140307,91.31,91.57,90.30,90.90,2679157,0
20140310,90.61,91.17,90.00,91.03,2326251,0
20140311,91.11,91.59,90.30,90.44,2827396,0
20140312,89.89,90.83,89.44,90.16,2829428,0
20140313,90.65,91.02,88.83,89.03,3118596,0
20140314,88.81,90.08,88.73,88.92,3376899,0
20140317,89.57,91.02,89.51,90.60,2286522,0
20140318,90.76,91.11,90.55,90.70,3985595,0
20140319,90.92,90.92,88.86,89.70,3421627,0
20140320,89.56,90.30,89.25,90.26,2245907,0
20140321,90.55,90.73,89.95,90.04,3906485,0
20140324,90.52,90.90,89.12,89.57,3558818,0
20140325,90.31,91.48,90.27,90.57,3616334,0
20140326,91.37,91.37,89.86,89.88,3300033,0
20140327,89.75,89.79,87.34,87.36,4693930,0
20140328,87.27,88.77,87.20,88.38,2495796,0
20140331,89.54,89.78,88.77,88.94,2592102,0
20140401,89.15,89.16,88.49,88.77,3642358,0
20140402,88.86,90.32,88.60,90.27,2517433,0
20140403,90.07,90.91,89.80,90.46,2567353,0
20140404,91.50,91.87,88.98,89.03,3362995,0
20140407,88.73,89.09,86.50,87.12,3924335,0
20140408,87.15,87.78,86.50,87.04,3388165,0
20140409,87.26,89.05,86.91,88.54,2983567,0
20140410,88.93,88.93,87.17,87.38,4483749,0
20140411,85.40,88.24,85.40,87.11,3775362,0
20140414,87.86,88.57,87.41,88.15,2568794,0
20140415,88.42,89.67,87.80,89.55,3746983,0
20140416,91.39,92.11,90.31,91.46,3600331,0
20140417,91.62,92.49,90.43,92.11,3284320,0
20140421,93.43,93.43,91.80,92.24,2481915,0
20140422,93.03,93.99,92.31,93.27,2479304,0
20140423,92.98,93.90,91.59,92.30,3577632,0
20140424,92.02,92.20,90.79,91.48,2298330,0
20140425,91.35,91.59,90.67,91.05,3205236,0
20140428,91.74,91.93,89.86,90.74,3474545,0
20140429,90.22,92.55,89.75,90.97,6085266,0
20140430,91.29,93.41,90.83,92.50,5343988,0
20140501,92.79,92.83,91.87,92.42,2194697,0
20140502,92.08,93.18,92.00,92.40,2042102,0
20140505,92.21,94.04,92.12,93.66,1952286,0
20140506,93.40,94.43,92.97,94.05,2235944,0
20140507,94.37,95.81,93.93,95.77,2549418,0
20140508,95.54,96.36,93.91,94.45,3756693,0
20140509,94.82,95.47,93.81,95.45,2312356,0
20140512,96.20,96.72,95.90,96.28,2369858,0
20140513,96.72,97.11,95.92,95.99,2651199,0
20140514,96.35,97.07,95.76,96.57,2387339,0
20140515,96.18,96.34,94.29,95.24,2984475,0
20140516,95.30,96.33,94.64,96.14,2218632,0
20140519,96.16,98.18,96.08,96.80,3558764,0
20140520,96.57,97.73,96.42,97.00,2871787,0
20140521,97.45,98.39,97.27,98.16,2916992,0
20140522,98.00,98.46,97.56,97.70,2662366,0
20140523,97.70,98.92,97.68,98.78,1849279,0
20140527,99.05,99.70,98.25,98.47,3229869,0
20140528,98.84,99.90,98.51,98.99,3100916,0
20140529,99.16,100.49,98.52,100.35,1954183,0
20140530,100.26,100.29,99.12,99.57,3241334,0
20140602,99.93,100.50,99.26,100.20,2216138,0
20140603,100.22,101.00,99.84,99.89,2224671,0
20140604,99.94,100.61,99.32,100.13,2455548,0
20140605,99.90,100.32,98.77,99.04,3706513,0
20140606,99.20,99.65,98.83,99.00,3609895,0
20140609,98.74,99.67,98.52,98.92,2126009,0
20140610,99.00,100.07,98.90,99.95,2236883,0
20140611,99.06,99.62,99.01,99.20,1938894,0
20140612,98.73,101.13,98.73,99.26,4191780,0
20140613,99.08,99.75,98.73,98.96,2530842,0
20140616,99.12,99.32,98.13,98.87,2399008,0
20140617,98.54,99.34,98.41,98.78,2342092,0
20140618,98.55,99.06,97.86,98.97,2681300,0
20140619,99.06,99.41,98.55,98.80,2091529,0
20140620,99.36,100.33,99.09,100.15,5610471,0
20140623,100.33,101.00,99.63,100.72,3123416,0
20140624,102.63,102.63,100.06,100.10,4549484,0
20140625,99.33,100.35,98.40,98.58,4048178,0
20140626,98.96,99.00,97.63,98.50,2604517,0
20140627,98.14,98.63,96.36,96.87,6178363,0
20140630,97.14,98.13,96.63,97.65,3010141,0
20140701,98.30,99.13,97.54,98.52,2248619,0
20140702,98.21,99.22,98.16,98.75,2097992,0
20140703,98.87,99.89,98.84,99.67,1320566,0
20140707,99.27,99.47,97.79,98.34,2208437,0
20140708,97.80,98.31,97.09,97.68,2346475,0
20140709,98.16,99.07,98.01,98.82,2299821,0
20140710,97.64,99.30,97.57,98.49,2085689,0
20140711,98.60,99.42,98.30,99.16,1781731,0
20140714,99.60,99.60,98.65,98.99,2168209,0
20140715,99.26,99.78,98.23,98.47,2595310,0
20140716,98.47,99.59,98.47,99.45,2327273,0
20140717,98.49,100.42,98.47,99.53,2279740,0
20140718,99.31,101.21,99.24,101.03,2624245,0
20140721,100.62,101.38,100.10,101.22,2145827,0
20140722,101.25,102.20,101.08,102.15,2394321,0
20140723,102.50,103.04,102.24,102.50,2099742,0
20140724,103.11,103.47,102.14,102.42,2287893,0
20140725,105.00,107.68,104.52,107.49,4070672,0
20140728,107.50,109.91,107.42,109.65,4021021,0
20140729,109.67,110.38,108.25,108.29,2674574,0
20140730,108.75,109.26,107.79,108.18,2841964,0
20140731,107.33,107.59,105.95,106.25,3505704,0
20140801,106.25,106.96,105.64,106.55,2564388,0
20140804,107.16,108.68,106.06,108.64,3226835,0
20140805,107.69,109.18,106.69,107.36,3053850,0
20140806,107.38,109.75,107.37,108.99,2723961,0
20140807,109.15,109.99,107.66,107.93,2604570,0
20140808,108.02,108.61,107.59,108.37,3937011,0
20140811,109.13,109.80,107.93,108.28,2932436,0
20140812,108.42,109.04,107.77,108.89,2736466,0
20140813,109.05,110.14,108.65,109.85,2741875,0
20140814,110.00,110.49,109.70,109.79,1909120,0
20140815,110.00,110.67,108.72,110.60,2593100,0
20140818,111.58,112.00,110.68,111.16,2569086,0
20140819,111.41,112.37,111.17,112.20,2171188,0
20140820,112.38,112.52,111.82,112.17,1751025,0
20140821,112.19,112.73,111.46,112.30,1887644,0
20140822,111.80,112.43,111.50,112.14,1587724,0
20140825,112.83,113.65,112.57,112.95,2037617,0
20140826,113.14,113.14,112.35,112.60,1516984,0
20140827,113.12,113.71,112.45,113.60,1654798,0
20140828,113.51,113.71,112.56,113.48,1602128,0
20140829,113.94,114.38,113.34,114.35,2052317,0
20140902,115.07,115.33,113.78,114.19,2548209,0
20140903,114.45,114.78,114.08,114.23,1770827,0
20140904,114.47,114.91,113.58,113.84,1572954,0
20140905,113.94,114.72,113.51,114.59,1772795,0
20140908,114.32,115.01,113.89,114.00,2064374,0
20140909,113.78,114.26,112.94,113.03,1604709,0
20140910,113.02,113.64,112.00,113.45,1445429,0
20140911,113.01,113.42,112.55,113.23,1806473,0
20140912,113.38,113.60,111.46,111.68,2316278,0
20140915,111.47,112.05,110.82,111.86,2150238,0
20140916,111.78,112.52,111.46,111.56,2959733,0
20140917,112.02,113.08,110.87,111.58,2981548,0
20140918,112.22,113.86,112.19,113.75,2911453,0
20140919,114.63,115.40,113.54,114.00,4759956,0
20140922,114.00,114.28,112.56,112.61,2475458,0
20140923,112.56,112.82,110.15,110.31,2779148,0
20140924,110.91,111.98,109.74,111.95,2875794,0
20140925,111.43,111.79,109.98,110.06,2033347,0
20140926,110.35,113.65,110.25,113.25,2622464,0
20140929,112.12,113.58,111.25,113.30,2202521,0
20140930,112.49,112.69,107.67,108.66,6396005,0
20141001,107.77,107.79,104.45,105.00,6965346,0
20141002,104.20,104.50,100.78,103.00,7078221,0
20141003,103.12,103.65,100.81,101.72,6060799,0
20141006,102.00,102.60,101.37,101.89,4249566,0
20141007,101.24,101.34,99.24,99.33,4941055,0
20141008,99.49,102.81,98.28,102.58,6440847,0
20141009,102.76,103.09,99.01,99.18,4465526,0
20141010,99.10,99.11,94.95,95.04,6653454,0
20141013,95.51,95.79,86.36,86.59,12438117,0
20141014,88.25,89.45,84.50,85.39,12464395,0
20141015,83.76,86.29,81.15,85.93,12922815,0
20141016,84.47,90.54,84.46,89.33,9025146,0
20141017,92.29,92.82,89.27,89.63,7255673,0
20141020,89.38,92.27,89.26,92.02,4532650,0
20141021,92.89,95.71,92.83,95.19,5721910,0
20141022,96.48,96.81,93.36,93.48,4837669,0
20141023,94.48,94.90,92.31,94.33,5020539,0
20141024,92.22,93.42,90.01,92.39,7485123,0
20141027,89.15,89.91,84.69,87.19,12042925,0
20141028,87.25,89.27,86.33,89.23,6405568,0
20141029,90.21,90.87,88.41,90.79,11498768,0
20141030,90.03,91.44,89.35,91.01,4896087,0
20141031,92.23,92.52,89.71,91.63,6514206,0
20141103,91.89,92.50,89.03,89.22,6612284,0
20141104,88.49,88.50,83.16,84.07,9161222,0
20141105,84.46,86.76,84.03,85.25,6079887,0
20141106,84.81,87.22,84.43,86.30,4869987,0
20141107,86.51,87.83,86.31,87.46,4184485,0
20141110,87.48,89.07,87.03,88.03,3982159,0
20141111,87.96,88.55,86.57,88.54,3119885,0
20141112,88.75,89.12,86.84,88.59,5527169,0
20141113,88.56,89.65,86.88,87.94,4850408,0
20141114,87.94,89.38,87.60,88.33,4124175,0
20141117,88.18,88.33,86.74,87.70,4940082,0
20141118,88.09,89.63,88.07,89.04,4714165,0
20141119,89.17,89.62,88.33,89.35,3339706,0
20141120,88.00,90.75,87.66,90.42,6185540,0
20141121,94.00,94.33,90.43,91.20,6461556,0
20141124,91.13,91.61,90.31,90.56,4207505,0
20141125,91.29,91.66,90.10,90.65,3913971,0
20141126,90.39,90.39,88.37,89.54,3836665,0
20141128,83.92,84.02,78.58,78.86,8323259,0
20141201,76.21,78.61,75.30,76.81,12690635,0
20141202,77.23,77.98,75.88,77.03,6125495,0
20141203,77.60,80.17,77.06,78.72,7430700,0
20141204,78.25,81.14,78.21,81.14,7160629,0
20141205,83.43,83.44,80.21,80.77,7066093,0
20141208,80.19,80.78,76.26,77.70,7485792,0
20141209,77.31,78.76,76.67,78.69,5001391,0
20141210,77.57,77.57,74.04,74.62,6823125,0
20141211,74.42,76.89,74.41,75.30,5133692,0
20141212,71.32,73.19,70.26,70.61,9434193,0
20141215,71.67,72.19,70.06,70.67,6474471,0
20141216,71.14,73.69,70.37,71.55,8814899,0
20141217,72.08,77.11,72.00,75.60,8663970,0
20141218,80.87,81.21,76.85,79.26,9716195,0
20141219,80.37,82.31,79.71,82.00,8325675,0
20141222,82.43,82.43,80.20,81.11,4721250,0
20141223,81.34,82.82,80.39,82.20,4043830,0
20141224,81.63,82.36,80.77,81.31,2367163,0
20141226,81.21,81.98,80.54,80.98,2846888,0
20141229,80.97,81.99,80.37,80.73,3422768,0
20141230,81.23,81.70,80.29,80.60,2985866,0
20141231,80.13,80.58,78.95,79.39,3304905,0
20150102,79.94,80.59,79.29,80.07,2868725,0
20150105,78.79,78.99,75.23,76.04,5461191,0
20150106,76.44,76.90,74.11,74.43,5074643,0
20150107,75.14,75.97,74.01,75.21,3457127,0
20150108,76.05,78.56,75.86,78.22,6055550,0
20150109,79.46,79.77,77.69,78.98,5082556,0
20150112,78.36,78.80,75.75,76.15,5468355,0
20150113,77.30,77.30,74.51,75.30,6464193,0
20150114,74.13,74.82,71.74,74.36,6020475,0
20150115,75.08,76.84,74.32,75.27,5792153,0
20150116,75.42,80.24,75.42,79.84,7351729,0
20150120,79.21,79.58,76.20,77.94,4823089,0
20150121,78.10,81.72,77.40,81.38,5419977,0
20150122,82.32,82.97,80.41,81.41,5269282,0
20150123,80.94,81.73,80.36,80.80,4169213,0
20150126,80.17,80.36,78.88,79.27,5172910,0
20150127,78.05,79.80,76.99,78.67,5096536,0
20150128,79.21,79.21,76.12,76.46,4814047,0
20150129,77.18,78.03,75.43,77.77,5502066,0
20150130,76.95,81.09,76.47,79.09,5012063,0
20150202,79.25,82.86,79.25,82.00,6821343,0
20150203,83.71,87.14,83.38,86.90,8715598,0
20150204,85.84,86.73,84.36,85.35,6207116,0
20150205,86.45,90.20,86.28,87.65,6285355,0
20150206,88.06,88.61,86.63,86.82,5235991,0
20150209,88.18,89.29,87.28,88.34,5524407,0
20150210,88.49,88.65,87.36,88.21,4870070,0
20150211,87.56,88.14,86.38,87.18,4364797,0
20150212,88.25,90.82,88.16,89.80,5468702,0
20150213,89.21,90.35,89.21,89.99,6001521,0
20150217,89.10,90.58,88.13,89.94,3967851,0
20150218,88.15,89.53,87.81,89.49,2998921,0
20150219,88.19,91.45,87.46,91.24,4946526,0
20150220,90.67,91.14,89.37,90.47,4922869,0
20150223,89.95,91.79,89.54,91.55,4000118,0
20150224,91.82,91.99,90.51,91.32,3167971,0
20150225,91.53,91.75,89.50,89.59,3450729,0
20150226,88.30,89.53,85.64,86.75,6015012,0
20150227,86.88,88.01,85.86,85.91,3891888,0
20150302,85.55,86.29,84.05,86.10,4474718,0
20150303,85.64,86.83,85.40,86.49,3095069,0
20150304,85.99,87.40,85.50,87.24,3092763,0
20150305,87.08,88.14,86.45,87.98,4889929,0
20150306,86.49,87.87,86.36,87.40,5861671,0
20150309,87.50,88.50,87.49,87.60,2951740,0
20150310,86.34,86.59,84.06,84.38,4496993,0
20150311,84.64,85.47,83.81,85.11,2827039,0
20150312,85.20,86.89,85.20,86.02,3027232,0
20150313,85.29,85.46,83.21,83.72,3159819,0
20150316,83.93,85.36,82.35,85.27,3220395,0
20150317,84.25,84.71,81.77,82.66,6033428,0
20150318,82.40,87.00,81.76,86.81,4938507,0
20150319,85.90,86.29,84.71,85.02,2808814,0
20150320,85.57,86.21,85.31,85.53,7202882,0
20150323,86.13,87.68,86.01,86.38,2712139,0
20150324,86.71,86.85,85.62,86.04,1876529,0
20150325,86.47,87.32,85.34,85.40,2426347,0
20150326,86.00,88.59,86.00,87.86,4983397,0
20150327,88.46,88.57,85.70,86.56,4408746,0
20150330,87.28,88.25,87.26,87.77,3006150,0
20150331,87.04,88.18,86.31,87.80,2765799,0
20150401,88.33,88.79,87.03,88.63,3556181,0
20150402,88.32,89.48,87.97,87.98,3918975,0
20150406,88.30,91.76,88.08,90.95,4443925,0
20150407,90.52,91.93,90.14,91.83,5250710,0
20150408,92.05,92.64,91.16,91.26,4695160,0
20150409,91.59,92.62,90.44,90.74,4365614,0
20150410,91.28,91.50,90.46,91.41,2519491,0
20150413,91.72,91.95,90.96,91.10,1809291,0
20150414,91.72,93.65,91.64,93.30,3130476,0
20150415,93.92,97.00,93.85,96.52,5097476,0
20150416,96.48,96.70,95.50,95.91,3138176,0
20150417,94.91,95.96,94.52,95.65,4089469,0
20150420,95.93,96.82,95.84,96.35,2648246,0
20150421,96.35,96.68,95.17,96.55,3251737,0
20150422,96.58,97.57,95.85,97.11,2595344,0
20150423,96.98,98.49,96.74,97.57,3188361,0
20150424,100.61,102.11,98.71,100.83,6306618,0
20150427,101.40,103.77,101.09,103.53,6129366,0
20150428,102.24,104.16,101.60,104.14,6156869,0
20150429,102.52,105.20,101.50,104.45,6294021,0
20150430,104.10,105.23,103.18,103.52,3846422,0
20150501,104.31,105.10,103.05,104.50,3724150,0
20150504,104.75,104.96,103.70,103.87,2939174,0
20150505,104.28,105.95,102.48,102.97,4511088,0
20150506,104.25,104.99,102.83,103.26,4341516,0
20150507,101.38,102.48,100.02,101.79,4461096,0
20150508,107.03,107.32,102.65,103.83,3905796,0
20150511,103.84,104.38,103.27,103.42,2007614,0
20150512,103.15,104.35,102.34,103.23,2169340,0
20150513,103.36,105.18,103.21,104.40,3190620,0
20150514,104.90,105.78,103.96,104.21,2451688,0
20150515,103.77,104.82,102.84,104.74,2148814,0
20150518,104.20,104.66,103.34,104.40,1949446,0
20150519,103.56,104.07,100.17,101.23,4413226,0
20150520,101.51,102.43,100.82,101.81,2459944,0
20150521,101.90,104.12,101.90,103.42,2077649,0
20150522,103.12,103.85,102.24,102.90,2071198,0
20150526,101.88,102.11,99.80,100.62,3000040,0
20150527,100.73,101.82,99.92,101.34,2669282,0
20150528,99.64,101.55,99.64,101.46,2599701,0
20150529,101.12,102.37,100.74,101.10,4396654,0
20150601,101.79,102.41,100.64,101.43,2130803,0
20150602,101.36,103.32,101.36,102.32,3617467,0
20150603,103.03,104.35,102.61,102.78,4929600,0
20150604,100.84,101.19,99.40,99.48,5154379,0
20150605,99.27,100.62,98.62,99.68,3291918,0
20150608,99.78,100.38,99.34,99.48,2726884,0
20150609,100.30,102.70,100.24,101.83,3013691,0
20150610,103.00,104.91,102.67,104.06,3443405,0
20150611,104.26,104.79,103.81,104.32,1907804,0
20150612,103.95,104.58,103.50,104.28,2091868,0
20150615,103.06,104.31,102.49,103.87,1649784,0
20150616,103.39,104.77,102.72,104.67,1764016,0
20150617,105.22,105.72,102.56,103.64,4748242,0
20150618,104.51,105.38,103.76,104.82,3366901,0
20150619,104.52,105.05,103.93,103.94,3179837,0
20150622,104.97,105.48,104.01,104.96,2012050,0
20150623,105.00,105.33,103.71,104.45,3171580,0
20150624,104.65,105.10,103.76,104.81,2980529,0
20150625,105.17,106.50,104.89,106.13,2883255,0
20150626,105.73,106.36,104.32,104.63,2860160,0
20150629,102.64,103.62,101.55,101.62,2936829,0
20150630,102.37,104.95,102.25,103.52,3005875,0
20150701,104.15,104.66,100.50,101.06,4304740,0
20150702,101.50,102.03,101.03,101.65,2395994,0
20150706,100.00,101.56,98.63,98.75,3860396,0
20150707,98.80,99.00,94.29,97.62,9028207,0
20150708,96.45,96.84,94.46,95.07,3426236,0
20150709,96.82,98.93,96.68,97.31,3585445,0
20150710,98.52,99.06,97.59,98.38,2130402,0
20150713,99.13,99.96,98.88,99.45,2078662,0
20150714,99.34,101.40,99.03,101.12,3021704,0
20150715,100.98,101.37,99.50,100.30,2225448,0
20150716,100.75,101.49,99.91,100.75,1975676,0
20150717,100.43,100.43,96.91,97.50,3825247,0
20150720,97.05,97.50,95.32,96.23,3873504,0
20150721,96.37,97.56,95.19,96.06,3223842,0
20150722,95.95,96.28,95.10,95.71,2980053,0
20150723,96.09,96.11,93.78,93.80,4504767,0
20150724,93.99,93.99,88.51,90.37,6388513,0
20150727,89.04,90.70,88.76,89.85,4871152,0
20150728,93.24,93.36,88.70,92.46,6223755,0
20150729,92.95,94.99,91.27,93.76,5471621,0
20150730,93.80,94.20,92.66,94.15,2351741,0
20150731,94.94,95.75,93.50,93.83,3302953,0
20150803,93.35,93.53,89.06,90.07,6221225,0
20150804,90.53,91.93,90.44,91.56,3098829,0
20150805,92.45,93.46,90.89,91.64,3867890,0
20150806,91.40,92.10,90.01,90.18,3443073,0
20150807,89.80,90.52,86.87,86.99,4421776,0
20150810,87.50,91.50,86.36,91.42,4384196,0
20150811,89.27,89.55,88.15,89.36,3525407,0
20150812,87.93,89.82,87.30,89.38,3943075,0
20150813,89.49,89.88,88.49,89.28,3137332,0
20150814,89.09,90.10,86.55,87.11,4581010,0
20150817,86.76,87.70,85.50,87.32,3411222,0
20150818,87.19,87.69,85.92,86.18,3215784,0
20150819,85.31,85.69,82.79,84.93,5802029,0
20150820,84.48,85.76,83.79,83.91,4695791,0
20150821,82.86,83.47,80.15,80.25,6246530,0
20150824,75.00,80.69,72.76,77.25,7916834,0
20150825,81.75,82.23,77.65,77.72,7428199,0
20150826,80.77,81.58,79.74,80.90,7122244,0
20150827,83.00,85.94,82.61,85.26,6441025,0
20150828,84.02,86.35,84.02,85.43,4249167,0
20150831,83.24,86.17,82.50,85.38,3472489,0
20150901,82.31,84.82,81.11,81.55,4562650,0
20150902,82.98,82.98,80.94,82.76,3565829,0
20150903,83.34,84.13,82.14,82.69,3707750,0
20150904,80.82,81.75,79.78,80.25,4031695,0
20150908,81.89,83.50,81.70,83.17,3429035,0
20150909,85.01,86.08,82.66,83.12,5653884,0
20150910,82.88,85.03,82.78,84.11,3701164,0
20150911,83.49,83.97,82.61,83.77,3845223,0
20150914,83.68,83.73,81.65,82.39,3496119,0
20150915,82.80,84.40,82.65,83.78,3989736,0
20150916,84.30,87.42,83.67,87.30,3935668,0
20150917,86.27,87.62,85.86,86.20,4302219,0
20150918,84.53,85.77,84.01,85.69,6854757,0
20150921,86.22,87.51,85.74,86.76,3102480,0
20150922,85.02,85.69,84.02,84.93,3770943,0
20150923,84.93,85.86,83.09,83.20,3067189,0
20150924,82.16,84.30,80.82,83.85,4057713,0
20150925,85.05,85.23,83.67,84.51,2758856,0
20150928,83.49,83.66,80.22,80.60,3504730,0
20150929,80.84,81.90,80.14,80.96,3732981,0
20150930,82.33,84.06,81.96,83.36,3580494,0
20151001,84.72,87.04,84.13,85.98,5318491,0
20151002,83.93,88.47,83.84,88.43,2967767,0
20151005,89.49,91.29,89.37,90.55,4333980,0
20151006,90.88,94.57,90.53,93.63,4996432,0
20151007,95.23,96.63,92.77,95.59,5486251,0
20151008,95.57,97.51,95.15,97.50,3712306,0
20151009,98.15,98.25,94.73,95.45,5172591,0
20151012,94.71,94.79,91.96,92.68,4156225,0
20151013,92.13,94.44,91.74,92.28,4469549,0
20151014,92.50,94.53,92.00,94.15,2982972,0
20151015,93.75,94.15,91.49,93.40,4289739,0
20151016,94.66,95.24,92.53,94.16,3321512,0
20151019,93.45,93.71,92.40,93.36,3647897,0
20151020,93.33,95.40,92.74,93.34,3158559,0
20151021,93.93,94.00,90.83,91.25,5104019,0
20151022,93.27,94.61,92.92,94.51,5116169,0
20151023,95.16,95.50,90.75,94.16,5286710,0
20151026,93.84,94.54,92.40,92.41,3254672,0
20151027,91.39,92.39,89.65,90.43,5199229,0
20151028,90.91,92.98,90.24,92.15,5376783,0
20151029,91.58,92.47,91.56,92.00,3095500,0
20151030,92.28,93.57,91.63,92.91,5478911,0
20151102,92.69,94.29,92.26,93.62,3314732,0
20151103,93.59,96.20,93.50,95.31,4619945,0
20151104,95.58,96.50,94.97,95.42,4020990,0
20151105,94.83,95.82,93.88,94.99,3029826,0
20151106,94.55,96.22,94.20,96.18,3653033,0
20151109,95.78,96.78,94.23,94.49,2484704,0
20151110,94.33,94.72,92.13,93.47,2729824,0
20151111,93.78,94.43,92.34,92.53,2151184,0
20151112,90.75,91.00,88.77,90.05,4101880,0
20151113,90.10,92.28,90.08,91.78,3130505,0
20151116,91.85,94.52,91.63,94.42,2861742,0
20151117,94.00,95.37,93.00,93.99,2827956,0
20151118,94.38,95.12,93.99,95.07,2870342,0
20151119,94.85,95.10,92.90,93.12,2332337,0
20151120,93.45,94.93,93.14,93.29,2253297,0
20151123,93.62,95.09,93.60,94.42,2672168,0
20151124,94.27,96.82,93.93,96.32,3665980,0
20151125,96.02,96.87,95.27,95.95,2031877,0
20151127,94.48,95.89,94.48,95.16,1115319,0
20151130,95.61,96.80,95.41,95.82,2828403,0
20151201,96.00,97.20,95.71,97.08,3352561,0
20151202,96.37,96.82,94.50,95.08,2541535,0
20151203,95.66,96.30,94.28,95.17,3880603,0
20151204,94.94,96.64,93.89,96.33,3582887,0
20151207,95.50,95.63,89.57,90.49,5429136,0
20151208,88.70,89.37,85.82,87.37,7114970,0
20151209,88.25,90.97,87.41,88.83,6489774,0
20151210,88.30,88.94,87.14,87.50,2526055,0
20151211,86.00,87.23,85.20,85.58,4169053,0
20151214,85.34,85.81,83.22,85.72,4247311,0
20151215,86.96,89.31,86.81,88.05,4245137,0
20151216,88.61,90.13,87.56,88.93,3632379,0
20151217,89.30,89.36,87.36,87.69,2498565,0
20151218,87.44,89.59,87.06,87.53,6437728,0
20151221,87.97,88.63,86.31,86.98,3025233,0
20151222,88.06,88.06,86.63,87.09,2816823,0
20151223,88.17,89.80,87.72,89.75,2862567,0
20151224,89.45,89.89,88.17,88.17,1314919,0
20151228,87.71,87.87,86.77,86.92,2168929,0
20151229,87.77,89.00,87.77,88.66,2085135,0
20151230,88.07,88.79,87.55,87.76,1240068,0
20151231,87.00,87.90,86.88,86.90,1804419,0
20160104,86.28,87.27,85.55,87.18,2657295,0
20160105,87.82,88.34,86.25,87.64,2333591,0
20160106,85.11,85.57,82.66,83.51,3823952,0
20160107,82.38,82.57,79.62,80.09,5271046,0
20160108,80.52,81.53,79.15,79.59,4011933,0
20160111,78.83,78.98,75.53,76.33,6074854,0
20160112,77.44,78.27,75.84,78.15,4539527,0
20160113,79.75,79.75,74.82,74.94,5040513,0
20160114,74.91,77.67,73.94,76.37,4797901,0
20160115,74.72,75.93,74.14,74.98,4970361,0
20160119,75.02,75.97,72.18,73.98,5176115,0
20160120,71.74,73.41,69.10,72.34,5215733,0
20160121,72.43,74.79,71.55,74.59,4437470,0
20160122,77.43,80.00,77.13,78.49,6191412,0
20160125,78.50,78.58,75.80,75.84,4050070,0
20160126,76.44,77.67,75.55,77.62,3629764,0
20160127,77.21,78.62,76.02,76.71,2994119,0
20160128,78.75,80.19,77.16,77.39,3832133,0
20160129,77.51,78.51,76.08,77.97,5172244,0
20160201,77.59,77.96,76.00,77.25,5507575,0
20160202,75.23,76.28,73.82,75.20,5035905,0
20160203,75.39,76.45,71.50,75.48,6170390,0
20160204,75.82,80.46,75.82,79.66,5640497,0
20160205,78.84,81.35,78.63,79.75,5351852,0
20160208,78.31,78.34,73.14,75.72,5161590,0
20160209,75.00,76.47,74.07,75.72,3909354,0
20160210,75.59,77.61,74.55,75.02,2236773,0
20160211,73.30,74.74,72.15,73.43,4018799,0
20160212,74.87,76.53,73.44,76.46,3533066,0
20160216,77.61,78.39,76.90,77.93,3706565,0
20160217,79.00,81.04,78.55,79.10,3789416,0
20160218,79.50,80.25,78.72,80.20,3711634,0
20160219,79.66,80.00,77.93,78.14,3250123,0
20160222,79.69,81.39,79.64,80.56,2730033,0
20160223,80.09,80.31,76.59,77.00,2662067,0
20160224,76.00,78.41,75.04,78.25,3358228,0
20160225,77.46,78.56,76.33,78.18,2567050,0
20160226,80.64,81.16,79.46,80.17,3526862,0
20160229,80.52,82.01,79.94,80.21,4193288,0
20160301,81.09,81.61,79.75,80.89,3816800,0
20160302,81.36,81.57,79.39,80.43,3638577,0
20160303,80.17,80.90,79.72,79.90,3608325,0
20160304,80.39,83.24,79.75,82.00,5473217,0
20160307,82.12,84.26,81.93,84.24,3567291,0
20160308,83.19,84.08,80.54,80.58,6366422,0
20160309,81.95,82.92,80.89,82.59,7156130,0
20160310,82.68,85.04,82.36,84.98,4738713,0
20160311,86.49,87.83,86.25,87.48,4436789,0
20160314,86.81,87.45,84.64,84.75,4337395,0
20160315,83.70,84.65,82.52,84.22,4304352,0
20160316,83.30,86.42,83.30,86.33,3289055,0
20160317,86.55,89.18,86.54,88.60,4898313,0
20160318,89.72,89.99,86.79,87.62,9606386,0
20160321,87.62,88.16,85.53,86.20,3486035,0
20160322,85.79,86.70,84.85,86.07,2974789,0
20160323,85.85,85.92,84.26,84.71,3714170,0
20160324,83.61,85.40,83.29,85.37,2736395,0
20160328,85.53,85.58,84.66,85.11,1805395,0
20160329,84.38,85.31,83.65,85.19,2963097,0
20160330,85.90,86.91,85.39,85.90,2704619,0
20160331,86.07,87.23,85.40,85.58,2413209,0
20160401,84.50,86.91,83.58,86.83,2740629,0
20160404,86.74,87.68,85.97,86.16,2081995,0
20160405,84.87,85.29,84.24,84.87,2559367,0
20160406,85.11,86.34,84.03,86.23,2850651,0
20160407,85.39,86.10,84.11,84.39,2166517,0
20160408,85.77,86.77,82.24,83.87,6172937,0
20160411,84.69,86.65,84.47,85.19,2582165,0
20160412,85.82,88.16,85.45,87.88,3389810,0
20160413,88.69,89.67,87.61,88.40,3205174,0
20160414,89.37,89.37,87.90,88.40,1838025,0
20160415,88.75,89.31,88.07,88.15,2541057,0
20160418,86.75,88.79,85.33,88.48,2151525,0
20160419,89.13,91.24,89.13,91.10,3483446,0
20160420,90.81,91.41,90.13,90.44,2584279,0
20160421,90.89,93.75,90.49,90.69,4673306,0
20160422,93.15,93.15,88.31,90.20,5241996,0
20160425,89.17,90.00,87.95,88.25,3272320,0
20160426,88.85,90.07,88.58,89.64,2597920,0
20160427,89.55,90.28,88.01,89.16,3680781,0
20160428,88.36,89.00,86.11,86.36,3555727,0
20160429,85.66,86.06,81.60,82.67,6077721,0
20160502,83.00,84.18,82.00,83.82,3874383,0
20160503,82.61,83.34,81.15,82.97,3860176,0
20160504,82.10,82.98,81.18,81.40,3241841,0
20160505,81.92,82.93,81.30,81.62,2786529,0
20160506,81.44,82.50,81.21,82.10,1921974,0
20160509,81.54,82.50,80.05,81.16,2623422,0
20160510,81.36,82.63,81.00,82.32,2940926,0
20160511,82.33,83.00,81.26,81.87,2386861,0
20160512,83.23,83.50,81.07,81.25,2590801,0
20160513,81.03,82.35,80.39,80.72,2549281,0
20160516,81.05,83.79,80.80,83.27,3504334,0
20160517,83.06,85.00,83.00,83.89,3539909,0
20160518,83.15,83.77,81.21,81.62,2727137,0
20160519,81.57,81.66,80.01,80.83,3164549,0
20160520,80.70,81.59,80.07,80.44,2224323,0
20160523,80.12,81.01,79.84,80.10,2187779,0
20160524,80.39,80.58,79.80,80.45,3141790,0
20160525,81.21,82.99,81.10,82.71,3050347,0
20160526,82.99,83.70,81.34,81.37,1850496,0
20160527,81.12,81.97,80.70,81.40,1913926,0
20160531,81.87,82.20,81.00,81.36,3238185,0
20160601,80.70,82.75,80.09,82.50,2625072,0
20160602,81.89,81.99,80.10,80.58,3679181,0
20160603,80.31,80.39,78.65,79.76,3455930,0
20160606,80.41,81.96,79.97,81.51,3380124,0
20160607,81.87,82.87,81.17,82.31,3515440,0
20160608,82.73,83.51,82.13,82.35,2700414,0
20160609,81.61,81.61,79.76,79.92,4533704,0
20160610,79.11,81.16,78.93,80.47,3040497,0
20160613,79.66,80.54,78.86,79.22,3670626,0
20160614,79.00,80.62,77.39,78.65,5036728,0
20160615,79.04,80.25,78.83,79.11,3209419,0
20160616,78.32,79.23,77.71,79.09,2969570,0
20160617,79.18,80.24,78.95,80.05,3674884,0
20160620,80.88,82.60,79.58,79.61,4025724,0
20160621,79.86,80.27,78.50,78.91,3326790,0
20160622,79.57,79.80,78.85,78.97,1543897,0
20160623,78.63,79.62,78.09,79.05,3999803,0
20160624,77.39,77.39,74.74,74.91,7179602,0
20160627,73.77,73.94,69.82,71.32,8667550,0
20160628,72.79,74.31,70.63,72.34,4994587,0
20160629,73.75,74.33,72.97,74.01,2796333,0
20160630,74.51,74.63,73.21,74.42,3750720,0
20160701,74.60,75.78,74.09,74.69,2845697,0
20160705,73.88,73.99,72.46,72.85,3557735,0
20160706,72.71,73.14,71.48,73.11,4557770,0
20160707,73.64,75.20,73.46,74.52,3480249,0
20160708,75.46,77.27,75.29,76.74,2928055,0
20160711,77.15,77.77,75.82,75.96,3653167,0
20160712,76.62,78.09,76.59,77.46,3516940,0
20160713,77.52,77.85,76.15,76.76,3017247,0
20160714,78.00,78.40,77.28,77.61,2861499,0
20160715,77.97,78.35,77.44,77.91,2303456,0
20160718,77.55,78.66,77.35,78.50,1891202,0
20160719,78.20,79.15,77.84,78.74,2393834,0
20160720,78.56,79.86,78.21,79.48,2120452,0
20160721,79.14,80.24,78.98,79.09,2221346,0
20160722,79.09,79.38,78.13,78.16,3137335,0
20160725,77.99,78.88,77.71,78.87,2258783,0
20160726,78.77,79.27,78.32,78.85,1684918,0
20160727,78.97,79.16,77.79,78.14,2337060,0
20160728,77.90,79.41,77.58,79.02,2795638,0
20160729,76.25,76.25,73.77,75.26,7180254,0
20160801,75.26,75.43,74.26,74.89,3864908,0
20160802,74.53,74.89,71.75,71.97,5507086,0
20160803,72.06,73.86,71.55,73.56,2898411,0
20160804,73.46,74.90,73.41,74.34,3148088,0
20160805,74.64,75.36,74.34,74.50,2988932,0
20160808,74.77,75.63,74.59,75.42,3085718,0
20160809,75.64,75.74,74.39,74.55,2534103,0
20160810,74.90,75.45,74.33,74.40,2287100,0
20160811,74.73,76.90,74.42,76.63,3454479,0
20160812,75.51,76.50,74.99,75.33,2574504,0
20160815,75.49,77.88,75.49,77.49,3263918,0
20160816,77.73,78.11,76.75,76.80,3478022,0
20160817,76.54,77.46,76.30,77.19,3110989,0
20160818,77.43,78.27,76.76,78.11,3108329,0
20160819,77.78,80.33,77.78,79.87,4193298,0
20160822,79.27,79.50,78.37,78.43,2687567,0
20160823,79.19,79.98,78.30,78.97,2487456,0
20160824,78.71,79.37,77.94,78.09,2139756,0
20160825,78.10,79.71,77.96,78.94,2341901,0
20160826,79.37,80.33,78.75,79.17,2841783,0
20160829,79.08,79.75,79.08,79.67,1776477,0
20160830,78.51,80.45,78.51,79.94,2059525,0
20160831,79.53,80.33,78.33,78.89,2838018,0
20160901,78.87,79.27,78.22,78.48,2415851,0
20160902,79.23,80.03,79.13,79.72,1677522,0
20160906,79.66,79.97,78.40,79.47,2500950,0
20160907,79.21,80.29,79.14,79.50,2937159,0
20160908,79.59,79.76,78.28,78.53,3423203,0
20160909,78.22,78.98,76.17,76.19,3803966,0
20160912,75.73,77.25,75.55,76.75,3050364,0
20160913,75.83,76.29,74.02,74.47,3696015,0
20160914,74.53,75.74,74.08,75.46,7890577,0
20160915,75.46,76.67,75.33,76.52,4592169,0
20160916,75.92,77.31,75.56,77.12,5193577,0
20160919,77.87,78.79,77.76,78.44,2882309,0
20160920,78.71,78.99,77.47,77.54,2835725,0
20160921,78.10,78.80,77.52,78.14,3230937,0
20160922,78.65,79.34,78.01,78.18,1873884,0
20160923,77.84,78.36,77.39,77.39,2132428,0
20160926,77.34,77.34,76.33,76.49,2373307,0
20160927,76.15,77.86,75.76,77.78,3777659,0
20160928,78.23,80.07,77.19,80.00,4113939,0
20160929,79.98,81.75,79.85,80.47,4314133,0
20160930,80.84,81.44,80.29,80.66,3776700,0
20161003,80.85,81.01,79.97,80.84,3204395,0
20161004,81.11,81.95,79.44,79.84,3076622,0
20161005,80.48,82.45,80.38,81.33,3249662,0
20161006,81.32,84.59,81.20,84.09,5045094,0
20161007,83.84,83.94,80.96,81.44,3353254,0
20161010,82.21,83.32,81.99,82.26,2351157,0
20161011,81.50,81.77,79.85,80.30,3283018,0
20161012,80.25,80.46,79.16,80.00,2106867,0
20161013,78.94,80.20,78.12,79.90,2854002,0
20161014,80.87,81.40,79.55,79.55,2735282,0
20161017,79.50,80.12,78.98,79.53,3454094,0
20161018,80.83,81.50,80.08,80.18,4162352,0
20161019,80.41,81.84,79.65,81.65,2887744,0
20161020,81.12,82.35,81.04,81.56,2089231,0
20161021,80.97,81.98,80.70,81.87,2772648,0
20161024,81.95,82.96,81.34,81.62,1797995,0
20161025,81.65,81.79,79.81,79.96,3571818,0
20161026,79.37,80.51,79.16,80.35,2242294,0
20161027,81.14,81.16,79.93,80.25,1567798,0
20161028,80.52,81.42,79.54,80.28,2118710,0
20161031,80.08,80.24,79.40,79.55,4374301,0
20161101,80.01,80.55,77.23,78.21,4303208,0
20161102,77.94,78.14,76.71,77.39,3749415,0
20161103,77.70,78.58,77.57,78.31,2764279,0
20161104,78.49,79.20,77.64,78.45,2701287,0
20161107,79.64,80.13,78.95,79.16,1938157,0
20161108,78.89,79.40,77.87,78.95,2013284,0
20161109,78.28,81.73,77.85,80.94,2918896,0
20161110,81.34,84.37,81.12,83.35,4628144,0
20161111,83.21,83.72,80.90,82.20,3754239,0
20161114,82.23,82.65,80.68,82.40,3539921,0
20161115,82.10,83.49,82.10,83.42,3564425,0
20161116,83.24,83.94,82.64,83.20,2971501,0
20161117,83.77,83.81,82.71,83.01,2380312,0
20161118,82.72,83.34,82.60,83.12,1900992,0
20161121,83.70,85.20,83.54,85.16,3355348,0
20161122,85.62,85.87,84.89,85.77,2860458,0
20161123,85.37,86.67,85.00,86.64,2893936,0
20161125,85.79,86.73,85.71,86.67,1853849,0
20161128,86.71,86.98,85.39,85.58,3687228,0
20161129,84.76,85.12,83.06,83.72,4271166,0
20161130,85.79,90.99,85.79,90.32,8648679,0
20161201,90.97,92.68,90.64,91.18,6803324,0
20161202,90.85,91.00,88.66,89.14,3804906,0
20161205,90.01,90.58,87.98,88.60,4147493,0
20161206,88.22,88.22,87.05,87.78,3601115,0
20161207,87.99,89.60,87.52,89.41,2239005,0
20161208,89.45,90.81,88.90,90.54,2741604,0
20161209,90.48,90.70,88.06,88.42,3021449,0
20161212,89.09,89.92,88.92,89.59,3411713,0
20161213,89.41,89.90,88.49,89.62,2414597,0
20161214,89.14,89.80,87.70,88.09,3031016,0
20161215,87.50,89.04,86.32,88.83,3684440,0
20161216,89.11,89.12,88.30,88.68,6179138,0
20161219,88.94,89.15,87.31,88.14,1931700,0
20161220,88.45,88.96,87.80,88.13,1708210,0
20161221,88.22,88.22,87.46,87.77,2155518,0
20161222,88.01,88.16,86.92,87.53,1458484,0
20161223,87.45,87.73,86.96,87.70,842543,0
20161227,87.81,88.25,86.89,87.10,1139007,0
20161228,87.37,87.70,85.93,86.38,1283337,0
20161229,86.44,87.02,85.74,86.01,1583782,0
20161230,86.29,86.29,85.14,85.78,1831360,0
20170103,87.02,87.80,85.87,86.88,2560315,0
20170104,87.25,89.28,87.23,88.79,3022886,0
20170105,88.40,89.59,87.91,88.68,2330788,0
20170106,88.82,88.88,87.38,88.17,1937586,0
20170109,87.81,88.50,86.79,86.89,3227377,0
20170110,87.02,87.54,86.30,86.88,2708550,0
20170111,87.18,88.46,86.56,88.44,2841033,0
20170112,88.45,90.00,88.20,89.62,3429448,0
20170113,89.73,90.70,89.25,89.73,1919963,0
20170117,89.64,90.22,89.37,89.97,2778148,0
20170118,89.99,90.71,89.61,90.05,2030502,0
20170119,90.24,90.47,89.06,89.76,2095154,0
20170120,90.92,91.95,90.16,90.89,3372712,0
20170123,90.59,91.20,90.23,91.16,2396656,0
20170124,91.88,95.89,91.75,95.13,4948449,0
20170125,95.10,96.83,94.19,96.38,4606468,0
20170126,95.82,97.64,94.88,95.39,4841358,0
20170127,95.32,95.68,94.48,95.30,2579307,0
20170130,94.97,94.97,93.64,94.30,2846636,0
20170131,93.77,93.88,92.81,93.27,3850142,0
20170201,93.75,95.38,93.68,95.07,2506287,0
20170202,94.86,95.19,93.40,93.75,4174766,0
20170203,93.75,95.92,93.00,94.69,5093829,0
20170206,94.21,95.42,94.12,94.94,2788422,0
20170207,93.17,94.21,91.40,92.35,4434997,0
20170208,92.40,92.50,91.33,91.66,4523051,0
20170209,92.00,92.81,91.96,92.24,3110458,0
20170210,92.00,92.79,91.37,91.86,3765237,0
20170213,92.67,92.78,91.76,92.22,2646709,0
20170214,92.30,93.25,92.06,93.15,1990962,0
20170215,93.02,93.28,92.35,93.09,1764970,0
20170216,93.00,93.54,92.42,92.69,1698637,0
20170217,92.47,93.50,92.25,92.91,2401810,0
20170221,93.24,94.71,92.86,94.52,2704489,0
20170222,94.02,94.79,93.67,94.01,2244402,0
20170223,94.22,94.65,92.60,93.13,2015375,0
20170224,92.23,92.50,91.36,92.43,2639153,0
20170227,91.32,92.64,90.58,91.33,2683922,0
20170228,91.02,91.68,89.86,91.24,4352821,0
20170301,92.61,94.83,92.55,93.89,3413358,0
20170302,92.94,93.51,92.22,92.29,2671880,0
20170303,92.30,92.67,91.74,92.24,1672648,0
20170306,91.95,92.32,91.40,91.55,2362680,0
20170307,91.33,91.50,90.26,91.23,2455261,0
20170308,91.19,91.50,89.52,89.79,2968683,0
20170309,89.90,89.91,88.61,89.50,3085590,0
20170310,90.07,90.09,88.81,89.79,2666896,0
20170313,89.84,90.32,89.54,90.18,1673621,0
20170314,89.20,89.41,87.90,88.58,3030476,0
20170315,89.67,91.40,89.24,90.89,3070148,0
20170316,91.12,91.18,90.09,90.35,1900847,0
20170317,90.65,90.98,90.01,90.08,2405897,0
20170320,90.13,90.47,89.33,90.30,1694091,0
20170321,90.24,90.88,87.95,88.15,2728573,0
20170322,88.17,88.68,87.59,88.15,2252192,0
20170323,88.05,89.06,87.32,88.30,2165474,0
20170324,88.35,88.81,87.04,87.56,1698141,0
20170327,86.74,88.88,85.66,88.62,2467141,0
20170328,88.65,91.66,88.65,90.90,3151562,0
20170329,90.65,91.53,90.27,90.73,1996909,0
20170330,90.86,91.92,90.61,91.27,1487851,0
20170331,90.98,91.52,90.61,91.19,1851012,0
20170403,91.49,91.75,89.24,90.26,1643890,0
20170404,90.37,90.88,89.72,90.69,2083816,0
20170405,91.39,92.03,88.33,88.40,4072934,0
20170406,88.56,89.44,88.00,89.19,2492902,0
20170407,88.92,89.36,87.75,88.79,2198355,0
20170410,89.55,89.90,88.36,88.53,1822627,0
20170411,88.46,88.69,87.37,88.02,2212738,0
20170412,88.08,88.23,86.05,86.34,2838411,0
20170413,86.25,87.14,84.68,84.91,3579042,0
20170417,85.28,85.52,84.91,85.28,2377471,0
20170418,84.92,86.25,84.73,85.84,2726804,0
20170419,86.30,86.99,85.23,85.53,2426770,0
20170420,86.01,86.82,85.47,85.51,2569810,0
20170421,85.52,86.28,85.34,85.42,2529160,0
20170424,86.61,86.88,86.16,86.52,2194689,0
20170425,86.98,87.73,86.57,87.01,2020193,0
20170426,86.77,87.57,86.43,87.06,1863849,0
20170427,86.92,87.48,86.09,87.42,3117315,0
20170428,86.40,86.40,84.10,84.76,4565433,0
20170501,85.00,85.19,83.40,83.46,3379501,0
20170502,83.24,83.72,82.47,83.54,5118844,0
20170503,83.00,83.65,81.75,81.88,3729320,0
20170504,81.88,81.98,80.54,81.42,3873169,0
20170505,81.67,84.17,81.51,84.16,3830840,0
20170508,81.61,82.62,80.50,80.78,5066836,0
20170509,80.94,82.12,80.85,81.91,3279949,0
20170510,82.18,83.04,81.92,82.46,3111759,0
20170511,82.48,83.10,81.47,81.97,2192666,0
20170512,81.43,82.05,80.89,81.04,1980889,0
20170515,81.81,83.68,81.64,82.53,2948056,0
20170516,82.70,83.36,82.35,83.06,2690875,0
20170517,82.29,82.50,79.88,79.98,3411794,0
20170518,79.55,80.79,79.03,80.41,3130539,0
20170519,80.84,81.84,80.54,81.10,3608245,0
20170522,81.75,82.04,79.76,80.30,2569051,0
20170523,80.65,80.99,80.16,80.57,1557634,0
20170524,81.56,82.58,81.01,81.63,2543121,0
20170525,81.75,82.27,80.00,80.67,2906483,0
20170526,80.62,80.97,80.02,80.73,1841670,0
20170530,80.54,80.87,80.26,80.56,2085952,0
20170531,80.33,80.60,79.47,80.52,3092586,0
20170601,79.74,80.81,79.57,80.55,3605205,0
20170602,80.46,80.96,79.75,80.04,4657610,0
20170605,79.78,79.98,78.85,78.91,2901909,0
20170606,78.44,79.28,78.01,79.14,3710521,0
20170607,79.25,80.35,78.92,79.24,2935321,0
20170608,79.25,80.17,79.06,79.48,2386775,0
20170609,79.60,82.23,79.56,81.88,3394697,0
20170612,81.86,82.97,81.46,81.78,2419191,0
20170613,81.31,83.22,81.07,82.95,2714718,0
20170614,83.17,83.17,80.68,80.93,4056765,0
20170615,80.18,80.75,79.53,80.14,2326015,0
20170616,80.12,80.90,79.75,80.88,3133407,0
20170619,81.47,81.86,81.13,81.30,1535477,0
20170620,80.39,80.64,78.88,80.10,2052377,0
20170621,80.42,80.60,79.25,79.57,2440123,0
20170622,79.89,80.55,79.58,80.01,1995355,0
20170623,80.10,80.61,79.60,80.17,2426166,0
20170626,80.57,81.37,80.19,80.89,2879856,0
20170627,81.35,82.83,81.11,82.07,2845853,0
20170628,82.68,84.00,82.58,83.80,2870752,0
20170629,84.38,84.82,83.30,83.77,3253021,0
20170630,84.47,85.08,83.90,84.39,2600642,0
20170703,85.05,85.92,84.87,85.36,1428134,0
20170705,85.65,85.75,82.90,83.36,2367643,0
20170706,82.91,84.25,82.89,83.05,2487550,0
20170707,83.29,84.45,82.54,83.93,2257705,0
20170710,83.50,84.60,83.23,84.20,1918858,0
20170711,84.20,84.75,83.73,84.46,2084101,0
20170712,84.94,85.98,84.86,85.72,3004087,0
20170713,85.75,85.99,85.00,85.48,1890202,0
20170714,85.78,86.63,85.62,85.87,1760503,0
20170717,85.95,86.29,85.54,85.65,1442298,0
20170718,85.58,86.08,84.95,85.25,1496283,0
20170719,85.26,87.34,85.26,87.16,2109419,0
20170720,87.18,87.95,86.87,87.02,3158991,0
20170721,87.16,87.16,86.21,86.87,2152177,0
20170724,86.84,87.43,86.69,87.25,1853531,0
20170725,88.02,88.57,87.56,87.95,1993230,0
20170726,88.41,88.81,87.00,87.34,1806685,0
20170727,87.55,87.72,86.10,86.53,2959929,0
20170728,88.51,90.68,88.04,89.89,3977320,0
20170731,90.37,91.27,89.62,90.09,2673583,0
20170801,90.28,90.28,88.38,89.26,2642724,0
20170802,88.75,89.30,87.85,88.37,2620644,0
20170803,88.48,89.27,88.27,88.75,4259937,0
20170804,89.16,89.39,88.67,88.78,1514203,0
20170807,89.13,89.40,88.86,89.12,1832313,0
20170808,88.99,89.46,88.37,88.73,2375219,0
20170809,88.61,89.48,88.39,89.20,2593363,0
20170810,88.58,89.02,87.58,87.60,2176687,0
20170811,86.96,87.98,86.96,87.19,1893185,0
20170814,87.38,88.25,87.25,88.03,1607965,0
20170815,88.06,88.51,87.83,87.95,1548384,0
20170816,87.95,88.36,87.30,87.66,2052900,0
20170817,87.51,87.89,86.19,86.23,2470921,0
20170818,86.10,87.63,85.35,87.34,2683676,0
20170821,87.33,88.40,87.17,88.10,2454483,0
20170822,88.65,89.31,88.39,88.77,1550294,0
20170823,88.39,90.00,88.34,89.36,1410024,0
20170824,89.40,89.77,88.98,89.51,1294449,0
20170825,90.30,91.41,89.99,90.26,2309431,0
20170828,90.57,90.93,89.68,90.32,1392436,0
20170829,89.67,89.83,88.90,89.60,1803163,0
20170830,89.42,90.95,89.37,90.33,2194192,0
20170831,90.86,91.07,89.41,90.59,2609403,0
20170901,90.10,90.99,89.83,90.25,1529134,0
20170905,90.58,90.84,88.81,89.39,3642615,0
20170906,89.80,92.28,89.03,91.72,2674673,0
20170907,91.76,92.27,90.97,91.72,2360115,0
20170908,91.57,92.08,91.33,91.60,1746982,0
20170911,92.29,93.97,92.12,93.66,2426244,0
20170912,93.50,94.70,93.39,94.58,2183067,0
20170913,94.50,94.74,94.08,94.17,1588606,0
20170914,94.00,94.83,93.94,94.43,1559518,0
20170915,94.29,95.72,94.00,95.17,7251700,0
20170918,95.49,95.89,95.06,95.58,3637507,0
20170919,95.89,96.69,95.44,96.56,1971646,0
20170920,96.68,97.06,95.51,96.05,2375573,0
20170921,95.94,96.25,95.54,95.79,2308976,0
20170922,95.75,97.00,95.61,96.87,1531584,0
20170925,96.88,98.09,96.79,97.92,2508743,0
20170926,98.11,100.10,97.99,99.76,3017387,0
20170927,100.01,100.69,99.25,99.78,2989309,0
20170928,100.01,100.28,99.57,99.78,2652391,0
20170929,99.81,99.97,98.78,99.05,2185424,0
20171002,98.57,100.72,98.57,100.55,2268757,0
20171003,100.65,100.74,98.92,99.76,2535288,0
20171004,99.95,100.36,98.79,98.88,1932203,0
20171005,99.43,99.61,99.05,99.48,2182141,0
20171006,98.82,99.23,98.17,98.90,2506924,0
20171009,99.21,99.21,98.67,99.04,1463718,0
20171010,98.38,98.63,97.68,98.06,2150408,0
20171011,97.83,97.91,97.02,97.26,2301218,0
20171012,96.88,97.62,96.20,97.53,1953225,0
20171013,98.60,98.86,97.50,97.68,1431619,0
20171016,98.28,98.38,97.33,97.70,1168694,0
20171017,97.89,98.40,97.45,98.21,1503418,0
20171018,98.04,98.60,97.81,98.26,1508794,0
20171019,97.91,99.78,97.61,99.39,1739742,0
20171020,99.96,100.00,98.61,98.94,2108950,0
20171023,98.90,99.41,98.50,98.56,1510632,0
20171024,99.05,101.47,98.99,100.94,2947656,0
20171025,100.57,100.62,99.07,99.75,2288835,0
20171026,100.42,101.71,99.67,101.23,3032378,0
20171027,99.00,100.70,97.73,99.01,3408578,0
20171030,99.12,107.83,98.82,106.00,8268139,0
20171031,104.77,105.34,102.99,103.53,3946847,0
20171101,104.21,105.22,103.16,103.43,2976998,0
20171102,103.56,104.25,102.95,103.54,2442364,0
20171103,103.04,105.92,102.36,105.58,2050613,0
20171106,105.82,106.99,105.49,106.49,1688608,0
20171107,106.57,107.20,105.21,105.92,1748994,0
20171108,105.63,106.02,104.92,105.86,1560438,0
20171109,105.30,105.98,103.90,104.19,2247616,0
20171110,104.18,104.79,103.45,104.26,1474680,0
20171113,103.62,104.72,103.01,104.19,1511344,0
20171114,103.17,104.75,103.14,103.74,1740592,0
20171115,103.19,103.45,101.78,102.50,1410898,0
20171116,103.04,103.60,102.24,103.20,2241066,0
20171117,103.05,104.65,102.52,103.90,1385913,0
20171120,103.86,104.41,103.41,104.27,1843953,0
20171121,104.64,104.92,103.62,103.82,1845994,0
20171122,104.09,104.35,103.27,103.42,1425664,0
20171124,104.00,104.67,103.87,104.34,588443,0
20171127,104.63,104.79,103.56,104.38,1604311,0
20171128,104.17,105.29,103.47,104.94,1972051,0
20171129,105.20,105.89,104.79,105.01,1691224,0
20171130,105.51,105.86,104.16,104.70,2465097,0
20171201,105.16,105.49,102.96,104.10,2294367,0
20171204,103.46,105.10,103.01,103.81,2123417,0
20171205,103.86,105.94,103.68,104.58,2148507,0
20171206,104.41,105.22,104.41,104.69,2079621,0
20171207,104.96,106.58,104.77,106.51,1574906,0
20171208,106.80,107.63,106.62,107.14,1669647,0
20171211,107.33,108.05,107.11,107.51,1126289,0
20171212,107.66,108.13,106.79,106.99,1836350,0
20171213,107.26,107.60,106.44,107.50,1991885,0
20171214,107.71,107.97,105.13,105.43,2074509,0
20171215,106.00,106.47,105.13,106.03,2969423,0
20171218,107.52,110.07,107.01,109.56,2432918,0
20171219,109.47,110.00,108.86,108.95,1883155,0
20171220,109.55,111.47,109.27,109.92,1773114,0
20171221,109.85,110.94,109.24,110.28,1642626,0
20171222,109.54,110.24,109.43,109.98,1117971,0
20171226,110.24,110.24,109.51,109.93,452758,0
20171227,109.93,110.12,109.59,110.03,620237,0
20171228,110.38,111.26,110.15,111.16,971010,0
20171229,111.62,111.62,110.20,110.32,991469,0
20180102,111.05,112.26,110.69,112.23,1078523,0
20180103,111.82,112.42,110.70,112.26,1410044,0
20180104,112.80,113.44,111.81,112.80,1538704,0
20180105,113.25,114.46,112.33,114.37,1019541,0
20180108,114.40,114.40,113.04,114.11,1109119,0
20180109,114.33,116.34,114.21,115.15,1736908,0
20180110,114.71,115.37,114.16,115.03,1190894,0
20180111,116.49,117.94,115.13,117.70,1785680,0
20180112,117.65,118.00,116.39,117.68,2028563,0
20180116,117.97,118.13,115.11,115.89,1548383,0
20180117,116.26,117.04,115.72,116.88,1674531,0
20180118,116.26,117.32,115.50,116.89,2055055,0
20180119,117.39,119.99,117.15,119.92,2712000,0
20180122,118.98,119.70,118.52,118.94,1869791,0
20180123,118.52,119.05,117.65,118.43,1449689,0
20180124,119.18,120.43,118.43,118.94,1603601,0
20180125,119.60,120.95,119.60,120.74,1550785,0
20180126,121.30,121.78,120.18,121.49,2013882,0
20180129,121.62,121.95,120.69,120.91,1059415,0
20180130,119.91,121.14,118.38,118.85,2438700,0
20180131,119.24,120.35,118.85,119.84,2586554,0
20180201,119.10,119.74,116.89,117.56,3365853,0
20180202,117.56,117.84,111.53,112.17,4075436,0
20180205,111.74,112.99,107.45,108.77,3058044,0
20180206,106.09,114.35,106.00,113.82,3757358,0
20180207,113.13,114.23,110.20,110.27,3068021,0
20180208,110.09,110.56,105.51,105.79,2543583,0
