DATE, OPEN, HIGH, LOW, CLOSE, VOL, p
20130618,44.50,45.00,43.50,44.00,1082571,0
20130619,44.00,44.05,43.00,43.10,540735,0
20130620,43.00,43.50,42.00,42.94,1013513,0
20130621,43.29,43.50,42.04,43.50,913646,0
20130624,44.00,44.00,42.96,43.50,272078,0
20130625,43.50,44.38,42.71,44.00,224280,0
20130626,43.50,45.47,43.31,44.10,1422798,0
20130627,44.85,45.50,44.22,44.95,612619,0
20130628,45.49,46.65,44.10,45.43,7775614,0
20130701,45.94,46.43,43.75,44.00,5786938,0
20130702,43.66,45.26,41.85,42.26,6730353,0
20130703,42.00,43.10,41.20,43.10,5069286,0
20130705,42.26,44.32,42.26,44.23,1754457,0
20130708,43.25,44.27,41.50,43.01,4796328,0
20130709,42.50,43.51,42.10,43.27,4196206,0
20130710,42.81,42.83,41.18,42.12,5929033,0
20130711,42.15,42.57,42.04,42.40,2292238,0
20130712,42.00,42.44,41.66,41.96,1226898,0
20130715,41.82,42.03,41.31,41.87,1182189,0
20130716,41.87,41.87,41.00,41.51,1452655,0
20130717,41.50,42.05,41.35,41.93,686927,0
20130718,41.93,43.48,41.53,43.09,1417262,0
20130719,43.39,44.32,42.85,43.48,1329881,0
20130722,43.20,43.74,43.01,43.53,1226356,0
20130723,43.30,44.50,43.23,44.00,734901,0
20130724,43.97,44.40,43.50,43.98,889070,0
20130725,43.67,44.65,43.67,44.38,861935,0
20130726,44.16,45.56,43.78,45.05,740176,0
20130729,45.35,46.66,45.00,46.20,1976008,0
20130730,46.07,47.23,45.73,47.16,1033590,0
20130731,47.25,47.68,45.63,45.89,1145395,0
20130801,46.26,48.26,46.08,46.22,974390,0
20130802,46.47,46.56,44.92,45.83,539595,0
20130805,45.51,46.00,45.00,45.14,388622,0
20130806,45.10,45.20,43.83,44.36,821257,0
20130807,44.04,44.86,44.02,44.78,373819,0
20130808,44.85,46.05,44.83,45.92,946972,0
20130809,45.00,45.77,44.51,45.36,914800,0
20130812,44.55,45.57,44.32,45.32,538253,0
20130813,45.13,45.28,44.21,44.66,1236471,0
20130814,44.51,44.60,44.00,44.11,547501,0
20130815,43.85,44.52,42.79,42.89,734554,0
20130816,42.75,42.83,42.16,42.69,486548,0
20130819,42.58,43.55,42.50,42.82,343473,0
20130820,42.98,43.25,42.70,43.00,313609,0
20130821,42.74,43.25,42.02,42.50,335554,0
20130822,42.35,42.57,42.02,42.50,457365,0
20130823,42.43,42.96,42.12,42.33,268154,0
20130826,42.26,43.15,42.21,42.66,286333,0
20130827,42.51,42.74,42.06,42.64,320692,0
20130828,43.11,44.69,42.40,43.98,643681,0
20130829,44.00,44.23,43.45,44.07,240262,0
20130830,41.89,44.17,41.89,43.65,452088,0
20130903,43.75,44.87,43.09,44.62,692473,0
20130904,44.38,45.78,44.26,45.02,552323,0
20130905,44.90,46.57,44.71,46.10,840666,0
20130906,45.97,48.06,45.62,46.84,1195361,0
20130909,46.76,47.06,44.73,46.58,970666,0
20130910,45.98,46.61,45.37,45.40,667595,0
20130911,45.09,45.27,44.39,44.90,577896,0
20130912,44.74,45.05,44.05,44.46,593566,0
20130913,44.36,44.50,43.50,43.60,565077,0
20130916,43.79,43.99,43.02,43.26,705683,0
20130917,43.20,43.74,43.02,43.34,482236,0
20130918,43.22,43.59,42.55,43.10,570718,0
20130919,43.28,43.42,42.52,42.68,681664,0
20130920,43.00,43.67,42.58,43.05,1633513,0
20130923,43.05,43.43,42.37,42.58,388438,0
20130924,42.55,42.96,42.25,42.31,449400,0
20130925,42.41,43.70,42.08,43.60,588130,0
20130926,43.55,44.72,43.37,44.17,481646,0
20130927,43.94,44.23,43.02,43.57,687709,0
20130930,43.28,44.11,43.05,44.09,489589,0
20131001,44.35,44.86,43.71,43.89,561550,0
20131002,44.00,45.23,43.91,44.92,1190192,0
20131003,44.91,45.20,44.00,44.29,2474916,0
20131004,44.43,44.73,44.14,44.50,305541,0
20131007,44.33,44.80,43.76,43.97,369978,0
20131008,43.98,43.98,43.21,43.44,355104,0
20131009,43.01,43.75,42.74,43.52,563560,0
20131010,43.75,44.00,43.29,43.52,310452,0
20131011,43.38,43.83,43.13,43.73,572689,0
20131014,43.71,44.35,43.71,44.28,1013359,0
20131015,44.11,45.07,43.97,44.95,1113292,0
20131016,45.95,45.99,44.02,44.31,1288191,0
20131017,44.36,44.48,42.65,43.07,1433924,0
20131018,43.13,43.62,42.33,42.45,565377,0
20131021,42.41,42.49,41.79,42.36,494092,0
20131022,42.38,43.03,42.38,42.60,501557,0
20131023,42.59,43.78,42.57,43.46,690638,0
20131024,43.41,44.04,42.95,43.88,588806,0
20131025,43.67,43.67,42.50,43.26,791659,0
20131028,43.30,43.47,42.91,43.37,360914,0
20131029,43.36,43.47,42.72,43.06,269007,0
20131030,42.99,42.99,41.67,42.27,636119,0
20131031,42.20,42.56,41.89,42.01,567775,0
20131101,42.12,42.95,42.00,42.88,305229,0
20131104,43.00,45.64,42.95,43.74,1263462,0
20131105,43.63,45.01,43.13,44.95,862555,0
20131106,45.04,45.88,44.55,45.15,1016769,0
20131107,44.00,45.04,43.66,44.75,527733,0
20131108,44.53,45.91,44.04,45.86,899301,0
20131111,45.78,46.25,45.33,45.81,221000,0
20131112,45.66,45.93,45.02,45.13,162831,0
20131113,45.04,46.24,44.69,46.22,299463,0
20131114,46.35,47.52,46.13,47.18,1068622,0
20131115,47.46,48.75,47.24,47.56,868806,0
20131118,47.65,48.75,47.50,48.46,900304,0
20131119,48.54,50.57,48.31,50.14,1652796,0
20131120,50.74,50.74,49.80,50.08,1011335,0
20131121,50.26,50.49,49.91,50.41,1128007,0
20131122,50.58,51.36,50.23,51.24,537922,0
20131125,50.90,51.20,49.08,50.60,676356,0
20131126,52.38,52.49,50.84,51.53,1085492,0
20131127,51.50,51.90,50.63,51.80,263489,0
20131129,51.89,52.34,50.73,51.96,117165,0
20131202,51.70,52.87,51.70,52.31,492485,0
20131203,52.01,52.18,51.05,51.54,474599,0
20131204,51.54,51.91,51.00,51.74,324336,0
20131205,51.66,52.35,51.39,52.30,284896,0
20131206,52.43,52.85,51.95,52.55,286260,0
20131209,52.50,53.24,52.34,52.72,580904,0
20131210,52.46,53.39,52.28,52.69,735478,0
20131211,52.70,52.70,51.76,51.85,479187,0
20131212,51.97,52.21,50.73,52.16,601579,0
20131213,52.13,52.87,51.71,52.45,201155,0
20131216,52.16,52.67,51.87,52.08,499195,0
20131217,52.32,52.45,50.26,50.59,1131035,0
20131218,50.60,51.50,49.87,50.90,1036072,0
20131219,50.94,51.97,50.51,51.54,449639,0
20131220,51.49,52.78,51.47,52.22,1095801,0
20131223,52.22,53.80,52.22,53.47,385086,0
20131224,53.36,53.56,52.61,52.76,123065,0
20131226,52.89,53.06,52.03,52.04,295683,0
20131227,52.00,52.10,51.01,51.39,177093,0
20131230,51.40,52.33,51.37,52.02,260536,0
20131231,51.99,52.58,51.91,52.26,289131,0
20140102,52.26,52.54,50.68,51.35,357702,0
20140103,50.94,51.95,50.82,51.77,221435,0
20140106,51.70,52.10,50.47,50.70,1070602,0
20140107,50.75,52.45,50.75,52.16,468765,0
20140108,55.00,56.45,53.14,54.38,1326461,0
20140109,54.74,56.21,53.66,56.14,706656,0
20140110,56.06,57.39,55.91,56.74,675283,0
20140113,56.33,56.99,55.69,55.95,311981,0
20140114,56.12,58.24,55.89,57.84,704422,0
20140115,57.61,57.88,56.46,57.25,669122,0
20140116,56.95,59.58,56.81,57.78,1220085,0
20140117,58.57,60.73,58.07,59.89,1479002,0
20140121,60.00,60.61,59.71,60.12,1280911,0
20140122,60.54,61.77,60.17,60.81,648235,0
20140123,60.36,61.00,59.89,60.90,387116,0
20140124,60.51,60.87,59.22,59.42,764340,0
20140127,57.00,57.74,54.45,56.41,1521888,0
20140128,56.38,56.91,55.41,55.96,724336,0
20140129,55.65,56.48,55.01,55.18,737210,0
20140130,55.66,57.07,55.00,56.66,929033,0
20140131,56.41,58.33,56.12,57.83,781450,0
20140203,57.83,58.17,54.58,55.29,1558053,0
20140204,55.44,56.63,54.74,56.05,572193,0
20140205,55.69,57.69,54.99,57.18,1193546,0
20140206,58.67,60.24,57.36,57.50,1829553,0
20140207,57.83,58.23,55.99,57.89,999187,0
20140210,57.75,59.63,57.64,59.31,1001367,0
20140211,64.26,67.44,63.90,66.19,7599415,0
20140212,64.96,66.59,63.20,66.23,1924121,0
20140213,66.08,68.00,65.78,67.03,1314370,0
20140214,68.00,69.35,66.54,67.21,983004,0
20140218,68.02,72.38,67.31,71.02,2673181,0
20140219,71.01,72.72,69.75,71.03,1459324,0
20140220,70.80,72.93,70.47,72.81,726503,0
20140221,72.68,72.77,71.38,71.49,622385,0
20140224,71.28,72.11,71.22,71.24,507415,0
20140225,71.94,71.96,69.83,69.96,726710,0
20140226,69.92,70.87,67.57,70.62,800414,0
20140227,70.50,70.79,69.87,70.07,477515,0
20140228,70.30,71.39,67.60,67.69,1119955,0
20140303,67.57,68.09,66.18,67.47,680532,0
20140304,68.00,68.85,67.48,68.50,666033,0
20140305,68.44,70.02,67.30,69.96,593155,0
20140306,69.95,70.40,66.41,66.90,1397696,0
20140307,67.31,69.00,65.91,68.13,744443,0
20140310,67.86,68.10,65.54,66.76,325420,0
20140311,66.71,67.72,65.91,65.98,372593,0
20140312,66.30,67.00,62.79,65.03,1987747,0
20140313,65.54,70.04,65.10,67.09,2579415,0
20140314,67.05,70.10,66.93,70.01,1710030,0
20140317,70.23,71.50,68.08,71.14,931920,0
20140318,70.51,71.51,70.14,71.26,632977,0
20140319,70.51,70.88,69.78,70.36,642143,0
20140320,71.00,71.32,69.82,69.95,637495,0
20140321,70.00,70.00,65.76,67.67,1337483,0
20140324,67.68,67.98,64.82,66.62,949526,0
20140325,66.82,67.60,64.62,65.86,833364,0
20140326,66.00,66.17,62.84,63.82,1192929,0
20140327,63.59,65.54,63.27,63.97,942223,0
20140328,64.15,64.96,62.71,62.90,575286,0
20140331,63.26,63.98,62.93,63.41,670068,0
20140401,63.45,65.25,62.36,62.59,1336292,0
20140402,62.80,63.44,61.43,62.75,869805,0
20140403,62.62,63.19,61.51,62.49,2479929,0
20140404,63.09,65.09,62.12,62.52,1317516,0
20140407,63.65,65.27,56.12,60.95,23637194,0
20140408,61.31,64.32,59.53,64.23,9132985,0
20140409,65.22,67.92,65.12,67.78,6171417,0
20140410,67.55,68.09,64.89,65.28,2919030,0
20140411,64.56,65.43,61.96,62.55,2879184,0
20140414,62.82,64.16,60.36,61.21,1619491,0
20140415,61.12,62.37,59.00,61.65,2233855,0
20140416,61.93,62.42,60.67,62.16,2123902,0
20140417,62.20,62.20,59.98,60.28,2506857,0
20140421,60.77,62.12,59.84,61.94,1679392,0
20140422,62.06,63.79,62.06,63.30,2739447,0
20140423,63.32,64.45,62.56,64.33,2231169,0
20140424,64.50,68.83,64.50,67.61,5092054,0
20140425,67.38,68.81,65.69,66.99,4930319,0
20140428,67.94,72.43,67.39,69.08,4261358,0
20140429,69.00,70.61,67.57,68.60,1493650,0
20140430,69.47,71.81,69.23,71.23,1635869,0
20140501,71.56,72.20,70.10,70.59,1964389,0
20140502,70.59,75.12,69.89,73.84,3490085,0
20140505,72.27,73.40,70.99,72.97,1351344,0
20140506,72.71,74.24,72.31,73.24,1818453,0
20140507,74.00,74.71,72.03,74.42,2397649,0
20140508,76.77,77.91,75.05,75.10,3347546,0
20140509,74.69,75.27,71.83,73.10,2349589,0
20140512,73.57,74.35,72.37,73.39,1020817,0
20140513,73.89,74.84,71.79,73.18,2128693,0
20140514,73.50,74.20,72.41,73.26,1084235,0
20140515,73.17,76.42,72.87,76.26,1564022,0
20140516,76.58,79.60,76.42,78.86,2611886,0
20140519,80.22,81.86,78.28,81.45,2314382,0
20140520,81.00,83.03,80.68,82.70,1963794,0
20140521,82.36,83.00,78.79,80.37,2076021,0
20140522,80.38,81.56,78.35,78.68,989531,0
20140523,78.93,79.50,77.60,79.18,1018335,0
20140527,79.18,80.63,77.18,77.99,923373,0
20140528,77.51,78.50,76.89,77.52,857147,0
20140529,77.83,78.14,76.66,77.53,728619,0
20140530,77.07,78.24,76.40,77.76,1566962,0
20140602,77.62,79.25,76.91,78.64,1361624,0
20140603,78.26,78.50,76.94,77.53,830879,0
20140604,77.19,78.25,76.65,77.13,1837551,0
20140605,77.76,77.89,72.33,75.22,3529140,0
20140606,75.46,76.91,74.85,75.34,1078756,0
20140609,75.58,76.47,74.80,76.02,995312,0
20140610,76.08,76.64,74.48,75.36,839482,0
20140611,75.31,76.48,75.06,76.07,769754,0
20140612,76.11,76.42,73.81,74.11,1582499,0
20140613,73.50,76.06,73.50,75.08,1980110,0
20140616,74.90,76.09,74.52,75.80,1163102,0
20140617,75.53,77.26,74.80,76.88,1073950,0
20140618,76.66,77.46,75.57,76.87,1099952,0
20140619,77.24,77.66,76.27,77.59,1095272,0
20140620,78.91,79.75,78.02,78.35,1675497,0
20140623,78.16,79.99,76.25,76.30,854310,0
20140624,76.35,77.71,75.60,77.01,932839,0
20140625,77.02,77.99,76.33,77.74,975832,0
20140626,77.26,77.96,76.67,77.14,1186054,0
20140627,76.68,78.38,76.56,78.15,2897809,0
20140630,78.50,80.47,77.34,80.02,3069694,0
20140701,80.09,80.50,78.66,78.80,1881310,0
20140702,78.85,79.98,78.22,78.67,1687410,0
20140703,80.54,81.27,79.34,81.27,1347212,0
20140707,81.06,83.20,79.58,79.90,1643181,0
20140708,79.99,80.68,77.33,78.28,1529447,0
20140709,78.25,79.54,76.47,77.50,1297177,0
20140710,76.52,77.88,74.78,77.59,1466960,0
20140711,75.29,77.65,74.67,75.10,3101192,0
20140714,75.33,78.98,74.67,77.01,2593103,0
20140715,77.38,77.74,75.40,76.31,1748873,0
20140716,76.49,76.72,75.01,75.09,1978973,0
20140717,75.11,76.46,74.09,74.49,1803350,0
20140718,75.16,75.25,74.12,75.11,1268945,0
20140721,75.25,75.42,73.92,74.08,1240025,0
20140722,74.30,75.72,73.97,74.35,2226088,0
20140723,74.79,75.77,74.44,75.65,1450859,0
20140724,75.24,76.98,75.24,76.56,1302923,0
20140725,75.82,77.37,73.75,74.37,2521619,0
20140728,74.49,74.99,72.67,72.75,1015535,0
20140729,72.99,73.31,71.10,71.24,1435823,0
20140730,71.40,71.89,70.62,71.74,1723950,0
20140731,71.06,71.26,69.33,69.62,2775308,0
20140801,69.24,70.22,68.73,69.89,2299125,0
20140804,69.95,71.19,68.42,70.51,1608393,0
20140805,70.45,71.19,68.97,69.39,1639892,0
20140806,69.12,69.57,67.59,68.24,2006531,0
20140807,71.61,71.79,69.00,69.11,4156720,0
20140808,69.27,69.94,68.67,69.43,2628440,0
20140811,69.87,71.00,69.16,69.52,2008541,0
20140812,69.26,69.45,67.18,68.12,2787199,0
20140813,68.63,70.03,68.32,69.61,3459909,0
20140814,69.90,71.86,69.90,70.88,4561872,0
20140815,72.03,75.55,71.66,71.66,8305833,0
20140818,72.93,73.52,71.81,72.00,28394082,0
20140819,72.06,72.60,69.16,69.51,6604177,0
20140820,69.05,72.23,69.05,72.17,5180312,0
20140821,73.02,73.69,70.71,70.92,2644590,0
20140822,70.90,73.09,70.72,72.94,1970069,0
20140825,73.18,74.64,72.51,74.50,2514036,0
20140826,75.04,76.02,74.52,75.95,2189980,0
20140827,76.00,78.53,75.52,78.29,4797119,0
20140828,78.00,80.51,77.60,80.11,3310961,0
20140829,80.51,81.76,80.51,81.49,2659076,0
20140902,81.86,82.78,80.77,82.30,3147853,0
20140903,83.07,85.55,83.06,85.34,4376106,0
20140904,86.71,87.15,84.00,84.21,3685798,0
20140905,84.88,85.38,82.61,84.51,2595530,0
20140908,84.54,85.71,84.32,85.33,1537783,0
20140909,85.24,85.84,83.88,83.94,2057308,0
20140910,84.37,86.22,84.00,85.93,1635145,0
20140911,85.62,87.00,84.88,86.84,1740698,0
20140912,86.32,86.83,85.12,86.25,1912093,0
20140915,86.09,86.20,85.24,85.78,1684300,0
20140916,85.50,87.09,84.91,86.89,1691285,0
20140917,86.85,87.76,86.38,87.37,1094403,0
20140918,87.41,87.91,87.24,87.70,885599,0
20140919,88.54,89.53,88.24,88.82,3942880,0
20140922,88.28,89.42,87.77,88.95,1657003,0
20140923,88.57,89.19,88.00,88.58,977903,0
20140924,88.83,89.67,88.25,89.19,1949094,0
20140925,89.10,89.42,87.83,88.47,1204079,0
20140926,88.80,90.50,88.48,90.00,1648303,0
20140929,89.10,91.31,89.09,89.92,2149974,0
20140930,89.93,91.38,88.80,90.15,2520521,0
20141001,90.15,90.45,88.61,89.06,2000384,0
20141002,89.22,91.05,88.71,90.92,2807320,0
20141003,91.48,93.07,90.70,92.93,3184802,0
20141006,93.28,94.01,92.52,93.29,2299062,0
20141007,92.90,93.34,91.21,91.32,1978933,0
20141008,91.18,92.55,90.21,92.51,1614866,0
20141009,92.82,93.31,90.31,90.50,1466650,0
20141010,89.88,91.48,87.78,87.97,2025232,0
20141013,87.98,88.31,83.88,86.10,3035161,0
20141014,88.89,89.21,85.47,85.99,2741010,0
20141015,84.05,85.20,81.50,84.33,3926448,0
20141016,81.77,84.55,81.77,83.19,2325417,0
20141017,83.94,87.66,83.50,86.60,2731905,0
20141020,86.60,87.36,85.55,87.15,1581661,0
20141021,87.86,89.49,87.58,89.30,1376131,0
20141022,89.47,90.10,86.68,87.10,1779445,0
20141023,88.70,90.78,88.14,89.25,1314939,0
20141024,89.25,91.10,88.54,90.97,744109,0
20141027,90.97,91.50,89.93,90.93,962800,0
20141028,91.29,93.94,91.28,93.74,1424994,0
20141029,93.74,93.78,92.35,93.01,996870,0
20141030,92.86,93.73,91.82,92.83,759319,0
20141031,93.95,94.32,91.54,92.18,1144469,0
20141103,92.34,93.48,91.71,93.43,872443,0
20141104,93.38,94.22,93.09,94.09,1513908,0
20141105,94.50,95.74,93.14,93.50,1110836,0
20141106,93.48,95.01,93.26,94.55,812224,0
20141107,94.63,94.74,90.88,91.06,1929193,0
20141110,91.00,93.32,90.80,93.23,814918,0
20141111,93.35,94.30,92.19,93.71,935096,0
20141112,93.48,93.69,92.60,92.99,593876,0
20141113,86.38,88.35,85.50,86.96,4124053,0
20141114,86.90,88.11,85.53,88.11,2029131,0
20141117,87.92,89.23,87.63,88.43,1080887,0
20141118,88.43,89.70,88.05,88.80,1404277,0
20141119,87.56,88.00,83.57,85.98,3613054,0
20141120,85.33,87.36,84.37,87.12,1974707,0
20141121,87.76,87.76,86.30,87.02,1411287,0
20141124,87.40,90.81,87.27,90.34,1562163,0
20141125,88.00,90.91,88.00,90.91,2972754,0
20141126,91.58,93.64,91.30,91.64,2330135,0
20141128,91.64,92.66,91.43,92.22,706114,0
20141201,91.60,91.60,88.17,88.22,1440419,0
20141202,88.92,91.99,88.75,91.77,1555127,0
20141203,91.41,91.78,89.60,91.24,1573196,0
20141204,91.24,95.15,90.51,94.05,2567120,0
20141205,94.53,96.49,94.53,95.61,1498264,0
20141208,95.64,96.74,95.33,96.27,2044409,0
20141209,96.06,96.97,95.02,96.72,1306781,0
20141210,96.04,97.47,95.82,96.11,1179105,0
20141211,96.45,97.80,94.84,95.08,959409,0
20141212,93.95,95.86,93.26,94.72,1306501,0
20141215,95.65,95.79,91.53,92.17,1381510,0
20141216,91.97,93.54,90.98,91.05,913617,0
20141217,91.65,93.09,89.24,92.92,1561886,0
20141218,93.82,95.53,92.92,95.49,1151511,0
20141219,95.98,100.48,95.76,99.52,2729926,0
20141222,99.80,101.52,99.09,99.73,947073,0
20141223,100.21,100.46,96.65,98.13,1171577,0
20141224,98.19,98.81,97.28,97.84,366407,0
20141226,98.43,99.36,97.70,97.91,408021,0
20141229,97.76,99.35,97.27,99.03,545344,0
20141230,98.57,98.86,96.88,97.23,591992,0
20141231,97.68,99.46,97.10,99.03,733908,0
20150102,99.27,99.43,96.34,96.96,865769,0
20150105,96.75,97.24,94.93,96.07,1053735,0
20150106,95.06,96.76,92.81,93.89,1563263,0
20150107,94.53,97.33,94.53,96.91,1342790,0
20150108,97.69,100.16,97.50,100.16,1813111,0
20150109,100.42,104.64,100.20,103.57,1736205,0
20150112,104.18,104.18,101.22,102.46,1216447,0
20150113,103.00,106.99,102.55,105.32,1719943,0
20150114,104.79,105.92,103.82,104.25,1436121,0
20150115,104.33,104.87,103.40,103.84,832267,0
20150116,103.53,105.19,103.47,105.00,977129,0
20150120,105.23,106.97,103.02,103.60,1155985,0
20150121,103.46,106.31,103.31,105.48,736415,0
20150122,105.72,106.16,102.98,105.23,789510,0
20150123,105.77,107.79,105.11,106.98,884964,0
20150126,106.58,107.98,106.58,107.40,680197,0
20150127,106.74,108.50,106.08,107.33,704380,0
20150128,107.75,108.17,105.63,105.85,889018,0
20150129,105.92,109.74,105.03,108.74,1070584,0
20150130,107.50,108.42,105.17,105.99,1341380,0
20150202,106.06,107.75,104.65,106.74,1458292,0
20150203,103.48,108.30,100.61,104.93,4201859,0
20150204,104.39,107.86,104.22,105.83,1539480,0
20150205,107.26,114.70,107.12,109.37,2178672,0
20150206,108.94,110.20,107.94,108.51,851997,0
20150209,108.22,109.11,106.83,107.82,813518,0
20150210,108.69,110.94,108.45,110.79,756387,0
20150211,111.08,111.25,108.08,109.34,966583,0
20150212,110.27,112.52,109.37,112.50,1056723,0
20150213,114.35,115.44,113.46,115.01,1204032,0
20150217,114.59,117.42,114.41,117.37,1075007,0
20150218,117.56,117.98,116.44,117.93,623752,0
20150219,117.55,117.80,115.94,116.90,658221,0
20150220,116.48,117.59,115.05,117.58,838649,0
20150223,118.75,122.01,118.45,120.18,1261701,0
20150224,120.41,121.03,117.44,117.82,883263,0
20150225,118.09,118.36,115.82,116.15,850391,0
20150226,116.43,119.71,116.19,119.61,840111,0
20150227,119.81,119.99,116.04,116.72,975777,0
20150302,116.72,118.98,116.09,118.82,614098,0
20150303,118.03,118.72,114.27,114.85,975328,0
20150304,114.66,116.59,113.27,116.19,991949,0
20150305,120.99,123.96,120.57,121.70,2333348,0
20150306,122.24,124.57,120.91,121.33,1724799,0
20150309,121.77,122.98,120.32,122.28,952900,0
20150310,121.01,122.69,120.39,120.59,867804,0
20150311,120.75,122.65,119.26,119.42,944474,0
20150312,120.12,123.47,120.00,123.33,887724,0
20150313,122.53,124.96,122.11,124.12,1187117,0
20150316,125.29,126.97,124.70,126.43,1220208,0
20150317,126.75,131.85,126.46,131.26,1894425,0
20150318,131.00,133.51,130.55,132.51,1937315,0
20150319,132.40,133.50,130.34,131.21,1373729,0
20150320,132.72,133.60,130.58,132.47,2225169,0
20150323,132.47,134.26,129.60,130.55,1839796,0
20150324,130.21,131.66,129.48,129.68,1065315,0
20150325,130.02,130.57,126.62,126.66,1879298,0
20150326,126.23,128.68,124.00,126.78,1539283,0
20150327,127.63,130.32,127.50,129.61,872254,0
20150330,130.60,130.73,128.68,130.13,1394450,0
20150331,129.37,129.98,126.64,126.65,963853,0
20150401,126.66,126.99,123.00,124.72,1674619,0
20150402,124.94,126.60,124.00,124.76,1149613,0
20150406,124.34,124.72,123.11,124.09,894589,0
20150407,124.25,126.43,123.94,124.15,1050443,0
20150408,124.02,128.10,124.02,128.03,2135279,0
20150409,129.61,130.85,127.21,127.80,1979470,0
20150410,128.08,129.37,127.40,129.09,1517921,0
20150413,128.62,129.54,126.71,126.89,1367598,0
20150414,126.28,127.21,123.91,124.75,1193978,0
20150415,124.98,126.75,124.13,124.31,1061323,0
20150416,124.10,125.50,123.53,123.72,785333,0
20150417,123.40,124.25,121.00,122.38,1273247,0
20150420,122.77,123.29,122.01,123.12,811166,0
20150421,123.89,126.51,123.87,125.17,2354889,0
20150422,125.23,125.75,122.40,122.95,1381659,0
20150423,122.39,125.19,122.25,124.85,1848982,0
20150424,124.15,124.65,121.71,122.01,946082,0
20150427,122.49,123.51,115.04,115.35,1853963,0
20150428,114.70,116.47,112.21,114.87,2049297,0
20150429,113.70,116.53,113.58,115.71,1846406,0
20150430,115.31,116.42,112.44,113.18,1500388,0
20150501,113.50,115.96,113.50,114.20,1232960,0
20150504,114.12,116.59,114.04,115.00,1925399,0
20150505,120.86,122.00,118.11,120.27,2970937,0
20150506,121.15,121.61,116.46,117.39,1490126,0
20150507,116.60,119.98,116.60,119.06,1105820,0
20150508,120.20,122.76,118.77,122.67,1080392,0
20150511,122.58,123.85,121.37,123.31,1078100,0
20150512,122.67,123.20,120.53,122.32,575833,0
20150513,122.77,123.50,121.95,122.24,943505,0
20150514,122.74,124.60,121.50,124.31,636444,0
20150515,124.79,124.93,123.63,123.83,492566,0
20150518,123.83,127.88,123.83,127.23,1041812,0
20150519,127.54,130.25,127.03,128.98,1004291,0
20150520,128.74,129.60,127.37,129.04,630573,0
20150521,128.80,129.28,127.62,128.81,640892,0
20150522,128.45,129.04,127.11,127.18,610309,0
20150526,127.10,128.06,125.88,126.57,642439,0
20150527,127.42,129.97,126.97,129.61,982661,0
20150528,129.60,131.97,128.85,130.18,907825,0
20150529,130.34,132.60,129.30,129.44,892254,0
20150601,129.63,130.19,127.64,129.89,983171,0
20150602,129.18,130.88,127.53,129.19,787988,0
20150603,129.55,129.90,127.59,129.50,903878,0
20150604,128.58,129.26,124.18,124.28,1311701,0
20150605,124.24,126.80,124.10,126.07,930958,0
20150608,126.76,127.97,124.20,124.32,879598,0
20150609,124.44,125.29,121.38,122.97,792781,0
20150610,123.33,125.11,121.83,124.41,722740,0
20150611,124.55,127.23,124.46,126.29,819981,0
20150612,126.48,126.68,123.57,124.00,611172,0
20150615,122.71,124.22,121.48,121.93,1063327,0
20150616,121.68,121.85,115.63,119.99,1863523,0
20150617,119.88,120.84,117.43,117.68,1363252,0
20150618,117.13,121.74,116.05,121.14,1514355,0
20150619,121.06,122.81,120.97,122.01,1836377,0
20150622,122.63,124.41,122.18,124.02,817707,0
20150623,124.36,126.25,123.60,124.87,768799,0
20150624,124.63,124.92,120.37,120.59,893776,0
20150625,120.67,121.54,119.22,120.28,851140,0
20150626,120.81,121.21,116.67,116.78,1992977,0
20150629,114.99,118.78,114.04,115.66,1510672,0
20150630,117.65,118.16,115.69,117.72,1177917,0
20150701,119.41,120.53,117.83,120.27,1589183,0
20150702,120.68,120.69,118.37,119.46,1030142,0
20150706,118.35,120.46,118.04,119.63,1538083,0
20150707,119.56,121.26,118.85,121.20,1563747,0
20150708,120.22,121.42,119.38,120.07,1672390,0
20150709,121.59,122.12,119.75,120.26,942362,0
20150710,122.25,123.29,121.50,122.44,959177,0
20150713,123.12,123.71,121.12,121.57,870355,0
20150714,121.81,124.54,120.79,124.04,794814,0
20150715,124.69,126.27,123.54,124.63,1283769,0
20150716,125.00,125.36,124.11,124.32,674191,0
20150717,124.32,125.00,122.36,123.14,530930,0
20150720,123.13,123.95,122.00,122.94,601718,0
20150721,122.90,124.04,121.76,123.98,716287,0
20150722,123.99,126.65,123.82,126.51,765142,0
20150723,127.00,127.00,124.24,124.99,574201,0
20150724,124.32,125.95,122.39,123.82,732377,0
20150727,122.95,123.27,120.69,123.08,816068,0
20150728,123.17,123.91,121.59,123.87,739427,0
20150729,124.58,125.26,121.85,122.73,1631513,0
20150730,122.60,122.60,119.56,121.70,858997,0
20150731,122.00,124.14,121.81,123.96,924255,0
20150803,124.25,125.35,122.39,124.21,744922,0
20150804,120.77,122.04,101.95,106.73,6685661,0
20150805,106.74,106.90,102.35,104.51,4242840,0
20150806,104.19,104.39,94.90,98.49,6465974,0
20150807,98.50,100.70,96.15,100.38,2790019,0
20150810,100.57,103.85,96.95,103.50,2428647,0
20150811,102.86,103.50,100.24,102.33,1527373,0
20150812,102.14,102.26,98.86,100.20,1504025,0
20150813,100.57,101.46,97.53,98.03,1627407,0
20150814,98.00,98.92,97.66,98.54,1119224,0
20150817,97.99,99.61,97.51,98.84,1365695,0
20150818,98.49,99.86,97.00,97.79,1492772,0
20150819,97.58,98.00,94.44,95.49,1610956,0
20150820,93.49,94.68,88.73,89.44,3807089,0
20150821,88.23,90.22,86.51,88.30,4011929,0
20150824,83.16,88.10,81.83,81.96,3907758,0
20150825,84.25,84.74,78.57,78.66,3975659,0
20150826,81.37,86.48,80.24,85.82,3978827,0
20150827,86.72,90.64,86.72,89.17,2625186,0
20150828,88.69,90.20,87.80,89.93,1697880,0
20150831,89.51,90.45,85.65,86.24,1565156,0
20150901,84.29,87.68,83.63,84.06,1461313,0
20150902,85.48,85.72,82.45,84.37,2184472,0
20150903,85.02,85.88,82.17,82.78,1541202,0
20150904,82.22,83.93,81.80,82.86,1264258,0
20150908,84.73,85.70,83.93,85.50,1359839,0
20150909,86.17,87.28,83.38,83.62,1362475,0
20150910,83.62,84.92,82.80,83.00,1003510,0
20150911,82.74,82.85,80.78,82.08,1374826,0
20150914,82.27,82.61,81.03,81.69,871561,0
20150915,82.00,83.50,81.20,83.30,982975,0
20150916,83.09,84.28,82.24,83.61,1383750,0
20150917,83.68,86.06,83.03,84.95,1526793,0
20150918,83.92,83.92,81.68,82.10,2580828,0
20150921,81.75,81.75,72.81,73.87,6822182,0
20150922,72.84,75.51,72.00,72.90,3533027,0
20150923,73.25,73.92,71.44,71.64,1282160,0
20150924,70.69,70.96,67.31,70.14,3066904,0
20150925,71.08,71.10,67.57,68.45,2480333,0
20150928,68.19,68.76,58.28,59.80,8874355,0
20150929,59.57,61.69,56.57,57.96,6621433,0
20150930,59.71,64.22,59.45,63.94,4831169,0
20151001,63.93,64.20,61.37,63.48,4082416,0
20151002,61.75,65.88,61.63,65.87,3937888,0
20151005,66.31,66.86,61.26,61.41,3862522,0
20151006,63.14,66.50,59.72,62.98,6270173,0
20151007,63.20,66.28,61.85,65.27,3874674,0
20151008,64.87,69.38,64.59,68.54,3795870,0
20151009,69.00,69.18,66.13,66.73,2361054,0
20151012,66.75,67.25,64.63,65.89,1379584,0
20151013,65.70,67.35,64.84,64.99,2556336,0
20151014,65.88,67.37,64.26,65.58,2089391,0
20151015,62.89,67.19,62.40,66.90,2425153,0
20151016,67.29,68.68,66.78,68.13,1737051,0
20151019,67.70,68.49,66.50,67.62,2229557,0
20151020,67.19,67.47,63.45,64.07,3911172,0
20151021,64.39,64.71,55.30,60.48,5941359,0
20151022,60.57,60.97,56.16,58.61,4354766,0
20151023,59.57,69.69,59.57,65.75,4520423,0
20151026,65.11,67.72,63.69,66.96,3311753,0
20151027,67.09,68.39,65.30,67.90,2148218,0
20151028,67.57,73.28,67.03,70.09,2963159,0
20151029,70.09,73.68,69.43,69.99,2276172,0
20151030,69.91,70.71,65.55,65.67,2714160,0
20151102,66.48,69.10,66.41,67.79,2231868,0
20151103,67.92,70.51,67.06,70.31,1562409,0
20151104,70.41,73.36,69.60,70.63,2187145,0
20151105,70.34,71.42,65.46,66.51,2715658,0
20151106,67.35,70.35,65.77,69.89,2433664,0
20151109,70.00,70.21,52.01,58.01,12305187,0
20151110,57.57,64.68,54.17,62.58,14017339,0
20151111,61.76,62.94,56.25,57.12,5377727,0
20151112,56.19,56.36,52.59,53.41,7330798,0
20151113,53.22,57.68,53.07,56.94,3865464,0
20151116,56.50,58.96,55.37,57.22,2891522,0
20151117,57.13,60.71,55.23,57.50,2504539,0
20151118,56.45,57.80,55.56,57.61,3080675,0
20151119,58.15,60.54,56.46,60.08,3360687,0
20151120,59.81,62.99,59.60,61.00,2474507,0
20151123,65.80,66.93,63.39,66.10,6017058,0
20151124,65.04,67.62,65.00,66.09,2495088,0
20151125,65.99,67.98,65.91,66.06,1654817,0
20151127,66.32,67.30,66.15,66.29,735697,0
20151130,66.40,68.52,65.20,67.91,2307495,0
20151201,68.45,71.51,67.42,71.48,3027555,0
20151202,71.24,74.48,71.12,72.36,3873581,0
20151203,74.34,76.50,71.73,72.20,6093949,0
20151204,72.30,74.83,71.95,74.73,2260214,0
20151207,74.98,75.93,71.35,74.73,3244910,0
20151208,73.44,73.76,69.77,72.15,3218872,0
20151209,71.83,73.20,69.92,70.88,2701062,0
20151210,70.92,71.92,70.08,71.24,1464911,0
20151211,70.15,71.01,67.46,69.37,2072975,0
20151214,69.70,71.54,66.98,69.22,1624772,0
20151215,70.87,74.28,70.70,73.64,2581625,0
20151216,73.95,74.82,72.32,74.45,1625531,0
20151217,74.43,74.79,70.28,71.62,1800042,0
20151218,71.62,73.22,70.87,71.24,1950809,0
20151221,71.94,72.39,70.55,71.64,1266375,0
20151222,72.53,74.94,72.02,74.76,1235805,0
20151223,75.26,77.57,75.03,76.66,1389669,0
20151224,76.17,77.19,76.07,76.40,631864,0
20151228,75.61,76.66,73.82,74.28,1081812,0
20151229,74.80,74.94,73.73,74.13,729210,0
20151230,74.23,77.24,74.15,75.88,897836,0
20151231,75.13,76.00,74.25,74.63,1101878,0
20160104,73.24,74.09,71.41,72.61,1903525,0
20160105,72.96,74.39,72.12,73.20,1432949,0
20160106,71.99,73.26,69.11,70.27,1833450,0
20160107,68.19,69.51,66.04,66.85,1758705,0
20160108,67.60,68.71,64.82,65.10,2269534,0
20160111,65.23,66.39,62.04,65.17,3104315,0
20160112,65.67,69.01,63.41,65.97,2244257,0
20160113,66.44,67.93,61.63,61.83,1955216,0
20160114,62.05,66.65,58.55,65.72,2594734,0
20160115,63.85,66.08,62.55,65.80,2311379,0
20160119,67.19,67.45,62.15,64.43,1926133,0
20160120,62.69,65.94,61.25,64.64,1550149,0
20160121,64.88,66.72,63.14,63.66,1244581,0
20160122,65.10,66.37,63.50,64.30,1330196,0
20160125,64.21,64.99,62.69,63.47,1152641,0
20160126,63.67,64.83,61.50,64.31,1176997,0
20160127,64.28,65.97,61.89,62.36,1702604,0
20160128,63.44,63.49,56.49,57.30,2884678,0
20160129,58.10,59.39,56.95,58.09,2889663,0
20160201,57.72,63.05,57.50,62.16,2634937,0
20160202,65.00,68.18,62.68,65.71,6080972,0
20160203,66.83,68.85,64.27,68.32,3971150,0
20160204,68.00,71.18,67.61,68.80,2270206,0
20160205,69.22,71.42,68.83,69.48,2830199,0
20160208,68.60,68.67,63.10,65.14,2552859,0
20160209,64.26,66.61,60.63,63.01,3762327,0
20160210,63.92,65.42,62.11,62.49,2365918,0
20160211,61.13,61.74,59.40,60.52,2394736,0
20160212,61.44,63.01,58.86,62.35,1941486,0
20160216,63.89,64.29,62.40,64.22,1627001,0
20160217,65.64,68.08,64.84,67.33,1708489,0
20160218,67.09,67.32,64.63,66.20,1368112,0
20160219,66.21,66.89,64.00,64.74,1427440,0
20160222,65.64,65.98,63.68,65.27,2062452,0
20160223,65.00,67.56,64.98,65.34,1139974,0
20160224,64.32,66.40,63.12,66.26,1636861,0
20160225,66.52,68.69,65.90,67.32,1212366,0
20160226,67.83,70.57,67.31,69.24,1848469,0
20160229,68.05,68.88,64.61,65.03,3443995,0
20160301,65.62,65.88,63.37,65.65,3064423,0
20160302,65.58,66.82,64.81,66.47,1499504,0
20160303,65.47,65.55,62.90,63.59,1712469,0
20160304,63.54,64.31,61.54,62.15,1721003,0
20160307,62.10,67.23,61.13,64.92,1771222,0
20160308,64.84,64.84,61.78,61.92,2020690,0
20160309,62.19,64.30,61.92,63.43,1905605,0
20160310,63.46,64.36,62.10,63.50,1537754,0
20160311,64.79,69.08,64.46,68.97,2828707,0
20160314,68.78,69.86,67.58,69.61,1789235,0
20160315,67.78,67.78,57.69,59.51,10051291,0
20160316,58.24,59.14,50.90,55.69,18455753,0
20160317,56.36,56.71,51.04,53.42,8547189,0
20160318,53.31,57.00,51.14,54.62,8903681,0
20160321,54.93,59.78,54.53,58.96,4500533,0
20160322,57.83,61.83,57.21,61.05,3065922,0
20160323,60.97,61.94,59.61,60.44,1978449,0
20160324,59.68,61.46,58.66,60.06,2265752,0
20160328,60.67,61.24,58.43,58.98,2257179,0
20160329,58.39,61.47,57.62,61.36,2102256,0
20160330,61.73,62.37,59.83,59.91,1528634,0
20160331,60.65,62.00,58.93,61.28,1797241,0
20160401,60.23,64.92,60.23,64.31,2552210,0
20160404,64.18,64.59,63.04,63.75,2466596,0
20160405,63.65,65.20,62.38,62.50,2311215,0
20160406,62.50,65.40,61.35,65.23,2318514,0
20160407,65.40,66.42,63.38,64.26,2054439,0
20160408,64.93,65.50,63.10,63.29,1766626,0
20160411,63.45,63.45,61.01,61.15,1934644,0
20160412,60.25,60.36,56.85,58.40,3107729,0
20160413,58.79,60.66,57.67,60.13,2460202,0
20160414,59.95,60.47,58.66,58.92,1511890,0
20160415,59.12,60.36,59.00,59.11,2011754,0
20160418,58.67,60.49,58.16,60.37,1759914,0
20160419,60.67,62.96,60.53,61.86,2063508,0
20160420,61.84,63.49,60.85,61.78,2012580,0
20160421,61.61,65.71,61.61,64.70,3227579,0
20160422,65.22,68.00,65.02,66.27,2338478,0
20160425,65.44,65.72,64.02,64.09,1790479,0
20160426,64.41,65.62,63.49,65.37,1292404,0
20160427,65.35,66.14,65.00,65.39,1177289,0
20160428,65.24,66.36,63.57,63.81,1474949,0
20160429,63.67,63.74,60.88,62.52,2021842,0
20160502,62.44,62.96,59.97,60.71,3194608,0
20160503,67.49,68.40,63.47,64.84,5551489,0
20160504,64.08,64.39,61.87,63.08,2600423,0
20160505,62.63,62.66,59.96,60.82,2401282,0
20160506,59.02,59.53,54.52,56.40,6798716,0
20160509,57.29,60.27,57.14,59.85,2681471,0
20160510,60.37,62.03,58.93,59.79,2728998,0
20160511,59.63,61.69,57.72,57.75,2366268,0
20160512,58.14,58.96,56.32,57.42,2388932,0
20160513,57.27,58.79,56.85,58.40,1451680,0
20160516,58.40,59.87,57.45,59.74,1596382,0
20160517,59.44,62.39,58.80,61.99,6285201,0
20160518,61.75,63.12,60.20,60.57,2024981,0
20160519,59.93,61.30,58.42,58.97,1819143,0
20160520,59.43,61.12,58.64,61.03,1699224,0
20160523,61.21,61.79,59.11,59.23,1649707,0
20160524,59.58,61.22,58.96,60.87,1153773,0
20160525,60.91,61.43,59.70,60.61,1846605,0
20160526,60.79,61.73,60.28,61.48,1442139,0
20160527,61.96,63.56,61.89,62.83,1371675,0
20160531,63.07,64.19,62.82,63.36,2062901,0
20160601,63.33,65.66,62.57,65.19,1684239,0
20160602,65.30,67.05,64.76,65.90,1573682,0
20160603,65.56,65.56,63.61,65.11,1005602,0
20160606,64.50,65.84,62.79,65.02,1387656,0
20160607,63.00,65.43,62.47,64.41,1707019,0
20160608,64.64,64.64,62.75,63.07,1359520,0
20160609,62.85,63.50,62.21,62.53,923763,0
20160610,61.89,62.15,59.46,59.77,1765314,0
20160613,59.25,60.96,58.85,59.63,1710023,0
20160614,59.33,60.39,57.76,59.67,1868099,0
20160615,59.78,61.17,59.68,60.12,1457043,0
20160616,59.61,60.05,57.25,58.77,1414158,0
20160617,58.83,58.99,57.39,58.03,2082618,0
20160620,58.94,60.18,57.85,58.01,1566792,0
20160621,58.05,58.35,55.57,56.53,1987299,0
20160622,56.56,58.89,56.19,56.68,1301252,0
20160623,57.31,58.98,57.09,58.72,1308337,0
20160624,55.98,57.82,55.65,55.97,2416130,0
20160627,55.30,56.17,53.53,54.05,1428180,0
20160628,54.65,56.69,54.65,56.23,1076544,0
20160629,57.03,60.53,56.95,59.90,1802030,0
20160630,59.89,60.78,59.21,60.78,1564807,0
20160701,60.96,62.43,60.32,61.84,1177339,0
20160705,61.63,62.53,59.46,60.22,874263,0
20160706,60.01,62.17,59.79,61.95,1038814,0
20160707,61.92,62.69,60.41,61.47,1320174,0
20160708,62.00,62.53,60.97,62.29,822496,0
20160711,62.75,63.19,62.03,62.52,960668,0
20160712,62.46,62.56,61.53,61.90,1962645,0
20160713,62.55,63.83,61.94,62.16,1242523,0
20160714,62.77,63.00,61.94,62.45,741009,0
20160715,62.83,62.94,62.00,62.45,1220064,0
20160718,62.45,63.26,61.82,63.20,808503,0
20160719,62.96,63.85,61.97,62.16,1098112,0
20160720,62.61,67.19,62.34,66.82,1893106,0
20160721,67.29,69.56,66.91,67.53,2134235,0
20160722,67.53,68.00,65.85,66.49,945199,0
20160725,66.44,67.16,65.80,66.81,1237548,0
20160726,66.64,67.56,66.43,66.86,736385,0
20160727,66.87,68.15,66.76,67.89,1090661,0
20160728,67.63,68.19,66.77,67.34,1359629,0
20160729,67.12,68.47,66.76,67.34,1375132,0
20160801,67.46,67.98,66.42,67.37,1247325,0
20160802,71.83,77.99,71.75,76.91,7012838,0
20160803,77.15,81.35,76.43,79.66,3404475,0
20160804,79.91,80.02,77.44,78.81,2146245,0
20160805,79.16,81.34,79.16,79.99,1873384,0
20160808,79.79,80.26,78.52,79.99,1247486,0
20160809,80.00,80.60,79.24,79.97,1486639,0
20160810,80.06,80.12,78.30,78.77,1533220,0
20160811,78.76,79.51,78.41,78.98,1202386,0
20160812,78.82,80.16,77.40,79.70,1346589,0
20160815,79.54,80.15,78.95,79.75,1378639,0
20160816,79.59,80.53,79.33,79.37,936337,0
20160817,80.00,80.70,79.36,80.65,1385512,0
20160818,80.41,80.82,79.65,80.17,993489,0
20160819,79.73,81.25,79.69,81.07,783025,0
20160822,81.13,82.47,80.66,81.48,1416734,0
20160823,82.28,83.45,82.01,83.06,1443848,0
20160824,84.54,85.83,78.20,79.14,5319050,0
20160825,78.78,81.04,74.20,75.24,4428797,0
20160826,75.17,76.00,73.33,74.92,2144491,0
20160829,74.95,74.95,73.16,74.20,1651580,0
20160830,74.51,75.57,74.01,75.05,1722599,0
20160831,74.75,74.95,73.81,74.54,1565654,0
20160901,74.50,75.96,74.03,75.59,1274090,0
20160902,74.17,75.36,72.21,72.42,2399677,0
20160906,72.80,77.42,72.80,74.92,2303234,0
20160907,74.94,76.62,73.64,74.55,1290888,0
20160908,74.22,75.03,73.55,74.22,686251,0
20160909,73.71,75.11,73.05,73.07,1817247,0
20160912,72.34,75.65,72.24,75.46,2142223,0
20160913,74.13,75.19,72.79,74.57,1684179,0
20160914,74.80,75.42,73.62,75.33,1395903,0
20160915,75.25,76.40,74.84,76.27,1349076,0
20160916,76.27,76.39,74.86,76.12,1760528,0
20160919,76.61,77.25,75.30,75.41,786098,0
20160920,75.90,76.52,73.93,74.10,1123603,0
20160921,74.04,74.73,72.94,74.09,1073896,0
20160922,74.10,74.96,74.10,74.38,1075418,0
20160923,74.62,76.81,74.19,76.31,1073029,0
20160926,75.83,76.23,70.87,71.10,2726332,0
20160927,71.25,72.52,70.10,71.23,1552656,0
20160928,70.74,72.90,69.75,72.47,1389207,0
20160929,71.86,72.49,68.41,68.99,1913310,0
20160930,69.23,70.33,68.46,69.78,1316444,0
20161003,69.63,71.19,69.48,71.17,1145769,0
20161004,70.84,71.72,70.22,70.77,1026611,0
20161005,70.67,71.58,68.88,71.07,1379578,0
20161006,70.51,70.80,67.76,69.48,1554114,0
20161007,69.81,70.17,68.58,69.79,1335802,0
20161010,70.45,71.61,70.23,70.78,948784,0
20161011,70.07,70.31,67.86,68.16,1404118,0
20161012,68.16,68.83,66.52,66.58,1017892,0
20161013,65.97,67.32,65.01,66.91,1414330,0
20161014,67.25,68.43,65.80,65.82,849192,0
20161017,65.51,66.51,64.05,64.96,1547046,0
20161018,64.59,65.21,63.43,64.17,1871033,0
20161019,64.53,64.92,63.79,63.87,1026736,0
20161020,63.87,64.77,63.72,63.85,1014460,0
20161021,63.25,63.30,62.07,62.10,1378783,0
20161024,62.41,62.57,61.28,61.67,1375032,0
20161025,61.32,63.69,61.32,63.08,1372463,0
20161026,62.81,64.00,62.29,62.87,1634863,0
20161027,63.40,64.00,62.97,63.04,803935,0
20161028,62.15,62.43,60.23,61.38,1961606,0
20161031,61.45,62.00,59.02,59.26,1415729,0
20161101,59.03,60.65,58.11,60.01,1968075,0
20161102,59.91,60.44,57.63,57.70,1971517,0
20161103,57.85,57.85,53.06,53.53,3825030,0
20161104,53.46,55.79,53.41,54.65,2165185,0
20161107,55.65,57.53,55.06,56.91,1543270,0
20161108,54.64,58.10,54.05,57.86,1582585,0
20161109,62.76,65.18,61.72,63.85,3962514,0
20161110,65.11,66.89,63.98,65.19,1932798,0
20161111,65.07,66.19,64.02,65.91,1222895,0
20161114,66.37,68.08,66.29,67.88,1586832,0
20161115,67.82,68.12,65.75,67.80,1566665,0
20161116,67.24,67.24,59.59,59.65,7061598,0
20161117,60.41,63.00,54.71,55.32,9876292,0
20161118,56.29,57.69,53.30,54.59,4969403,0
20161121,55.03,57.33,55.03,56.86,1955787,0
20161122,57.11,57.62,55.23,56.00,2408802,0
20161123,55.26,56.99,54.64,56.87,2147270,0
20161125,57.51,57.60,56.07,57.21,814663,0
20161128,57.26,58.09,56.26,57.67,2744034,0
20161129,56.99,57.16,51.55,52.42,8771613,0
20161130,52.77,53.86,51.76,52.70,4434519,0
20161201,52.71,54.15,52.51,53.10,2335187,0
20161202,52.83,54.25,52.51,53.61,1857907,0
20161205,53.87,54.00,53.05,53.56,1478742,0
20161206,53.25,53.79,52.81,53.72,1349398,0
20161207,52.50,53.43,50.72,51.36,3477262,0
20161208,51.73,52.57,50.59,52.35,2715582,0
20161209,52.47,53.49,51.85,52.60,1834717,0
20161212,52.52,53.36,51.96,52.04,1317145,0
20161213,52.18,53.41,52.05,53.04,1556477,0
20161214,53.25,55.25,52.05,52.72,2421110,0
20161215,52.71,53.39,51.89,52.07,1969487,0
20161216,52.38,53.74,52.05,53.68,2353694,0
20161219,53.56,54.65,53.10,53.38,1314768,0
20161220,53.74,53.94,52.92,53.16,713302,0
20161221,53.15,53.41,52.01,52.43,1258343,0
20161222,52.86,54.54,51.67,52.03,1692417,0
20161223,52.21,53.87,52.21,53.18,1255207,0
20161227,52.88,53.95,51.72,51.77,1657581,0
20161228,51.77,52.10,49.42,49.69,2651505,0
20161229,49.75,50.17,48.61,49.51,1751242,0
20161230,49.45,50.40,49.24,49.82,1071363,0
20170103,50.50,51.77,49.75,51.73,2229549,0
20170104,51.99,53.66,51.98,53.19,1566597,0
20170105,53.61,54.00,52.80,53.83,1253380,0
20170106,53.60,53.87,51.95,52.75,1485217,0
20170109,53.20,54.39,53.09,53.55,1247426,0
20170110,53.80,54.54,53.29,53.75,1066126,0
20170111,53.67,53.67,49.17,50.44,3068561,0
20170112,50.14,52.35,49.74,51.62,1713096,0
20170113,51.52,52.00,50.61,50.64,1262123,0
20170117,50.24,50.30,49.08,49.42,1678455,0
20170118,49.97,52.00,42.67,45.46,13613152,0
20170119,48.20,50.15,46.30,48.12,8428730,0
20170120,48.02,48.53,45.79,46.08,3167025,0
20170123,46.00,47.08,45.27,45.64,1483659,0
20170124,45.51,46.62,44.14,46.21,1935776,0
20170125,46.50,47.42,46.30,47.09,1320466,0
20170126,47.00,47.41,46.52,46.55,1382617,0
20170127,46.83,47.60,46.33,47.07,1171618,0
20170130,46.98,47.69,46.05,46.45,1559918,0
20170131,45.96,48.77,45.66,48.73,1595231,0
20170201,48.93,49.03,47.52,48.99,1888831,0
20170202,48.51,50.27,47.82,49.70,1994470,0
20170203,49.47,49.94,48.00,49.33,1299009,0
20170206,49.42,50.87,49.17,50.68,2160165,0
20170207,50.10,51.48,48.58,50.23,2665367,0
20170208,49.93,50.69,49.14,49.42,2320232,0
20170209,49.63,50.48,48.71,49.06,2183019,0
20170210,49.02,49.85,48.32,49.27,2513437,0
20170213,50.09,50.12,48.71,49.73,2044455,0
20170214,49.55,51.19,49.06,51.14,2902269,0
20170215,51.24,52.90,50.37,52.50,2767069,0
20170216,52.51,53.21,51.38,52.50,2230024,0
20170217,52.52,54.86,52.06,54.74,2778363,0
20170221,54.60,54.90,52.96,54.11,2473384,0
20170222,54.70,55.32,54.17,54.21,1747954,0
20170223,54.19,54.83,53.63,54.47,1542327,0
20170224,54.06,54.72,53.38,53.38,1709742,0
20170227,53.62,54.90,53.52,54.60,1788315,0
20170228,54.44,54.64,52.26,52.42,2007326,0
20170301,53.12,53.60,51.06,51.55,2858963,0
20170302,51.78,53.12,51.38,51.95,2044108,0
20170303,52.05,52.92,51.57,51.89,1525653,0
20170306,51.90,52.05,50.83,51.26,1526646,0
20170307,50.30,50.44,48.31,49.71,3241852,0
20170308,49.60,50.72,49.54,50.17,1367787,0
20170309,50.34,50.65,49.21,49.56,1203368,0
20170310,49.58,50.07,49.04,49.39,1254070,0
20170313,49.47,49.95,48.95,49.24,982547,0
20170314,49.01,49.41,47.92,47.98,1198473,0
20170315,48.02,48.80,47.07,48.59,1593932,0
20170316,48.73,49.29,47.52,47.95,1722365,0
20170317,47.86,48.00,46.85,46.90,1997932,0
20170320,46.96,47.05,46.35,46.44,1298587,0
20170321,46.49,46.66,44.00,44.05,3288820,0
20170322,44.12,44.39,41.57,42.54,5484330,0
20170323,42.58,43.99,42.54,43.18,2486668,0
20170324,43.01,43.86,42.73,43.09,1506459,0
20170327,42.84,44.50,42.80,44.33,1706399,0
20170328,44.18,44.68,43.82,44.33,1240205,0
20170329,44.45,45.93,44.35,45.57,1875806,0
20170330,45.58,45.65,44.71,45.39,1773566,0
20170331,45.40,45.83,44.34,44.57,1718668,0
20170403,44.64,45.12,43.73,44.12,1655531,0
20170404,43.96,44.21,43.33,43.90,1472264,0
20170405,44.01,44.65,43.50,44.18,2468527,0
20170406,44.15,44.87,43.84,44.57,2400948,0
20170407,44.50,45.48,43.99,45.02,1982229,0
20170410,45.21,46.00,44.67,44.82,1609098,0
20170411,44.70,44.87,43.29,43.62,1799113,0
20170412,43.57,44.49,43.25,44.30,1527857,0
20170413,44.09,44.40,43.73,44.16,1302189,0
20170417,44.13,44.56,43.85,44.46,801322,0
20170418,43.84,44.38,43.44,43.85,1102129,0
20170419,43.94,45.00,43.84,44.48,1093465,0
20170420,44.82,45.14,44.06,44.93,1156080,0
20170421,44.77,44.77,43.40,43.52,1356888,0
20170424,44.15,45.05,43.85,44.45,1404513,0
20170425,44.89,46.05,44.54,45.91,1329036,0
20170426,45.90,46.95,45.55,46.19,1579486,0
20170427,46.25,46.60,45.75,46.38,806345,0
20170428,46.38,46.94,46.00,46.92,874521,0
20170501,47.00,47.24,46.31,46.69,1015839,0
20170502,46.84,47.21,46.14,46.84,1041782,0
20170503,46.41,46.77,44.16,44.85,2251829,0
20170504,44.89,45.95,44.70,45.80,1225235,0
20170505,45.97,46.68,44.76,46.63,1694690,0
20170508,48.03,48.73,45.50,45.66,3354529,0
20170509,45.82,46.01,43.67,44.55,2396005,0
20170510,44.53,45.21,44.03,45.14,2016220,0
20170511,45.15,46.42,44.50,46.07,1460001,0
20170512,46.05,46.89,45.29,46.79,1710051,0
20170515,47.01,47.82,46.52,46.78,2428111,0
20170516,46.61,46.84,44.75,44.83,2414849,0
20170517,44.45,44.94,41.93,42.37,2884249,0
20170518,42.35,42.74,39.60,40.87,4103020,0
20170519,40.23,41.21,39.50,41.05,3841000,0
20170522,41.07,41.28,40.00,40.04,1565169,0
20170523,40.03,40.13,38.81,39.86,2710387,0
20170524,40.14,40.35,39.21,40.24,2115499,0
20170525,40.24,41.20,40.17,41.00,2311563,0
20170526,41.13,43.90,41.00,43.28,2980073,0
20170530,43.08,44.45,43.08,43.67,3178669,0
20170531,44.00,44.24,42.87,43.13,3070909,0
20170601,43.13,44.32,42.72,43.66,1968753,0
20170602,43.85,44.00,42.41,42.65,1699192,0
20170605,42.36,42.59,38.83,40.49,7170322,0
20170606,40.15,40.49,39.15,40.08,2830971,0
20170607,40.08,40.58,38.80,39.63,1973637,0
20170608,39.70,40.95,39.50,40.19,1818325,0
20170609,40.18,41.30,39.63,40.29,2021901,0
20170612,40.22,42.63,40.18,41.49,1984586,0
20170613,42.77,43.99,42.00,43.16,3819491,0
20170614,43.16,43.43,41.82,42.15,1383044,0
20170615,41.60,42.29,41.03,41.94,1206579,0
20170616,42.09,42.44,41.13,41.70,2292257,0
20170619,41.96,43.77,41.59,43.64,1633326,0
20170620,44.38,44.95,43.05,43.31,2932685,0
20170621,43.34,45.60,42.90,45.37,3129473,0
20170622,45.00,46.00,42.77,45.37,5384712,0
20170623,45.35,46.43,45.16,46.32,3115739,0
20170626,46.49,47.04,46.01,46.24,2065166,0
20170627,46.23,46.51,44.85,44.89,2382933,0
20170628,45.25,45.85,45.00,45.22,2070453,0
20170629,45.45,46.00,44.12,44.41,1967291,0
20170630,44.38,45.15,44.03,44.81,1600835,0
20170703,44.94,45.85,44.69,45.31,802446,0
20170705,45.40,45.64,44.75,45.22,1279303,0
20170706,44.99,45.41,42.74,43.02,2592846,0
20170707,43.08,43.45,41.99,42.64,1435489,0
20170710,42.53,42.92,41.51,41.86,1512981,0
20170711,41.80,44.00,41.76,43.05,2045437,0
20170712,43.43,44.81,43.15,44.10,1680791,0
20170713,44.80,45.02,43.66,44.59,1796228,0
20170714,44.62,45.00,44.26,44.51,1076919,0
20170717,44.72,46.12,44.50,45.55,1492801,0
20170718,45.30,45.43,44.02,44.59,1480483,0
20170719,44.80,45.40,44.65,44.87,1198783,0
20170720,45.00,47.09,44.87,46.71,2320417,0
20170721,46.82,47.86,46.74,47.42,1984177,0
20170724,47.26,47.54,46.86,47.14,1952581,0
20170725,47.38,49.12,47.33,47.42,23937870,0
20170726,47.73,47.77,45.99,46.43,2287221,0
20170727,46.42,47.25,45.78,46.60,1689606,0
20170728,46.57,46.95,45.60,45.90,1054690,0
20170731,46.00,46.18,45.68,45.80,1022420,0
20170801,45.92,46.24,44.02,44.51,1570687,0
20170802,44.62,44.67,43.41,43.57,1469292,0
20170803,42.70,43.27,41.41,41.62,2342537,0
20170804,41.56,42.47,40.58,41.02,2290151,0
20170807,40.85,41.55,40.55,40.93,2115243,0
20170808,40.50,40.83,37.67,38.19,5394868,0
20170809,37.68,38.25,37.04,37.72,4112484,0
20170810,37.72,39.00,36.88,37.04,3098291,0
20170811,37.10,37.33,36.02,36.52,2139873,0
20170814,36.67,37.22,35.50,35.67,2574469,0
20170815,35.72,35.88,35.04,35.63,2544123,0
20170816,35.89,36.32,35.25,35.94,2510212,0
20170817,35.96,37.16,35.78,36.36,2459080,0
20170818,36.06,36.75,35.87,36.39,1503492,0
20170821,36.33,36.49,35.82,36.13,926293,0
20170822,36.35,37.34,36.34,37.12,1498784,0
20170823,36.94,37.30,36.48,37.21,1336198,0
20170824,37.40,38.77,37.27,38.25,1857910,0
20170825,38.18,39.26,38.10,39.01,2483185,0
20170828,38.89,39.36,38.46,38.98,1672530,0
20170829,38.55,39.29,38.18,39.14,2148941,0
20170830,38.98,39.64,38.71,39.37,2318166,0
20170831,39.53,41.48,39.32,41.08,1955348,0
20170901,41.40,41.70,40.45,41.17,1909727,0
20170905,41.05,41.31,35.10,36.12,9838655,0
20170906,36.12,36.40,35.25,36.28,2824663,0
20170907,36.35,36.81,35.00,35.16,2510378,0
20170908,35.12,35.38,34.51,35.33,1910832,0
20170911,35.69,37.47,35.52,36.80,2572180,0
20170912,37.24,37.48,36.23,36.45,2459066,0
20170913,35.16,35.88,34.71,35.64,2807758,0
20170914,35.41,36.31,34.89,35.21,2759860,0
20170915,35.22,35.33,34.17,34.27,2631510,0
20170918,34.27,34.60,33.63,33.76,2303994,0
20170919,33.76,34.16,33.61,34.07,1548951,0
20170920,34.16,34.67,34.11,34.49,1433116,0
20170921,34.49,35.23,34.21,34.86,1364911,0
20170922,34.90,35.15,34.52,34.83,1178283,0
20170925,34.90,35.43,34.84,35.25,1773586,0
20170926,35.17,35.46,34.60,34.67,1145928,0
20170927,34.84,35.58,34.63,35.39,1772533,0
20170928,36.00,36.96,35.65,36.14,2734011,0
20170929,36.00,37.56,35.80,37.37,2579514,0
20171002,37.37,39.05,37.13,38.87,2613612,0
20171003,38.75,39.00,37.57,37.59,2168046,0
20171004,38.42,38.50,37.15,37.36,2054835,0
20171005,36.45,36.45,35.34,35.50,2798479,0
20171006,35.50,36.38,35.36,35.81,1597529,0
20171009,35.80,36.21,35.40,35.72,1063999,0
20171010,35.90,36.15,35.40,35.76,902601,0
20171011,35.76,35.87,35.43,35.69,1029107,0
20171012,35.70,35.70,34.60,34.73,1501396,0
20171013,34.73,34.73,33.19,33.29,1968679,0
20171016,33.61,33.77,32.13,32.28,2177314,0
20171017,32.13,32.49,31.51,32.36,1955127,0
20171018,32.46,32.46,31.78,32.16,1616095,0
20171019,32.07,32.90,31.73,32.82,1266271,0
20171020,32.59,32.87,31.95,32.42,1356520,0
20171023,32.15,32.15,30.77,30.79,1939321,0
20171024,31.00,31.20,30.33,31.06,1547957,0
20171025,31.00,31.93,30.91,31.30,1975554,0
20171026,31.02,31.80,30.97,31.05,1690366,0
20171027,30.83,31.08,30.15,30.71,1616213,0
20171030,30.70,31.80,30.38,30.82,1578131,0
20171031,30.99,32.58,30.84,31.67,2149817,0
20171101,31.77,32.52,31.41,32.06,1886897,0
20171102,31.71,32.16,30.43,30.47,2064823,0
20171103,30.47,31.30,30.08,30.88,1848945,0
20171106,31.05,31.70,30.69,31.18,1761756,0
20171107,26.09,26.91,19.00,20.11,34065454,0
20171108,19.74,20.96,19.00,19.98,15836007,0
20171109,19.98,22.30,19.87,22.20,8815172,0
20171110,21.86,22.79,21.12,21.76,5811107,0
20171113,21.35,22.24,21.00,21.90,4205845,0
20171114,21.56,22.10,20.81,21.72,5170530,0
20171115,21.64,22.49,20.88,21.91,4199489,0
20171116,22.16,22.58,21.23,22.45,3159975,0
20171117,22.23,22.58,21.91,22.38,2550588,0
20171120,22.29,22.35,21.15,21.81,4336251,0
20171121,21.83,22.16,21.34,21.39,3825969,0
20171122,20.65,21.60,20.25,21.37,4149089,0
20171124,21.47,21.50,21.06,21.22,1166455,0
20171127,21.14,21.96,21.01,21.76,2873762,0
20171128,21.74,22.08,21.43,21.92,2556395,0
20171129,22.08,23.00,22.05,22.13,4119033,0
20171130,22.38,22.77,21.69,21.82,7142727,0
20171201,21.90,22.10,21.05,21.82,4958662,0
20171204,21.96,22.50,21.87,21.96,2701015,0
20171205,21.93,22.21,21.33,21.73,2695366,0
20171206,21.79,21.83,21.27,21.35,1998061,0
20171207,21.23,21.46,20.93,21.25,2228029,0
20171208,21.32,22.40,21.04,22.30,2938148,0
20171211,22.42,23.84,22.38,23.14,3019390,0
20171212,23.14,24.54,23.14,24.06,3896766,0
20171213,24.06,24.62,23.84,23.86,2828142,0
20171214,23.95,24.34,22.98,23.11,2485037,0
20171215,23.16,23.98,23.05,23.36,3601761,0
20171218,23.60,23.92,23.26,23.70,2812261,0
20171219,23.68,24.15,23.09,23.11,3437223,0
20171220,23.21,24.22,23.20,23.33,3475786,0
20171221,23.34,23.82,23.30,23.57,2570201,0
20171222,23.74,24.10,23.16,23.32,2261052,0
20171226,23.27,24.80,23.23,23.48,6149715,0
20171227,23.42,24.01,23.16,23.28,2506809,0
20171228,23.35,23.52,22.72,22.80,2205908,0
20171229,22.75,23.25,22.55,22.56,2155347,0
20180102,22.82,23.54,22.61,23.52,3101579,0
20180103,23.60,24.20,23.12,23.51,2245264,0
20180104,24.00,24.10,23.23,23.40,2996620,0
20180105,23.46,23.76,22.89,22.90,2257091,0
20180108,23.10,23.17,21.99,22.39,2991717,0
20180109,22.56,22.98,22.35,22.40,1771937,0
20180110,22.18,22.53,22.14,22.39,1199184,0
20180111,22.38,23.10,22.35,22.90,1792147,0
20180112,23.03,23.88,22.99,23.50,2450634,0
20180116,23.55,23.78,23.06,23.13,1998054,0
20180117,22.73,23.09,22.23,22.28,2389817,0
20180118,22.19,22.27,21.00,21.70,2716921,0
20180119,21.55,21.92,21.04,21.30,1909246,0
20180122,21.21,21.95,21.21,21.81,2072569,0
20180123,21.72,22.15,21.48,21.81,1877173,0
20180124,22.00,22.12,21.09,21.12,2350295,0
20180125,21.27,21.42,20.56,21.05,2288601,0
20180126,21.22,21.58,20.94,21.01,1911019,0
20180129,20.82,21.05,20.29,20.30,1903819,0
20180130,19.90,20.04,17.46,18.37,7735787,0
20180131,18.49,18.80,18.04,18.06,3773255,0
20180201,17.87,18.43,17.58,18.15,3667327,0
20180202,17.53,17.81,16.98,17.26,3614376,0
20180205,17.17,17.45,16.49,16.52,3593700,0
20180206,16.34,17.62,15.91,17.41,3389709,0
20180207,17.34,17.60,17.01,17.02,2556268,0
20180208,17.01,17.29,15.81,15.88,4290821,0
