DATE, OPEN, HIGH, LOW, CLOSE, VOL, p
20110627,18.35,18.98,18.30,18.83,895100,0
20110628,19.17,20.00,18.85,19.35,4151702,0
20110629,19.50,20.49,19.35,20.04,3695160,0
20110630,20.34,21.00,20.09,20.70,3025792,0
20110701,20.70,20.70,20.70,20.70,0,0
20110705,21.11,21.50,20.83,21.11,11822948,0
20110706,20.80,21.13,20.51,20.95,10982848,0
20110707,21.10,21.63,20.86,20.89,16707598,0
20110708,20.40,21.30,20.26,20.71,16416652,0
20110711,20.40,20.40,19.76,20.05,9495018,0
20110712,19.93,20.50,19.72,20.24,8011122,0
20110713,20.26,20.62,19.62,19.98,11642740,0
20110714,19.99,20.01,19.11,19.32,11532684,0
20110715,19.50,19.74,19.05,19.58,9938772,0
20110718,19.36,19.80,18.88,19.56,8311406,0
20110719,19.63,19.97,19.57,19.87,6422988,0
20110720,19.90,19.97,19.70,19.77,5448966,0
20110721,19.77,20.12,19.56,20.05,7248804,0
20110722,20.14,20.41,19.95,20.29,6645548,0
20110725,20.63,21.06,20.33,20.69,8899060,0
20110726,20.70,21.86,20.64,21.53,11324110,0
20110727,21.51,21.65,20.99,21.03,6998306,0
20110728,21.22,21.47,21.10,21.39,6654416,0
20110729,21.18,22.31,20.99,21.90,10709548,0
20110801,22.52,22.69,22.00,22.49,11521572,0
20110802,22.27,22.45,21.13,21.17,10995420,0
20110803,21.64,22.70,19.51,20.72,13413710,0
20110804,20.36,20.36,18.61,19.21,15377930,0
20110805,19.45,19.61,16.72,18.66,12348478,0
20110808,17.62,18.00,14.74,16.17,16542858,0
20110809,16.54,18.20,16.21,18.05,12054012,0
20110810,17.77,18.42,17.06,17.57,9682474,0
20110811,17.95,19.30,17.72,18.67,8756314,0
20110812,18.80,19.56,18.45,18.70,5906768,0
20110815,18.95,19.83,18.95,19.55,5365382,0
20110816,19.18,19.72,19.06,19.43,6532386,0
20110817,19.82,19.98,19.41,19.55,5627486,0
20110818,19.06,19.26,17.70,18.31,7501524,0
20110819,17.89,18.34,17.32,17.50,9878424,0
20110822,17.91,18.00,16.18,16.29,10774064,0
20110823,16.32,17.35,16.02,17.13,10359812,0
20110824,17.20,18.02,16.86,17.92,6723308,0
20110825,18.10,18.45,16.96,17.19,6375852,0
20110826,17.20,18.38,17.04,17.43,5880400,0
20110829,17.64,18.18,17.52,18.00,4174906,0
20110830,17.95,18.19,17.38,18.02,4385148,0
20110831,18.26,18.73,18.26,18.53,5730894,0
20110901,18.72,19.11,18.45,18.51,4515342,0
20110902,17.92,18.50,17.56,17.71,3594036,0
20110906,17.11,17.70,16.65,17.50,5723798,0
20110907,17.79,18.47,17.63,18.15,5212430,0
20110908,18.08,19.08,17.79,18.86,4086528,0
20110909,18.31,18.89,17.97,18.18,5888904,0
20110912,17.67,18.44,17.45,18.33,3919196,0
20110913,18.20,18.32,17.22,17.67,7146900,0
20110914,17.62,17.66,17.23,17.52,7640694,0
20110915,17.94,18.48,17.61,17.71,6081222,0
20110916,17.77,17.84,17.43,17.55,7195320,0
20110919,17.09,17.28,16.55,16.77,5096530,0
20110920,16.79,17.11,16.75,16.85,3859134,0
20110921,16.68,17.23,16.17,16.20,4013026,0
20110922,15.58,15.70,14.42,14.74,11073584,0
20110923,14.59,15.16,14.53,14.77,6767804,0
20110926,14.95,15.18,14.75,15.05,7970858,0
20110927,15.42,15.91,14.85,14.92,9412360,0
20110928,14.99,15.32,14.46,14.49,8844310,0
20110929,14.84,14.93,13.18,13.92,10516798,0
20110930,13.69,13.97,13.42,13.53,9626644,0
20111003,13.46,13.90,13.31,13.58,8648054,0
20111004,13.40,14.41,13.34,14.38,10289392,0
20111005,14.54,15.89,14.27,15.74,10463722,0
20111006,15.76,16.68,15.55,16.65,7978256,0
20111007,16.86,16.99,15.63,15.80,8532646,0
20111010,16.14,16.74,16.04,16.49,5005154,0
20111011,16.34,16.81,16.22,16.58,6614850,0
20111012,16.71,17.07,16.64,16.79,7544192,0
20111013,16.67,16.95,16.42,16.89,6341138,0
20111014,17.22,18.10,17.18,18.07,6739428,0
20111017,18.02,18.24,17.43,17.47,4717522,0
20111018,17.38,18.27,17.09,18.10,4533540,0
20111019,18.10,18.53,17.73,17.80,6033676,0
20111020,17.80,18.33,17.65,18.25,4675274,0
20111021,18.45,18.84,18.25,18.68,6436096,0
20111024,18.77,19.24,17.77,17.93,6574156,0
20111025,17.33,17.33,15.71,16.49,18550456,0
20111026,16.91,17.48,16.60,17.36,7476944,0
20111027,17.64,18.86,17.64,18.67,7726000,0
20111028,18.59,18.81,18.13,18.66,7259866,0
20111031,18.51,18.51,17.71,17.95,6581156,0
20111101,17.75,19.06,17.15,18.00,13191230,0
20111102,18.45,19.22,18.38,19.17,9171328,0
20111103,19.50,19.77,19.05,19.34,7803070,0
20111104,19.10,19.36,18.75,19.31,5657508,0
20111107,19.07,19.52,19.07,19.46,4110894,0
20111108,19.52,19.72,18.86,19.06,5019030,0
20111109,18.51,19.50,18.27,18.51,6973898,0
20111110,18.85,18.95,18.00,18.85,6920674,0
20111111,19.14,19.59,18.82,18.89,8037156,0
20111114,18.72,18.82,17.68,18.36,8146394,0
20111115,18.26,18.66,18.12,18.49,5613616,0
20111116,17.37,17.53,16.10,16.32,24772674,0
20111117,16.36,16.67,15.62,15.81,15641930,0
20111118,15.93,16.48,15.81,16.41,6335628,0
20111121,16.17,16.66,15.65,16.42,6564458,0
20111122,16.55,16.77,16.11,16.76,6095486,0
20111123,16.49,16.72,16.25,16.42,8240044,0
20111125,16.32,16.36,16.10,16.14,2732078,0
20111128,16.81,17.10,16.34,16.64,7630844,0
20111129,16.76,16.81,16.39,16.59,7636034,0
20111130,17.06,17.27,16.23,16.70,12317310,0
20111201,16.96,17.17,16.68,16.98,5997194,0
20111202,17.21,17.39,16.57,16.66,7471192,0
20111205,17.02,17.73,16.93,17.20,9112118,0
20111206,17.29,17.39,17.00,17.32,5932116,0
20111207,17.23,17.30,16.91,17.25,8031386,0
20111208,17.17,17.29,16.75,17.01,9874768,0
20111209,17.02,17.45,16.90,17.44,6378440,0
20111212,17.21,17.30,16.95,17.30,10916768,0
20111213,17.06,17.45,16.73,16.98,7383274,0
20111214,16.84,16.92,16.02,16.34,7003656,0
20111215,16.51,16.64,16.17,16.27,3495654,0
20111216,16.43,16.63,15.90,15.98,8457028,0
20111219,16.00,16.41,15.86,15.97,6274492,0
20111220,16.34,16.48,15.91,16.10,6290906,0
20111221,16.02,16.43,16.00,16.34,4308726,0
20111222,16.47,16.70,16.34,16.66,3692972,0
20111223,16.66,16.79,16.61,16.77,1840874,0
20111227,16.77,16.99,16.70,16.83,1539802,0
20111228,16.80,16.92,16.37,16.57,3284856,0
20111229,16.68,16.68,16.43,16.64,2126884,0
20111230,16.67,16.75,16.51,16.65,2165414,0
20120103,17.27,17.48,16.68,16.70,5043190,0
20120104,16.65,16.95,16.61,16.88,5791266,0
20120105,16.53,16.57,15.50,15.96,12391840,0
20120106,15.99,16.02,15.57,15.83,7554512,0
20120109,15.82,15.85,15.12,15.48,9678810,0
20120110,15.76,15.94,15.49,15.92,6010902,0
20120111,15.79,16.54,15.54,16.45,11266584,0
20120112,16.48,16.67,16.25,16.32,5585976,0
20120113,16.25,16.65,16.17,16.52,6199492,0
20120117,16.72,16.98,16.47,16.77,4440462,0
20120118,16.72,17.93,16.60,17.73,7981170,0
20120119,17.84,18.05,17.54,17.93,6295634,0
20120120,18.63,18.89,18.38,18.59,9684968,0
20120123,18.59,19.01,18.51,18.93,5406420,0
20120124,18.74,19.52,18.56,19.52,7421998,0
20120125,19.38,19.43,18.97,19.38,10327274,0
20120126,19.49,19.50,18.68,18.76,6187528,0
20120127,18.70,19.03,18.61,18.77,6156486,0
20120130,18.49,18.82,18.45,18.74,3700296,0
20120131,19.38,19.38,18.64,19.11,10394526,0
20120201,20.85,21.74,20.34,20.94,22296490,0
20120202,20.73,21.50,20.51,21.28,7455228,0
20120203,21.56,22.14,21.50,21.99,10732430,0
20120206,22.11,22.52,21.88,22.21,10962108,0
20120207,22.15,22.50,21.60,21.96,11722174,0
20120208,22.08,22.71,22.06,22.48,15936286,0
20120209,22.38,22.62,21.92,22.42,7107892,0
20120210,22.19,22.39,21.90,22.04,7004800,0
20120213,22.11,22.31,21.57,21.74,8935116,0
20120214,21.55,22.34,21.54,22.01,8469194,0
20120215,22.21,22.51,21.73,21.85,8363134,0
20120216,21.81,22.25,21.78,22.05,6863884,0
20120217,22.15,22.25,21.63,21.72,7104932,0
20120221,21.74,22.03,21.64,21.91,6473416,0
20120222,21.94,22.21,21.74,21.76,7642260,0
20120223,21.70,22.17,21.65,21.85,5967188,0
20120224,21.94,22.00,21.40,21.43,5858282,0
20120227,21.31,21.57,21.09,21.31,9289612,0
20120228,21.27,21.30,20.66,20.84,15318254,0
20120229,20.85,21.22,20.72,20.78,10256640,0
20120301,20.79,21.41,20.79,21.36,10728796,0
20120302,21.27,21.56,20.99,21.09,5397862,0
20120305,21.14,21.44,20.85,21.38,4696678,0
20120306,21.13,21.36,20.89,21.00,5533160,0
20120307,20.91,21.63,20.91,21.28,5985126,0
20120308,21.55,21.92,21.28,21.82,11870048,0
20120309,21.84,22.00,21.57,21.95,5795382,0
20120312,21.88,21.95,21.53,21.89,6024302,0
20120313,21.96,22.16,21.82,22.02,8265518,0
20120314,22.06,22.19,21.85,21.96,5444714,0
20120315,22.02,22.21,21.75,21.95,5544370,0
20120316,22.12,22.20,21.81,22.10,7662310,0
20120319,22.06,22.48,22.05,22.28,3862738,0
20120320,22.17,22.17,21.84,21.90,4488714,0
20120321,21.89,22.01,21.63,21.84,5243230,0
20120322,21.58,21.85,21.46,21.69,6899838,0
20120323,21.63,22.18,21.60,22.00,4814760,0
20120326,22.38,22.68,22.22,22.61,8455956,0
20120327,22.65,22.70,21.99,22.00,6284640,0
20120328,21.88,21.96,21.57,21.78,7307766,0
20120329,21.58,21.74,21.45,21.62,5024904,0
20120330,21.77,22.00,21.64,21.68,7078436,0
20120402,21.70,21.85,21.51,21.72,9149610,0
20120403,21.74,21.78,21.01,21.20,12358070,0
20120404,21.06,21.33,20.88,21.30,7822444,0
20120405,21.14,21.47,20.90,21.07,5284674,0
20120409,20.81,21.39,20.81,21.23,5671214,0
20120410,21.18,21.32,20.89,20.92,7829724,0
20120411,21.15,21.16,20.67,20.76,6079918,0
20120412,20.71,21.30,20.61,20.88,12313206,0
20120413,20.85,21.08,20.74,20.81,5088508,0
20120416,20.39,20.58,19.99,20.01,11497944,0
20120417,20.11,20.43,20.00,20.00,7422832,0
20120418,19.90,20.00,19.72,19.93,6830656,0
20120419,19.99,20.22,19.79,19.87,4941484,0
20120420,19.93,20.11,19.84,19.95,5271382,0
20120423,19.61,20.10,19.58,20.00,4999016,0
20120424,20.04,20.20,19.95,20.13,3121724,0
20120425,20.28,20.39,19.86,20.06,3938404,0
20120426,20.00,20.39,19.97,20.33,3327402,0
20120427,20.51,20.83,20.50,20.65,5680102,0
20120430,20.73,21.00,20.66,20.81,6763538,0
20120501,21.37,21.44,20.52,20.61,9434098,0
20120502,20.57,20.94,20.48,20.75,5196624,0
20120503,20.74,20.75,20.07,20.18,6793286,0
20120504,20.05,20.17,19.68,19.87,7031506,0
20120507,19.72,19.98,19.64,19.83,7366428,0
20120508,19.80,19.80,19.10,19.26,7882350,0
20120509,19.01,19.31,18.97,19.11,7388382,0
20120510,19.09,19.50,19.00,19.10,6077600,0
20120511,19.02,19.03,18.57,18.61,7818494,0
20120514,18.37,18.38,17.85,17.91,8644678,0
20120515,17.93,18.10,17.60,17.65,7118214,0
20120516,17.74,18.11,17.43,17.64,7301960,0
20120517,17.64,17.89,17.43,17.43,6667708,0
20120518,17.52,17.80,17.22,17.46,10112964,0
20120521,17.48,18.05,17.43,17.98,4373012,0
20120522,18.05,18.26,17.58,17.70,5883774,0
20120523,17.57,17.74,17.20,17.71,5765566,0
20120524,17.81,17.90,17.60,17.90,5162102,0
20120525,17.82,18.52,17.82,18.44,6079600,0
20120529,18.57,18.69,18.42,18.61,6731138,0
20120530,18.42,18.48,18.15,18.29,5838070,0
20120531,18.35,18.36,17.64,18.04,7846572,0
20120601,17.68,17.86,17.52,17.62,5773658,0
20120604,17.61,17.74,16.83,17.14,6215454,0
20120605,17.14,17.68,17.13,17.60,5363462,0
20120606,17.81,18.53,17.77,18.16,5931834,0
20120607,18.55,19.02,18.40,18.62,7936748,0
20120608,18.47,18.70,18.31,18.68,4541444,0
20120611,18.96,19.18,18.67,18.94,6474814,0
20120612,18.94,19.66,18.93,19.54,8485248,0
20120613,19.40,19.48,19.15,19.38,5740946,0
20120614,19.43,19.82,19.35,19.70,3944816,0
20120615,19.49,20.10,19.49,20.08,8011600,0
20120618,19.95,20.01,19.53,19.92,7129076,0
20120619,20.10,20.60,19.88,20.43,7782866,0
20120620,20.85,21.43,20.71,21.40,13889380,0
20120621,21.45,21.49,20.57,20.67,8412766,0
20120622,20.86,20.96,20.44,20.90,13381706,0
20120625,20.74,20.74,20.17,20.67,5619434,0
20120626,20.67,21.41,20.66,21.28,7313136,0
20120627,21.38,21.42,20.97,21.26,5665514,0
20120628,21.13,22.13,21.03,22.10,8631760,0
20120629,22.46,22.68,22.02,22.46,10998084,0
20120702,22.80,23.26,22.44,23.04,7390554,0
20120703,23.18,23.18,22.50,22.68,7438426,0
20120705,22.50,22.55,22.06,22.10,8391204,0
20120706,21.85,22.28,21.67,22.26,4712892,0
20120709,22.28,22.28,21.99,22.20,5588286,0
20120710,22.33,22.49,21.91,22.00,5399702,0
20120711,22.06,22.49,21.79,22.19,7089560,0
20120712,21.65,21.88,21.30,21.72,9386826,0
20120713,21.84,22.52,21.72,22.48,8649852,0
20120716,22.38,22.48,22.13,22.43,5437422,0
20120717,22.51,22.82,22.28,22.73,6909556,0
20120718,22.63,23.58,22.63,23.42,6735490,0
20120719,23.48,23.74,22.67,22.76,7954764,0
20120720,22.69,22.87,22.53,22.78,3373072,0
20120723,22.43,23.05,22.30,22.93,4756112,0
20120724,22.83,22.93,21.81,22.22,7523658,0
20120725,22.36,22.42,22.07,22.26,4708046,0
20120726,22.66,23.08,22.54,22.91,5176230,0
20120727,22.89,23.55,22.89,23.52,5084948,0
20120730,23.42,23.97,23.10,23.74,5356848,0
20120731,23.70,24.44,23.39,23.65,9496422,0
20120801,23.81,23.91,22.18,23.40,18800860,0
20120802,23.13,24.10,23.12,24.00,9223596,0
20120803,24.46,24.83,24.15,24.70,7230632,0
20120806,24.79,24.84,24.43,24.68,4207566,0
20120807,24.85,25.40,24.75,25.22,6975620,0
20120808,24.98,25.00,24.37,24.74,5830398,0
20120809,24.75,24.75,24.37,24.40,5698344,0
20120810,24.16,24.81,23.98,24.78,5729590,0
20120813,24.78,24.90,24.41,24.78,4854946,0
20120814,24.80,24.80,24.37,24.57,4362804,0
20120815,24.58,24.92,24.33,24.86,5189348,0
20120816,24.83,25.02,24.60,24.86,6091256,0
20120817,24.88,25.08,24.51,24.63,6759866,0
20120820,24.67,24.94,24.53,24.78,5108698,0
20120821,24.86,25.09,24.38,24.46,5700078,0
20120822,24.47,24.69,24.07,24.63,3986078,0
20120823,24.55,24.63,24.28,24.52,2757098,0
20120824,24.42,24.47,24.03,24.38,3464860,0
20120827,24.51,25.25,24.48,24.80,5755414,0
20120828,24.77,25.25,24.73,24.92,5282840,0
20120829,24.96,25.11,24.82,24.86,3183368,0
20120830,24.72,25.50,24.58,25.41,5626952,0
20120831,25.52,25.97,25.42,25.88,7880858,0
20120904,25.87,25.88,25.14,25.40,5189204,0
20120905,25.38,25.42,25.11,25.16,5202588,0
20120906,25.37,25.81,25.26,25.46,5434082,0
20120907,25.59,25.99,25.51,25.95,3713282,0
20120910,25.96,26.31,25.96,26.18,3613404,0
20120911,26.25,26.76,26.23,26.68,5511140,0
20120912,26.83,27.15,26.73,26.74,6444028,0
20120913,26.81,27.41,26.42,27.34,5895630,0
20120914,27.46,28.11,27.38,27.81,6450874,0
20120917,27.58,27.58,26.46,26.82,7284190,0
20120918,26.04,26.45,25.36,26.04,13021382,0
20120919,26.00,26.75,25.99,26.61,7473334,0
20120920,26.47,26.81,26.19,26.69,5248062,0
20120921,26.82,27.06,26.71,26.86,6565244,0
20120924,26.76,26.99,26.60,26.73,3611468,0
20120925,26.91,27.25,26.81,26.83,7181204,0
20120926,26.77,27.00,26.00,26.50,6965356,0
20120927,26.49,27.27,26.38,27.27,4347332,0
20120928,27.18,27.33,26.91,27.30,4748378,0
20121001,27.44,27.95,27.13,27.67,5216522,0
20121002,27.72,27.90,27.59,27.70,4060030,0
20121003,27.70,27.70,27.23,27.26,4394082,0
20121004,27.39,27.89,27.33,27.80,5612780,0
20121005,28.00,28.46,27.37,27.44,6538164,0
20121008,28.61,30.02,28.24,28.96,18623726,0
20121009,29.27,29.50,28.56,28.57,8248004,0
20121010,28.38,28.83,27.39,27.65,10620902,0
20121011,28.25,28.33,27.32,27.33,7214824,0
20121012,27.33,27.48,26.37,27.15,8333200,0
20121015,27.12,27.43,26.79,27.19,4308456,0
20121016,27.41,27.74,27.25,27.53,3856780,0
20121017,27.67,28.05,27.53,27.88,4027678,0
20121018,27.81,28.00,27.33,27.40,5600392,0
20121019,27.58,27.83,27.23,27.47,4888094,0
20121022,27.60,27.75,26.85,27.26,4712624,0
20121023,26.75,26.86,26.30,26.63,5155308,0
20121024,26.79,27.28,26.68,26.85,3486042,0
20121025,26.99,27.25,26.68,26.98,2833572,0
20121026,27.28,27.86,27.20,27.81,4881608,0
20121031,27.83,27.90,27.00,27.47,5480702,0
20121101,27.44,27.60,26.29,27.02,7262250,0
20121102,27.28,27.28,26.18,26.53,6790144,0
20121105,26.53,27.65,26.53,27.38,6719774,0
20121106,27.71,28.60,27.48,28.49,8509222,0
20121107,28.02,28.39,27.44,27.73,5502382,0
20121108,27.72,28.06,27.12,27.16,5078844,0
20121109,26.79,26.94,26.33,26.56,6529300,0
20121112,26.75,27.37,26.75,26.94,5294024,0
20121113,26.82,27.47,26.63,26.95,4391742,0
20121114,27.15,27.23,26.49,26.57,5887894,0
20121115,26.64,27.19,26.52,27.03,6307188,0
20121116,27.02,27.26,26.75,27.17,7317992,0
20121119,27.43,28.35,27.42,28.29,6946620,0
20121120,28.28,28.90,28.17,28.50,6523472,0
20121121,28.74,29.00,28.57,28.92,4166872,0
20121123,29.11,29.50,29.07,29.49,2007410,0
20121126,29.38,29.55,29.17,29.53,4679142,0
20121127,29.68,29.69,29.25,29.30,5961260,0
20121128,28.98,29.78,28.85,29.63,5923770,0
20121129,29.72,29.96,29.56,29.73,5281226,0
20121130,29.62,29.88,29.43,29.77,5146756,0
20121203,29.90,29.95,29.45,29.78,5783242,0
20121204,29.69,29.95,29.54,29.58,4738186,0
20121205,29.70,29.94,28.76,29.06,6392616,0
20121206,28.97,29.83,28.88,29.70,8582196,0
20121207,29.93,30.37,29.68,30.35,8381984,0
20121210,30.25,31.25,30.24,31.01,8624082,0
20121211,31.06,31.38,30.59,30.71,8739882,0
20121212,30.91,31.11,30.32,30.76,7966230,0
20121213,30.76,31.03,30.51,30.89,6203294,0
20121214,30.85,31.50,30.85,31.42,6894504,0
20121217,31.47,31.68,31.22,31.48,5535752,0
20121218,31.57,31.69,31.38,31.50,4917470,0
20121219,31.50,31.72,31.08,31.11,8450990,0
20121220,31.21,31.32,30.98,31.13,5217956,0
20121221,30.67,31.25,30.58,31.07,8529074,0
20121224,30.93,31.50,30.89,31.19,2139320,0
20121226,31.32,31.32,30.69,30.83,2978650,0
20121227,30.85,31.08,30.39,31.01,3663012,0
20121228,30.77,30.88,30.51,30.56,3272366,0
20121231,30.49,31.51,30.44,31.50,4202494,0
20130102,32.08,32.10,31.41,32.01,6321206,0
20130103,31.95,32.00,30.98,31.11,7296622,0
20130104,31.20,31.57,30.51,31.28,6589098,0
20130107,31.04,31.04,30.02,30.13,11086844,0
20130108,30.23,30.87,30.14,30.78,9827382,0
20130109,31.03,31.33,30.88,31.21,7302024,0
20130110,31.44,31.50,31.03,31.40,6480962,0
20130111,31.35,31.49,30.85,31.00,6742468,0
20130114,31.10,31.32,30.95,31.31,4476226,0
20130115,31.16,32.22,31.10,32.13,5688752,0
20130116,32.00,32.69,31.98,32.37,5763442,0
20130117,32.60,33.05,32.52,32.69,7049776,0
20130118,32.84,32.96,31.95,32.60,7196984,0
20130122,32.63,33.82,32.57,33.56,6046464,0
20130123,33.62,34.05,33.26,33.79,7568088,0
20130124,33.78,34.54,33.78,34.33,5068168,0
20130125,34.44,34.50,34.05,34.34,4656824,0
20130128,34.28,34.59,33.31,34.33,5798336,0
20130129,34.99,36.21,34.93,35.99,11115036,0
20130130,36.55,36.70,35.44,36.45,10041986,0
20130131,36.35,37.51,36.20,37.10,8100404,0
20130201,37.53,38.21,37.28,38.10,7499770,0
20130204,37.83,38.61,37.73,38.40,7423820,0
20130205,38.67,38.70,38.09,38.34,8406454,0
20130206,38.26,39.19,38.26,38.90,6358706,0
20130207,38.98,39.56,38.71,39.51,8834286,0
20130208,39.78,41.04,39.78,40.72,8354446,0
20130211,40.85,41.25,40.54,40.85,7027128,0
20130212,40.89,41.00,40.12,40.45,6500644,0
20130213,40.39,40.95,40.23,40.84,4563476,0
20130214,40.59,41.88,40.46,41.58,5921190,0
20130215,41.41,41.59,40.76,41.28,5679968,0
20130219,41.52,42.14,41.28,42.11,8598254,0
20130220,42.03,42.32,40.03,40.12,9563334,0
20130221,39.94,40.60,38.83,40.30,10590600,0
20130222,40.65,40.80,39.98,40.77,5221710,0
20130225,40.87,41.47,39.62,39.64,5922546,0
20130226,39.70,40.33,39.17,40.28,5783066,0
20130227,40.19,41.63,40.09,41.37,5972972,0
20130228,41.32,41.93,41.28,41.44,4813234,0
20130301,41.17,42.51,41.17,42.51,6742068,0
20130304,42.41,44.98,42.36,44.90,11789466,0
20130305,45.05,45.24,43.85,44.38,12052414,0
20130306,44.63,44.84,44.13,44.27,5950438,0
20130307,44.30,44.51,43.64,44.14,7404188,0
20130308,44.52,44.70,43.82,44.51,7495980,0
20130311,44.24,44.29,43.50,43.95,7916312,0
20130312,43.87,44.93,43.64,44.50,5937202,0
20130313,44.27,44.37,43.09,43.42,9499732,0
20130314,43.63,43.93,43.05,43.85,7342152,0
20130315,43.91,44.31,43.65,43.97,9877226,0
20130318,43.45,44.87,43.15,44.37,5541126,0
20130319,44.34,44.74,43.68,44.16,6270030,0
20130320,44.73,45.99,44.54,45.57,6160628,0
20130321,45.27,45.62,44.52,44.53,7650366,0
20130322,44.73,45.95,44.60,45.46,5066038,0
20130325,45.89,46.37,44.86,45.10,5702926,0
20130326,45.35,45.79,45.10,45.47,5243746,0
20130327,45.26,45.44,44.70,44.84,5737926,0
20130328,44.84,45.23,44.66,44.80,5276128,0
20130401,44.78,45.02,44.15,44.92,4971310,0
20130402,45.19,45.27,42.38,42.74,8669852,0
20130403,42.74,42.74,39.25,40.70,18626990,0
20130404,40.58,41.95,40.38,41.31,8338220,0
20130405,40.53,41.43,39.75,41.19,6353302,0
20130408,41.44,41.74,40.97,41.68,4993212,0
20130409,41.83,42.69,41.33,42.40,5207830,0
20130410,42.58,42.78,42.00,42.17,5100942,0
20130411,42.15,42.29,40.38,41.04,10707510,0
20130412,40.49,40.71,39.20,40.15,9943852,0
20130415,39.60,40.10,38.57,38.76,10915688,0
20130416,39.20,39.70,38.84,39.44,7204262,0
20130417,38.87,39.17,37.60,38.31,7759072,0
20130418,38.28,38.99,37.66,38.49,7908826,0
20130419,38.71,39.39,38.39,39.38,6213124,0
20130422,39.43,40.42,38.98,39.99,5784058,0
20130423,40.06,40.99,40.03,40.78,5274386,0
20130424,41.04,41.77,40.97,41.31,5325760,0
20130425,41.60,42.15,40.70,40.81,5400852,0
20130426,40.80,40.85,40.21,40.67,4257232,0
20130429,40.85,41.67,40.81,41.21,5419062,0
20130430,39.97,40.82,38.42,39.18,13876302,0
20130501,38.80,38.81,36.73,36.74,15908596,0
20130502,36.80,38.31,36.78,37.90,9519700,0
20130503,38.24,39.34,38.24,39.05,8823820,0
20130506,38.99,40.39,38.86,40.17,5726772,0
20130507,40.44,40.96,40.09,40.72,6623744,0
20130508,40.63,40.68,39.14,39.31,7932536,0
20130509,39.22,39.49,38.58,39.24,5669112,0
20130510,38.89,38.89,38.11,38.69,7921288,0
20130513,38.61,38.84,37.91,38.23,6110332,0
20130514,38.21,38.98,38.08,38.92,5706002,0
20130515,38.94,40.16,38.94,39.69,5736342,0
20130516,39.52,40.38,39.15,39.26,6028308,0
20130517,39.56,41.53,39.56,41.34,8992960,0
20130520,41.33,43.00,41.27,42.30,7580028,0
20130521,42.27,42.27,40.94,41.44,6178150,0
20130522,41.48,41.98,40.48,41.23,7025956,0
20130523,40.44,41.53,40.06,41.18,4425618,0
20130524,40.95,41.06,40.35,41.03,3205706,0
20130528,41.75,42.22,41.40,41.88,4441664,0
20130529,41.55,42.07,41.13,41.86,2994430,0
20130530,41.81,42.03,41.26,41.77,4177660,0
20130531,41.65,42.22,41.25,41.25,5169276,0
20130603,41.31,41.52,40.08,41.01,4824020,0
20130604,40.78,41.26,39.92,40.32,4737332,0
20130605,40.21,41.04,39.78,39.97,5642386,0
20130606,39.95,41.38,39.83,41.38,5384072,0
20130607,41.42,41.89,40.99,41.82,4276894,0
20130610,41.81,42.08,41.13,41.21,4506562,0
20130611,40.46,40.89,39.92,39.93,4611172,0
20130612,40.40,40.48,39.51,39.64,5115980,0
20130613,39.57,40.51,39.52,40.40,4457020,0
20130614,40.05,40.51,39.75,39.81,3119152,0
20130617,40.05,40.25,39.35,39.50,4654636,0
20130618,39.37,39.91,39.23,39.46,7257186,0
20130619,39.64,40.22,39.15,39.16,4919496,0
20130620,38.59,38.60,36.43,36.90,10556288,0
20130621,37.24,37.25,35.36,36.41,11564956,0
20130624,35.96,35.98,34.66,35.19,7746204,0
20130625,35.77,36.22,35.72,36.04,7365438,0
20130626,36.42,36.93,36.07,36.22,6059910,0
20130627,36.56,36.85,35.35,35.53,7349992,0
20130628,35.42,35.56,35.15,35.53,15079410,0
20130701,35.42,36.33,35.03,35.19,5556034,0
20130702,35.30,35.45,34.17,34.65,8501494,0
20130703,34.56,35.42,33.79,35.37,5515112,0
20130705,34.46,35.33,33.80,34.49,6162146,0
20130708,34.60,35.24,34.60,34.72,6803188,0
20130709,34.97,35.19,34.69,35.06,4819228,0
20130710,35.21,35.23,33.98,34.15,7129202,0
20130711,34.75,35.84,34.39,35.76,7578482,0
20130712,35.21,37.10,35.10,36.62,8991162,0
20130715,36.60,36.96,36.17,36.55,5191376,0
20130716,35.74,36.23,34.53,34.97,10226896,0
20130717,34.96,35.42,34.87,34.88,4450408,0
20130718,34.99,35.05,34.00,34.15,8348490,0
20130719,34.43,34.83,33.95,34.80,6667186,0
20130722,34.83,35.12,34.50,34.91,4830784,0
20130723,35.03,36.18,34.97,35.89,5401108,0
20130724,35.92,35.95,34.94,35.20,5162080,0
20130725,35.04,36.09,34.91,36.03,5070648,0
20130726,35.99,36.38,35.70,35.96,3327106,0
20130729,35.99,36.24,35.67,36.12,3747292,0
20130730,36.25,36.79,36.12,36.51,5062980,0
20130731,36.53,37.38,36.19,36.67,5855798,0
20130801,36.93,38.01,36.93,37.55,6840236,0
20130802,36.94,37.09,35.78,35.97,7230610,0
20130805,35.88,35.98,35.42,35.85,3974942,0
20130806,35.85,36.60,35.25,35.56,7383618,0
20130807,35.55,36.15,35.40,35.86,5625230,0
20130808,35.95,36.95,35.89,36.24,5427268,0
20130809,36.37,36.71,36.25,36.62,4739356,0
20130812,36.47,36.87,36.23,36.53,4768864,0
20130813,36.70,37.53,36.51,37.47,4176724,0
20130814,37.39,37.74,36.83,36.85,6723868,0
20130815,36.64,36.64,35.29,35.34,8018256,0
20130816,35.33,35.33,34.42,35.00,7379482,0
20130819,34.77,35.46,34.52,34.53,6285770,0
20130820,34.53,35.84,34.27,35.49,6651056,0
20130821,35.38,36.49,35.12,35.92,5060814,0
20130822,36.14,37.87,35.98,37.43,7023650,0
20130823,37.53,38.29,37.34,37.53,7869808,0
20130826,37.63,38.06,37.35,37.41,5877374,0
20130827,36.94,37.24,36.35,36.55,6440548,0
20130828,36.66,37.27,36.55,37.02,4335968,0
20130829,36.91,37.38,36.60,36.82,3831480,0
20130830,36.97,37.33,36.10,36.26,4815562,0
20130903,36.81,37.28,36.58,36.72,4477394,0
20130904,36.57,36.99,36.35,36.83,3638350,0
20130905,36.89,37.17,36.03,36.05,4892066,0
20130906,36.14,36.36,35.24,35.42,6014182,0
20130909,35.43,35.50,34.67,34.81,7781138,0
20130910,34.74,34.78,33.96,34.05,8854066,0
20130911,34.09,34.19,33.33,33.85,7547068,0
20130912,33.82,33.91,33.32,33.47,5362218,0
20130913,33.66,34.29,33.56,33.95,5797472,0
20130916,34.17,34.28,33.45,33.48,4384850,0
20130917,33.44,33.74,32.78,33.10,6659444,0
20130918,33.12,33.32,32.68,33.13,8218064,0
20130919,33.41,33.78,32.57,32.71,9785426,0
20130920,32.71,32.90,32.19,32.26,10430248,0
20130923,32.23,32.30,31.47,31.50,7327834,0
20130924,31.51,32.35,31.26,32.16,9040978,0
20130925,32.27,32.68,31.81,32.24,8645512,0
20130926,32.23,32.47,31.83,32.07,6170722,0
20130927,32.25,32.81,32.16,32.47,7116138,0
20130930,31.88,32.28,31.52,32.16,9147714,0
20131001,32.08,32.38,31.69,32.15,6648726,0
20131002,31.98,32.97,31.98,32.67,8029354,0
20131003,32.50,32.81,32.30,32.62,5098344,0
20131004,32.42,32.87,32.09,32.62,5138224,0
20131007,32.43,32.56,31.58,31.96,5026676,0
20131008,31.94,31.99,31.25,31.25,6714478,0
20131009,31.27,31.27,30.66,31.05,7421992,0
20131010,31.69,32.96,31.51,32.66,8428440,0
20131011,32.65,33.95,32.52,33.63,8977110,0
20131014,33.26,33.69,32.95,33.60,4481888,0
20131015,33.85,34.57,33.76,34.22,9239226,0
20131016,34.68,34.68,34.10,34.48,6075250,0
20131017,34.38,35.20,34.26,35.09,6378986,0
20131018,35.34,35.37,34.95,35.37,5053426,0
20131021,35.49,35.78,35.22,35.47,4219218,0
20131022,35.70,36.60,35.70,36.25,7315264,0
20131023,36.15,37.58,35.99,36.05,10102428,0
20131024,36.00,36.00,34.52,34.60,10607520,0
20131025,34.71,35.14,34.21,34.95,6272858,0
20131028,35.19,36.30,35.15,35.60,5972356,0
20131029,35.64,36.23,35.30,35.41,3767966,0
20131030,35.49,36.29,35.01,36.26,7804794,0
20131031,36.18,37.50,35.79,35.83,9672360,0
20131101,35.92,36.03,35.08,35.43,7032078,0
20131104,35.49,35.88,35.09,35.85,4845260,0
20131105,35.60,35.74,35.22,35.36,5071602,0
20131106,35.60,35.98,35.06,35.20,5272584,0
20131107,35.03,35.54,34.69,35.22,8184850,0
20131108,35.20,35.94,34.90,35.83,5051504,0
20131111,35.83,36.13,35.40,36.10,3816186,0
20131112,36.15,37.21,36.03,37.01,6765118,0
20131113,36.88,37.59,36.62,37.55,5737824,0
20131114,37.69,39.70,37.69,39.43,13853260,0
20131115,39.46,39.75,38.87,39.42,9418500,0
20131118,39.37,39.63,38.60,38.72,6700796,0
20131119,38.74,39.88,38.37,39.42,10812860,0
20131120,39.51,39.58,38.42,38.70,5747980,0
20131121,38.61,39.49,38.41,39.39,5360642,0
20131122,39.65,40.22,39.64,40.13,6741284,0
20131125,40.28,41.05,39.87,40.89,9178436,0
20131126,41.10,41.66,40.77,40.78,9426522,0
20131127,40.78,42.83,40.78,42.17,11929234,0
20131129,42.32,42.32,41.31,41.37,3893736,0
20131202,41.92,44.12,41.71,43.71,12023246,0
20131203,43.46,44.15,43.20,43.50,9650498,0
20131204,42.05,42.92,41.12,41.63,14658188,0
20131205,42.24,42.70,41.41,41.93,10253670,0
20131206,42.35,44.43,42.33,43.60,12493130,0
20131209,43.89,44.41,42.71,42.78,12114364,0
20131210,42.67,44.03,41.62,43.76,10818942,0
20131211,43.60,43.75,42.58,42.99,6910404,0
20131212,43.06,43.42,42.23,42.85,6871122,0
20131213,42.90,43.01,41.76,42.61,7494304,0
20131216,42.72,43.68,42.72,43.34,9189118,0
20131217,43.17,43.49,42.69,43.05,5618602,0
20131218,43.24,44.13,42.72,43.71,7971948,0
20131219,43.57,43.90,42.76,42.86,6993166,0
20131220,42.75,44.04,42.73,43.63,11516678,0
20131223,44.10,44.98,43.92,44.39,4918230,0
20131224,44.36,44.69,44.03,44.68,1793480,0
20131226,44.57,44.91,44.47,44.77,2618436,0
20131227,44.94,44.94,43.89,44.57,3128834,0
20131230,44.54,44.74,43.75,44.25,3245118,0
20131231,44.59,45.98,44.57,45.87,6417606,0
20140102,45.75,45.91,44.42,44.74,6070238,0
20140103,44.90,45.13,43.89,44.13,4357374,0
20140106,44.28,45.01,44.07,44.36,4191576,0
20140107,44.37,44.73,43.26,44.50,7566960,0
20140108,44.62,44.62,43.56,44.34,8400382,0
20140109,44.52,45.93,44.36,45.52,10665486,0
20140110,45.50,45.93,44.62,45.49,5297766,0
20140113,45.49,45.78,43.83,44.08,6918654,0
20140114,44.70,45.22,44.20,44.55,6102010,0
20140115,44.80,44.81,42.49,43.33,11716320,0
20140116,43.14,43.40,42.34,42.85,7891538,0
20140117,42.75,43.33,42.52,42.64,7060226,0
20140121,43.14,43.76,42.91,43.17,5157356,0
20140122,43.39,43.46,42.24,42.79,5248192,0
20140123,43.13,43.43,41.89,42.72,8390744,0
20140124,42.17,42.25,41.03,41.49,5502118,0
20140127,41.49,42.00,40.69,41.75,8472682,0
20140128,41.67,41.76,41.00,41.59,5317212,0
20140129,42.19,44.10,41.01,43.26,15533510,0
20140130,43.93,44.47,42.89,43.75,6661758,0
20140131,43.37,44.38,43.10,43.53,8399550,0
20140203,43.54,43.55,41.79,42.17,9182634,0
20140204,42.31,42.34,40.60,41.63,10087164,0
20140205,41.30,41.47,40.34,41.16,10038106,0
20140206,41.17,41.74,40.83,41.67,5265126,0
20140207,41.88,42.76,41.78,42.24,5137772,0
20140210,42.23,42.25,41.02,41.26,6340288,0
20140211,41.25,42.45,41.18,42.23,7046856,0
20140212,42.29,42.81,41.93,42.10,5172834,0
20140213,41.98,42.93,41.95,42.79,6113472,0
20140214,42.79,44.33,42.44,43.86,6001196,0
20140218,44.00,44.57,43.52,43.85,5360026,0
20140219,43.75,44.55,43.41,43.51,6390514,0
20140220,43.69,44.37,43.20,43.98,5420830,0
20140221,43.96,44.25,43.59,43.66,4939604,0
20140224,44.01,44.77,44.01,44.06,5838960,0
20140225,44.07,45.54,43.86,44.95,9419040,0
20140226,44.87,45.46,43.78,44.02,6570432,0
20140227,44.00,44.00,41.68,42.08,14379770,0
20140228,42.00,42.59,41.77,42.00,6486014,0
20140303,41.88,42.75,41.44,41.69,6215102,0
20140304,42.05,42.46,41.45,42.35,7198802,0
20140305,42.11,43.38,42.05,43.09,6024188,0
20140306,43.26,45.00,43.26,44.74,9340952,0
20140307,45.00,45.30,44.60,45.00,8229780,0
20140310,45.00,45.96,44.93,45.54,8218930,0
20140311,45.62,45.87,44.89,45.65,7221642,0
20140312,45.59,47.34,45.56,47.25,10853470,0
20140313,47.19,47.27,46.07,46.28,8558816,0
20140314,46.26,47.34,46.21,46.99,6533428,0
20140317,47.14,47.44,46.66,46.79,7592474,0
20140318,46.80,47.33,46.38,47.07,6144092,0
20140319,46.95,47.00,45.64,45.83,5648454,0
20140320,45.75,46.28,45.37,45.96,5188316,0
20140321,46.34,46.79,45.16,45.35,9785308,0
20140324,45.50,45.92,44.54,44.81,7331076,0
20140325,45.01,45.87,45.00,45.32,5048490,0
20140326,45.43,45.79,44.51,44.55,5223482,0
20140327,44.38,44.47,43.37,43.65,6879016,0
20140328,43.88,44.19,43.57,43.84,4366222,0
20140331,44.00,44.22,43.40,43.52,5579932,0
20140401,43.58,44.80,43.54,44.77,8850008,0
20140402,44.33,44.33,43.38,43.58,7907870,0
20140403,43.78,43.89,43.54,43.59,5124432,0
20140404,43.94,44.20,43.25,43.55,5920570,0
20140407,43.40,43.56,42.08,42.54,5041948,0
20140408,42.60,42.75,41.41,41.95,7488362,0
20140409,41.95,43.19,41.65,42.56,6291332,0
20140410,42.48,43.37,41.97,42.27,6598358,0
20140411,42.17,42.61,41.33,41.65,7891340,0
20140414,41.97,42.42,41.66,42.29,5615182,0
20140415,42.40,43.33,42.31,43.29,7724956,0
20140416,43.59,44.47,43.22,44.39,6155386,0
20140417,44.27,45.21,44.23,44.96,5594012,0
20140421,44.44,45.27,44.30,45.07,3252216,0
20140422,44.76,45.64,43.90,45.20,6409868,0
20140423,45.19,45.74,45.15,45.42,4273778,0
20140424,45.52,45.78,44.93,45.37,4380346,0
20140425,45.25,45.83,45.23,45.37,4442750,0
20140428,45.55,47.08,45.07,46.46,7105674,0
20140429,46.86,47.30,46.54,46.69,4785464,0
20140430,46.66,47.14,46.40,46.48,9770864,0
20140501,44.50,48.64,44.37,47.72,11084432,0
20140502,47.82,48.50,47.21,47.88,5491502,0
20140505,47.67,48.37,47.22,47.91,6481726,0
20140506,47.80,48.85,47.67,48.35,7757492,0
20140507,48.24,48.41,47.33,47.60,5786036,0
20140508,47.60,48.07,46.16,46.40,6225014,0
20140509,46.59,46.59,45.35,45.65,4853588,0
20140512,45.99,46.58,45.79,46.01,4840892,0
20140513,46.25,46.78,43.02,45.88,5439674,0
20140514,45.84,46.50,44.97,45.91,5395466,0
20140515,45.60,45.61,44.57,44.95,5937402,0
20140516,44.93,45.02,44.28,44.53,4317684,0
20140519,44.15,44.79,44.05,44.44,4890932,0
20140520,44.31,45.16,44.17,44.32,4671566,0
20140521,44.40,44.65,43.36,43.85,5646436,0
20140522,43.78,44.93,43.39,43.46,7462216,0
20140523,43.44,43.80,43.10,43.57,4625922,0
20140527,43.60,43.87,43.28,43.48,5096008,0
20140528,43.69,44.59,43.49,43.69,7556068,0
20140529,44.23,44.99,43.52,44.91,5173462,0
20140530,44.76,45.00,44.38,44.70,4271620,0
20140602,44.94,45.02,44.33,44.86,3391890,0
20140603,44.88,44.91,44.00,44.05,4737352,0
20140604,44.00,44.49,43.63,43.92,5627292,0
20140605,44.06,44.38,43.61,43.95,8724586,0
20140606,44.20,44.20,43.43,43.85,4157354,0
20140609,43.74,44.31,43.49,43.75,4777160,0
20140610,43.75,43.78,42.58,42.85,8261234,0
20140611,42.55,42.95,42.51,42.85,4279016,0
20140612,43.06,43.42,42.43,43.33,8324344,0
20140613,43.41,43.58,43.08,43.21,4127354,0
20140616,43.20,43.35,42.87,42.94,3916214,0
20140617,42.87,43.34,42.42,43.29,7714696,0
20140618,43.32,44.44,42.89,44.32,6749994,0
20140619,44.49,44.88,44.38,44.81,5882558,0
20140620,44.99,45.11,44.50,44.81,7134000,0
20140623,44.90,45.08,44.38,44.49,3866132,0
20140624,44.53,44.68,43.16,43.23,6239724,0
20140625,40.38,41.05,38.98,40.49,27575854,0
20140626,40.33,40.82,40.05,40.47,9658250,0
20140627,40.52,40.63,39.58,39.70,14646060,0
20140630,39.67,39.76,38.97,39.03,7780874,0
20140701,39.14,39.49,38.94,39.31,5785328,0
20140702,39.13,40.17,39.10,39.94,6280162,0
20140703,40.01,40.50,39.77,40.45,4323442,0
20140707,40.22,40.50,39.54,39.74,5309392,0
20140708,39.79,39.84,38.90,38.92,6529048,0
20140709,39.04,39.31,38.59,39.05,5026882,0
20140710,38.64,38.95,38.36,38.71,6558860,0
20140711,39.36,39.78,38.97,39.43,5679596,0
20140714,39.61,39.65,38.89,39.04,4885916,0
20140715,38.73,39.82,38.63,39.51,6498510,0
20140716,39.62,39.84,39.00,39.22,5106660,0
20140717,39.01,39.28,38.33,38.38,5252074,0
20140718,38.66,38.84,38.39,38.46,5385782,0
20140721,38.53,38.59,37.92,37.97,5123176,0
20140722,38.19,38.50,37.84,37.90,5202296,0
20140723,38.15,38.66,37.94,38.31,4275076,0
20140724,38.41,39.12,38.38,38.72,5539746,0
20140725,38.75,39.34,38.58,39.29,6125074,0
20140728,39.42,39.67,38.82,38.90,5551698,0
20140729,39.26,40.24,39.18,39.82,8105746,0
20140730,39.79,40.07,39.23,39.49,6335192,0
20140731,40.68,42.49,40.64,41.74,15821474,0
20140801,41.85,43.05,41.42,41.79,13103456,0
20140804,41.75,42.44,41.40,42.24,6393974,0
20140805,41.77,42.90,41.64,42.52,7867054,0
20140806,42.34,43.66,42.34,43.38,7819174,0
20140807,43.55,43.78,42.83,43.25,4041108,0
20140808,43.42,43.85,43.10,43.75,3274344,0
20140811,43.97,44.17,43.45,43.55,3574348,0
20140812,43.50,43.75,43.04,43.29,3156680,0
20140813,43.51,43.88,42.84,43.72,4500212,0
20140814,43.88,44.66,43.79,44.46,4561688,0
20140815,44.62,44.73,43.99,44.54,6883340,0
20140818,44.31,45.08,44.31,45.05,5004426,0
20140819,45.04,45.88,45.02,45.80,4194318,0
20140820,45.66,45.97,45.38,45.65,3995920,0
20140821,45.70,45.70,44.96,45.03,4776488,0
20140822,45.06,45.35,44.66,45.22,4416348,0
20140825,45.30,45.56,45.13,45.30,3758506,0
20140826,45.31,45.40,44.63,45.22,3747730,0
20140827,45.35,45.37,44.85,45.10,4036480,0
20140828,44.90,45.47,44.90,45.39,2681854,0
20140829,45.24,45.60,45.09,45.51,3281176,0
20140902,45.38,45.63,44.20,44.76,5939222,0
20140903,44.99,45.33,44.73,45.21,5477604,0
20140904,45.17,45.81,44.91,45.49,6382236,0
20140905,45.41,45.82,45.08,45.82,4693934,0
20140908,45.71,46.45,45.52,46.20,4197326,0
20140909,46.02,46.25,45.49,45.86,5839050,0
20140910,45.86,45.91,44.39,45.22,9845778,0
20140911,44.97,45.45,44.25,44.45,9604164,0
20140912,44.43,44.50,43.24,43.43,8215820,0
20140915,43.34,44.36,42.86,44.27,8076414,0
20140916,44.05,44.93,43.98,44.09,5515578,0
20140917,44.32,44.36,43.28,44.10,7038322,0
20140918,44.18,44.45,43.27,43.67,5820786,0
20140919,43.85,44.43,43.78,44.32,7768892,0
20140922,44.14,44.32,43.00,43.04,5316722,0
20140923,43.05,43.77,42.32,42.35,9688726,0
20140924,42.20,42.43,41.48,42.25,7517370,0
20140925,42.17,42.31,41.73,42.14,5787680,0
20140926,42.10,42.80,42.05,42.51,4092864,0
20140929,42.20,42.72,41.89,42.20,5069646,0
20140930,42.24,42.64,41.96,42.34,5853696,0
20141001,42.47,42.52,41.15,41.22,5749684,0
20141002,41.22,41.50,40.12,40.48,8026432,0
20141003,40.60,40.61,39.95,40.41,10049330,0
20141006,40.45,40.85,39.58,40.44,5227682,0
20141007,40.35,41.37,40.35,40.41,7022316,0
20141008,40.59,42.18,40.17,42.13,7956966,0
20141009,42.02,42.46,40.71,40.90,5595528,0
20141010,41.06,42.08,40.16,40.80,6964790,0
20141013,40.77,41.68,39.83,39.91,6491228,0
20141014,40.08,40.44,38.71,39.22,10668798,0
20141015,38.72,39.60,37.64,38.14,9307722,0
20141016,37.49,39.94,37.32,39.23,10641292,0
20141017,39.49,40.26,39.02,39.63,6795468,0
20141020,39.60,40.71,39.60,40.32,5336456,0
20141021,40.35,42.63,40.35,42.48,7371774,0
20141022,42.53,43.09,41.75,41.79,4256986,0
20141023,42.42,42.92,42.14,42.27,4831692,0
20141024,42.41,43.01,41.74,42.90,3485074,0
20141027,42.51,43.28,41.81,43.21,6993794,0
20141028,43.32,44.75,42.82,44.56,6601622,0
20141029,44.94,45.12,43.08,43.71,7878098,0
20141030,44.76,46.01,44.22,45.33,14001400,0
20141031,45.19,45.69,44.36,45.45,7236604,0
20141103,45.69,46.26,45.56,45.81,10483736,0
20141104,45.76,46.42,45.08,45.32,8183360,0
20141105,45.50,45.95,44.82,45.36,6508428,0
20141106,45.59,46.61,45.56,46.57,7233476,0
20141107,46.64,47.04,46.18,47.04,7025368,0
20141110,47.25,47.59,46.74,47.05,6703986,0
20141111,47.00,47.68,46.58,47.32,5727026,0
20141112,47.24,47.80,47.07,47.51,5957442,0
20141113,47.18,47.39,46.18,46.78,6880202,0
20141114,47.04,47.36,46.18,46.19,7134394,0
20141117,45.94,46.83,45.85,46.26,9015696,0
20141118,46.46,47.32,46.17,46.94,8154462,0
20141119,47.00,47.39,46.55,46.90,8838616,0
20141120,46.88,47.79,46.82,47.58,6156204,0
20141121,48.22,48.97,47.99,48.46,8870990,0
20141124,48.34,48.69,47.95,48.06,4756420,0
20141125,48.29,48.45,47.56,47.62,5583094,0
20141126,47.66,48.26,47.54,47.84,3290424,0
20141128,46.63,46.63,44.83,45.05,7651624,0
20141201,44.70,45.60,44.63,45.40,6449474,0
20141202,45.36,47.56,45.25,47.07,9013288,0
20141203,47.09,48.56,47.09,48.01,6801004,0
20141204,48.50,48.55,47.24,48.34,5121738,0
20141205,48.18,48.58,45.99,46.08,9278036,0
20141208,45.66,46.15,44.14,44.36,7801676,0
20141209,43.84,44.45,43.06,44.38,14885212,0
20141210,43.75,44.25,41.83,42.53,10562518,0
20141211,42.63,43.37,41.85,41.94,8591028,0
20141212,40.24,42.58,40.24,41.60,7719414,0
20141215,41.74,42.11,40.58,40.69,7760932,0
20141216,40.38,42.08,40.00,41.10,6132262,0
20141217,40.89,42.72,40.61,42.37,7400868,0
20141218,43.09,43.19,40.79,42.02,6876438,0
20141219,42.33,43.66,42.06,43.60,8382790,0
20141222,43.23,43.80,42.81,43.65,5983412,0
20141223,44.07,44.42,43.64,44.19,3625312,0
20141224,43.98,44.56,43.61,44.31,2572020,0
20141226,44.43,45.37,44.34,44.86,3188486,0
20141229,45.06,45.62,44.98,45.53,4696192,0
20141230,45.25,45.83,45.20,45.32,4362126,0
20141231,45.48,45.56,45.09,45.13,3204174,0
20150102,44.78,45.94,44.78,45.82,5359318,0
20150105,45.43,45.65,43.93,44.55,10492758,0
20150106,44.57,45.17,43.61,44.11,5604532,0
20150107,44.82,44.82,43.82,44.47,7011946,0
20150108,44.99,45.75,44.75,45.52,7000112,0
20150109,45.44,45.59,44.18,44.25,5370558,0
20150112,43.73,44.08,42.51,42.71,8258216,0
20150113,42.47,43.22,40.11,40.43,12575112,0
20150114,40.01,40.02,37.98,38.82,14329406,0
20150115,38.99,39.12,37.62,38.42,9460456,0
20150116,38.61,39.35,38.52,38.78,9135786,0
20150120,38.73,40.37,38.73,40.21,7446256,0
20150121,40.24,40.88,40.01,40.48,7159278,0
20150122,40.85,42.14,40.48,41.99,7920490,0
20150123,42.09,44.25,41.79,43.58,9277904,0
20150126,43.58,44.29,43.58,44.10,6269230,0
20150127,43.75,44.47,43.69,44.34,4695876,0
20150128,44.50,45.29,43.95,44.65,8432102,0
20150129,45.16,45.62,44.10,45.01,5209136,0
20150130,44.51,46.70,44.41,46.30,9757894,0
20150202,46.43,47.00,45.49,46.97,6282726,0
20150203,47.04,47.91,46.64,47.91,8428576,0
20150204,48.01,48.61,47.18,48.10,9119638,0
20150205,48.47,49.13,48.11,48.65,6988310,0
20150206,48.67,49.96,48.40,49.44,9894102,0
20150209,49.33,50.23,49.11,50.09,8388106,0
20150210,50.24,51.31,49.39,51.09,9031642,0
20150211,50.60,51.00,50.10,50.46,5344434,0
20150212,50.94,50.97,50.10,50.70,6356200,0
20150213,50.88,51.78,50.70,51.74,5890552,0
20150217,51.64,52.31,50.88,51.91,6645702,0
20150218,51.67,52.35,51.25,52.32,4855780,0
20150219,52.08,52.94,51.89,52.83,5253862,0
20150220,52.83,53.48,52.16,52.79,6478676,0
20150223,52.77,54.07,52.58,53.18,5050938,0
20150224,53.33,53.40,52.08,52.59,5082414,0
20150225,52.70,53.24,51.97,52.33,5199920,0
20150226,52.36,54.16,52.36,53.52,6895470,0
20150227,53.56,54.11,52.48,52.50,4386254,0
20150302,52.05,52.05,50.63,50.89,9263922,0
20150303,51.31,51.84,50.93,51.39,7100920,0
20150304,51.00,51.51,50.44,51.01,5459274,0
20150305,51.18,51.53,50.84,50.88,3759634,0
20150306,50.51,51.31,49.19,49.25,4593566,0
20150309,49.55,50.95,49.35,49.89,5025892,0
20150310,49.36,49.38,48.00,48.06,6255076,0
20150311,48.18,48.77,47.78,48.44,5476448,0
20150312,48.95,49.58,47.74,47.84,4567280,0
20150313,48.26,48.65,47.74,48.10,4498128,0
20150316,47.83,49.06,47.15,49.03,4739114,0
20150317,48.51,48.98,48.00,48.87,3544324,0
20150318,48.75,50.71,48.67,50.51,5108278,0
20150319,50.08,50.33,49.75,50.03,3165978,0
20150320,50.26,51.42,50.00,51.13,7781276,0
20150323,51.33,51.90,51.19,51.21,5235892,0
20150324,51.04,51.63,50.75,50.85,3938830,0
20150325,51.40,52.43,51.35,51.54,6384676,0
20150326,51.87,51.97,50.37,50.44,4386372,0
20150327,50.71,50.79,49.64,49.83,4887446,0
20150330,50.21,51.54,50.21,51.45,4502154,0
20150331,51.06,52.04,50.85,51.20,5779276,0
20150401,51.38,51.82,50.67,50.88,5426804,0
20150402,50.82,51.03,48.45,48.54,8616978,0
20150406,48.82,49.82,48.48,49.27,5108258,0
20150407,49.50,49.60,48.62,49.12,5944374,0
20150408,49.72,50.00,49.17,49.32,4358762,0
20150409,49.33,50.17,49.02,49.93,5467900,0
20150410,50.05,50.26,49.74,50.21,2707938,0
20150413,50.16,50.34,48.41,48.61,7488972,0
20150414,48.92,49.34,48.61,49.02,6153400,0
20150415,49.26,49.98,48.97,49.02,5412332,0
20150416,49.00,50.35,48.84,50.00,6300462,0
20150417,49.82,50.14,49.12,49.36,5224590,0
20150420,49.66,50.30,49.33,49.67,4473266,0
20150421,49.68,50.17,49.51,50.01,3214118,0
20150422,50.30,51.09,50.05,51.07,4482650,0
20150423,51.10,51.24,50.28,50.85,3613102,0
20150424,50.65,51.72,50.65,51.58,4214428,0
20150427,51.91,52.04,51.38,51.47,4899312,0
20150428,51.32,51.75,51.07,51.26,3160488,0
20150429,51.69,51.94,50.79,51.27,4841212,0
20150430,52.10,52.28,48.88,49.29,10060464,0
20150501,49.50,51.60,49.33,51.33,5698360,0
20150504,51.22,51.60,50.55,50.63,4090894,0
20150505,50.85,51.15,50.58,50.92,3848080,0
20150506,51.40,51.46,49.88,50.51,4899442,0
20150507,50.50,51.74,49.97,51.35,4755648,0
20150508,51.52,52.76,50.85,52.44,5191166,0
20150511,53.01,53.07,50.72,51.14,4492702,0
20150512,51.10,51.10,50.31,50.67,3628420,0
20150513,51.01,51.35,50.72,51.14,2999606,0
20150514,51.35,52.49,51.29,52.36,3743686,0
20150515,52.28,52.31,51.23,51.73,2749966,0
20150518,51.60,52.24,51.22,52.14,2567870,0
20150519,51.41,52.25,51.41,52.13,3442684,0
20150520,52.38,52.48,51.74,52.17,3563356,0
20150521,52.15,52.42,51.76,51.83,4210320,0
20150522,51.64,52.28,51.44,51.54,4338012,0
20150526,51.35,51.49,49.85,50.22,6472988,0
20150527,50.71,51.10,50.15,50.48,4689542,0
20150528,50.46,51.54,50.18,51.39,3653040,0
20150529,51.49,52.50,51.25,51.73,5635120,0
20150601,51.58,52.45,51.58,51.78,4692798,0
20150602,51.70,51.89,50.95,51.52,3849182,0
20150603,51.36,51.60,50.82,51.10,5167664,0
20150604,50.67,50.99,49.98,50.17,6044314,0
20150605,50.08,50.75,49.98,50.46,5814086,0
20150608,50.41,51.08,50.14,50.23,3041712,0
20150609,50.40,50.62,49.66,49.67,4973800,0
20150610,49.91,51.12,49.91,50.90,4799524,0
20150611,51.20,52.45,50.92,52.03,3792123,0
20150612,51.69,51.69,50.40,51.03,4201654,0
20150615,50.62,51.19,50.50,51.06,3648837,0
20150616,50.93,51.40,50.47,51.19,3049684,0
20150617,51.60,52.45,50.61,51.30,4327201,0
20150618,51.55,52.51,51.37,51.94,3742877,0
20150619,51.80,52.78,51.74,51.90,4295602,0
20150622,52.16,52.21,51.54,51.89,2555434,0
20150623,51.96,52.49,51.69,52.19,4048356,0
20150624,52.08,52.60,51.66,51.68,3531380,0
20150625,51.78,52.03,51.03,51.44,2813655,0
20150626,51.23,52.27,51.17,51.97,9232248,0
20150629,51.19,51.92,50.80,50.85,2832546,0
20150630,51.35,52.87,51.32,52.31,3946697,0
20150701,52.78,54.36,52.41,53.77,7556750,0
20150702,53.88,54.74,53.80,54.01,3549754,0
20150706,53.44,55.32,53.42,54.76,4622039,0
20150707,54.94,55.90,53.90,55.54,6941585,0
20150708,55.40,55.53,53.80,53.97,3632778,0
20150709,54.68,54.71,53.23,53.38,5963258,0
20150710,53.87,54.66,53.81,54.49,4473780,0
20150713,59.33,60.38,58.30,58.78,14320772,0
20150714,58.93,59.51,58.22,58.79,7000622,0
20150715,58.48,58.89,57.25,57.51,5316051,0
20150716,57.99,58.59,57.62,58.48,5929962,0
20150717,58.22,58.61,57.50,58.58,4507883,0
20150720,58.61,59.05,57.43,57.53,4103548,0
20150721,57.51,58.15,56.71,57.15,3330359,0
20150722,57.15,57.99,56.77,57.07,4207305,0
20150723,57.09,57.49,56.19,56.33,4170140,0
20150724,56.49,56.79,55.51,56.32,5449045,0
20150727,55.29,55.64,54.07,54.46,8150914,0
20150728,54.50,54.93,53.79,54.51,6126089,0
20150729,54.70,55.94,54.23,55.81,6782334,0
20150730,53.26,54.63,52.75,53.94,8238419,0
20150731,54.00,55.14,53.83,54.67,6042875,0
20150803,54.73,55.19,53.10,53.20,6816003,0
20150804,53.27,53.55,51.92,52.19,6719273,0
20150805,52.53,53.20,51.59,51.68,6923749,0
20150806,51.81,52.34,51.10,52.15,6241744,0
20150807,51.74,52.42,51.11,51.17,5200128,0
20150810,52.21,53.57,51.65,53.26,4897977,0
20150811,52.37,55.92,52.26,55.86,7974879,0
20150812,55.64,58.07,54.89,57.80,8129892,0
20150813,57.54,58.27,56.61,56.99,4881356,0
20150814,56.75,57.12,55.19,55.66,4516457,0
20150817,55.06,56.30,54.77,55.87,2646443,0
20150818,55.56,55.89,54.83,55.48,2966691,0
20150819,55.39,55.55,53.75,54.50,4168375,0
20150820,54.19,54.81,53.25,53.29,4835653,0
20150821,51.86,52.08,48.38,48.38,12564712,0
20150824,44.50,47.15,43.53,45.82,13158007,0
20150825,47.48,47.73,43.70,43.77,8947449,0
20150826,45.09,45.60,43.42,45.52,10292571,0
20150827,46.35,47.22,45.29,46.67,7755129,0
20150828,46.72,47.77,46.72,47.22,7196703,0
20150831,47.27,48.09,46.43,47.31,7783887,0
20150901,46.20,46.91,45.69,46.06,6551668,0
20150902,46.68,46.87,45.39,46.81,4970546,0
20150903,47.02,47.97,46.72,46.98,5437971,0
20150904,46.24,46.95,46.11,46.34,3597194,0
20150908,46.62,47.82,46.59,47.72,4154153,0
20150909,48.05,48.96,47.36,47.45,5960290,0
20150910,47.58,48.61,47.22,48.16,5334607,0
20150911,47.67,47.92,46.81,47.87,3643795,0
20150914,47.71,47.74,46.37,46.52,4080951,0
20150915,46.59,47.39,46.20,47.25,3755408,0
20150916,47.34,47.46,45.71,46.67,7669242,0
20150917,46.51,47.84,45.98,46.83,5194173,0
20150918,45.88,47.44,45.74,46.09,6192324,0
20150921,46.49,47.45,46.05,46.17,3244650,0
20150922,45.48,46.64,45.34,45.94,4515755,0
20150923,46.10,47.20,45.94,46.26,3288635,0
20150924,46.08,46.98,45.55,46.67,3582127,0
20150925,46.94,47.75,46.60,47.33,4736057,0
20150928,46.74,47.69,44.57,45.03,4127879,0
20150929,45.38,46.60,45.09,45.54,5439447,0
20150930,46.14,47.05,45.57,46.33,5986940,0
20151001,46.49,48.00,46.03,47.93,5413260,0
20151002,46.92,48.44,46.70,48.39,4639177,0
20151005,48.95,50.67,48.72,50.58,4987222,0
20151006,50.47,51.07,49.95,50.04,5707630,0
20151007,50.66,51.13,48.93,50.29,5432685,0
20151008,50.21,51.31,49.86,51.08,3570765,0
20151009,51.07,51.25,48.98,49.64,4880612,0
20151012,49.88,50.10,49.34,49.77,2778950,0
20151013,49.56,50.11,48.62,48.78,3816425,0
20151014,48.82,49.20,48.12,48.59,3635936,0
20151015,48.82,50.16,48.53,50.10,4517502,0
20151016,50.63,51.20,50.08,51.13,4642636,0
20151019,50.66,50.87,48.80,49.06,4341580,0
20151020,48.67,48.86,47.03,47.34,5012317,0
20151021,47.52,47.89,46.56,46.78,4900315,0
20151022,47.21,48.04,46.97,47.65,5531109,0
20151023,47.83,48.97,47.61,48.59,3314226,0
20151026,48.60,49.92,48.50,48.72,3702723,0
20151027,48.34,49.03,48.02,48.98,5123144,0
20151028,49.02,50.11,48.75,49.84,5051601,0
20151029,48.95,51.38,48.84,51.24,4959714,0
20151030,51.41,52.76,50.30,51.80,5376659,0
20151102,51.77,53.37,51.37,52.92,4317159,0
20151103,52.89,55.37,52.73,54.63,6035256,0
20151104,54.64,55.40,54.14,54.80,4567701,0
20151105,55.20,55.92,54.55,55.65,5881440,0
20151106,55.45,56.04,55.07,55.97,3043275,0
20151109,55.95,56.48,54.24,54.32,3187312,0
20151110,54.32,55.03,53.83,54.77,2645059,0
20151111,55.09,55.87,54.45,54.85,3078162,0
20151112,54.07,55.10,53.13,54.71,5816906,0
20151113,54.63,55.05,53.56,53.68,4016900,0
20151116,53.50,53.92,52.60,53.77,4258477,0
20151117,53.65,54.74,53.38,54.26,4277435,0
20151118,54.27,55.76,54.00,55.68,3395658,0
20151119,55.50,56.04,55.09,55.81,3559962,0
20151120,55.97,56.37,55.73,55.93,3573834,0
20151123,54.78,56.48,54.58,56.41,5128686,0
20151124,56.35,57.66,56.08,57.19,3290597,0
20151125,57.55,59.33,57.08,58.05,6586042,0
20151127,57.47,58.92,57.41,58.57,1718061,0
20151130,58.66,59.29,58.04,58.41,5534837,0
20151201,58.82,59.54,58.03,59.34,4660794,0
20151202,59.11,59.99,57.53,58.01,5086581,0
20151203,58.24,58.52,54.32,54.44,9487577,0
20151204,54.83,56.31,54.40,55.63,7325169,0
20151207,54.88,55.54,52.56,53.69,7250636,0
20151208,52.82,53.53,52.52,52.73,4990872,0
20151209,52.54,53.05,50.78,51.98,7146466,0
20151210,52.24,53.23,51.63,52.35,4236083,0
20151211,51.49,51.78,49.43,49.62,6665221,0
20151214,49.29,49.42,47.58,47.99,9474171,0
20151215,48.96,49.74,48.35,49.16,9240229,0
20151216,49.00,49.98,48.81,49.70,6943519,0
20151217,49.93,51.90,49.87,51.32,6733892,0
20151218,51.35,51.64,50.27,50.35,8334121,0
20151221,50.58,51.42,50.22,51.40,5264584,0
20151222,51.79,52.45,51.28,51.60,4619219,0
20151223,52.02,52.73,51.53,52.71,4457698,0
20151224,52.45,53.08,51.93,52.64,1372138,0
20151228,52.09,52.25,51.11,51.60,2325778,0
20151229,52.34,52.51,51.80,52.16,1927807,0
20151230,51.93,53.18,51.85,52.30,2757735,0
20151231,51.99,52.56,51.36,51.84,2567899,0
20160104,51.68,52.83,50.66,51.24,5497256,0
20160105,51.40,52.22,50.04,50.60,5485062,0
20160106,49.30,49.79,47.93,48.72,7328538,0
20160107,47.84,48.86,47.29,47.99,7563519,0
20160108,48.34,48.55,46.14,46.19,5025970,0
20160111,46.44,46.97,44.28,45.72,7508740,0
20160112,46.21,47.08,45.12,46.39,4931889,0
20160113,46.71,46.77,41.85,42.28,9902160,0
20160114,42.56,44.19,41.13,43.66,9076027,0
20160115,41.86,42.75,41.04,41.42,7876147,0
20160119,42.40,42.97,40.45,41.20,5665017,0
20160120,40.17,41.14,38.95,40.50,7634249,0
20160121,40.03,40.75,39.12,39.61,7611511,0
20160122,40.69,43.98,40.50,42.83,9569587,0
20160125,42.17,43.23,40.67,40.77,5836451,0
20160126,41.08,41.58,40.37,41.56,5022212,0
20160127,41.57,41.86,39.53,39.86,8433155,0
20160128,41.14,41.48,39.50,40.22,4811048,0
20160129,40.56,41.79,39.85,41.79,7007464,0
20160201,41.65,42.19,40.80,41.77,6672141,0
20160202,41.07,41.38,39.75,40.27,6799421,0
20160203,39.80,40.07,35.40,37.20,15690048,0
20160204,36.98,37.34,34.12,34.94,17638105,0
20160205,34.54,34.65,32.04,32.30,15529663,0
20160208,31.85,31.85,29.71,30.73,17272974,0
20160209,30.29,31.83,29.24,31.40,16889055,0
20160210,31.62,32.67,31.14,31.67,9776543,0
20160211,30.97,31.38,29.25,30.83,11198937,0
20160212,30.86,31.95,30.59,31.73,7304159,0
20160216,32.31,32.73,31.64,32.54,7469657,0
20160217,32.86,33.18,32.38,32.96,7617745,0
20160218,33.51,33.56,30.82,31.37,7977259,0
20160219,30.93,31.60,30.64,31.59,5887554,0
20160222,31.79,33.45,31.77,33.38,6627151,0
20160223,33.12,33.48,31.59,31.61,6632378,0
20160224,31.15,34.09,30.95,33.97,9142146,0
20160225,33.88,34.44,33.13,34.22,6777514,0
20160226,34.71,35.46,34.04,34.22,5919413,0
20160229,34.33,34.95,34.12,34.25,7611848,0
20160301,34.23,34.85,34.03,34.63,7681550,0
20160302,34.59,35.08,33.89,34.71,5810896,0
20160303,36.13,37.46,35.42,37.32,9908165,0
20160304,37.96,37.96,36.45,37.06,7528532,0
20160307,37.08,37.44,35.90,36.86,6840381,0
20160308,37.07,37.24,35.12,35.17,7230649,0
20160309,35.86,37.42,35.58,37.06,7656703,0
20160310,36.83,36.95,35.70,36.34,6048922,0
20160311,36.95,37.92,36.20,37.72,5110165,0
20160314,37.15,37.68,36.33,37.04,4473825,0
20160315,36.38,36.89,35.92,36.63,4699940,0
20160316,36.67,38.59,36.67,38.39,7734533,0
20160317,38.37,38.59,37.23,37.52,7819966,0
20160318,37.88,38.57,37.53,38.23,9248928,0
20160321,38.06,38.60,37.84,38.42,4143718,0
20160322,38.02,38.88,37.99,38.57,4779972,0
20160323,38.41,38.50,36.79,37.24,5294390,0
20160324,36.94,37.35,36.19,36.87,4945219,0
20160328,37.02,37.25,36.43,36.98,3849659,0
20160329,36.49,36.69,35.75,36.66,5832715,0
20160330,37.11,37.17,35.99,36.58,5087840,0
20160331,36.48,37.34,35.64,37.18,5148721,0
20160401,36.28,36.62,35.91,36.39,4312641,0
20160404,36.05,37.23,36.00,36.65,3225687,0
20160405,36.34,37.01,35.74,36.28,4397449,0
20160406,36.67,36.71,35.06,36.47,6859745,0
20160407,36.25,37.56,36.18,37.46,8238539,0
20160408,37.83,39.34,37.82,38.70,6048091,0
20160411,38.98,39.13,37.96,37.99,4808159,0
20160412,38.20,39.25,37.69,38.99,7376858,0
20160413,39.21,39.91,38.73,39.66,4598831,0
20160414,39.70,40.18,38.97,39.42,4263246,0
20160415,39.34,39.59,37.78,37.90,7522671,0
20160418,37.43,38.49,37.11,38.42,3663809,0
20160419,38.83,39.01,37.50,38.33,4934276,0
20160420,38.20,39.50,37.74,39.45,4593726,0
20160421,39.43,40.88,39.02,40.72,8873001,0
20160422,40.84,41.92,40.73,41.46,6155180,0
20160425,41.30,41.55,40.57,41.18,3947763,0
20160426,41.40,41.69,40.84,41.46,3854710,0
20160427,41.71,42.25,40.80,41.37,6778734,0
20160428,40.49,43.26,40.17,40.98,7923002,0
20160429,40.71,40.99,38.08,39.08,7856215,0
20160502,39.03,39.23,37.63,38.58,7610783,0
20160503,37.89,38.25,37.29,37.99,5565017,0
20160504,37.83,38.00,35.94,36.22,5744303,0
20160505,36.72,37.06,35.88,36.09,5097886,0
20160506,35.89,36.97,35.78,35.88,4980260,0
20160509,35.69,35.78,34.01,34.95,6539767,0
20160510,35.42,35.67,34.71,35.45,5512275,0
20160511,35.42,36.66,35.06,35.90,5005302,0
20160512,35.90,36.65,34.80,34.99,4564053,0
20160513,34.83,35.94,34.67,35.49,6937872,0
20160516,35.46,35.67,34.45,35.63,6189373,0
20160517,35.64,36.85,35.53,36.07,5278557,0
20160518,36.02,37.54,36.01,36.74,4593651,0
20160519,36.13,37.12,35.61,36.10,6881387,0
20160520,36.28,36.64,35.50,36.63,4728670,0
20160523,36.41,37.09,35.55,35.57,3577397,0
20160524,35.77,36.19,35.40,35.81,4533299,0
20160525,36.21,36.21,35.23,35.68,4667831,0
20160526,35.90,35.90,34.38,34.55,3698441,0
20160527,34.66,35.13,34.06,35.11,3098099,0
20160531,35.16,35.56,34.39,34.83,6213984,0
20160601,34.55,36.53,34.43,36.44,7371838,0
20160602,36.48,37.49,36.12,36.68,6626011,0
20160603,36.65,36.71,35.17,35.46,5428370,0
20160606,35.68,35.70,34.72,35.29,4926254,0
20160607,35.46,36.88,35.34,36.65,5602247,0
20160608,36.99,37.12,36.01,36.88,7202307,0
20160609,36.35,37.17,35.79,36.95,6032097,0
20160610,36.32,36.94,36.23,36.40,5103278,0
20160613,36.06,36.22,33.93,33.96,8104007,0
20160614,33.91,34.50,32.13,32.81,9838407,0
20160615,32.38,34.55,32.02,33.20,8382511,0
20160616,32.94,33.50,32.34,33.39,5010077,0
20160617,33.54,34.27,33.17,33.50,7417309,0
20160620,34.00,34.65,33.61,34.59,6165645,0
20160621,34.61,35.38,34.30,35.20,5464015,0
20160622,35.20,35.63,34.94,35.26,4888098,0
20160623,35.87,36.63,35.44,36.62,5518683,0
20160624,34.89,35.88,34.75,35.33,11571613,0
20160627,34.83,34.83,32.84,32.93,8480659,0
20160628,33.90,35.72,33.80,35.70,9479615,0
20160629,36.06,37.67,35.84,37.26,9061612,0
20160630,37.16,37.99,36.04,37.96,8066411,0
20160701,37.66,39.44,37.64,39.27,7446208,0
20160705,38.81,38.92,37.83,38.78,7322771,0
20160706,38.56,38.58,35.94,36.50,10528779,0
20160707,36.76,37.32,35.16,35.48,10001997,0
20160708,35.92,36.88,35.43,36.40,5719330,0
20160711,36.42,37.11,36.08,36.44,5288266,0
20160712,36.73,37.76,36.51,37.54,5724490,0
20160713,37.50,37.82,36.16,36.98,6007496,0
20160714,37.25,37.78,36.94,37.39,7515821,0
20160715,37.64,37.83,36.38,36.55,10004831,0
20160718,36.58,37.48,35.97,37.04,6841389,0
20160719,37.00,37.69,36.89,37.53,4975733,0
20160720,37.30,37.98,36.78,37.80,3505981,0
20160721,37.89,38.21,37.07,37.13,3817274,0
20160722,37.26,37.84,36.76,37.82,4291826,0
20160725,37.43,37.47,36.72,36.90,5337212,0
20160726,36.80,38.77,36.58,38.61,5789673,0
20160727,38.66,39.03,37.65,37.83,7513817,0
20160728,38.22,38.95,37.02,38.17,6364186,0
20160729,38.01,39.61,37.63,39.39,8334908,0
20160801,39.13,39.57,38.54,38.80,8869141,0
20160802,39.31,39.78,38.23,38.79,6051975,0
20160803,38.37,41.45,38.37,41.22,10374070,0
20160804,41.19,41.66,40.32,40.63,7258673,0
20160805,40.80,42.19,40.61,41.91,5781199,0
20160808,42.24,42.59,41.69,41.93,5419360,0
20160809,41.92,41.95,40.86,41.03,3650087,0
20160810,41.17,42.17,40.79,40.99,5790588,0
20160811,41.08,42.41,40.96,41.90,4496119,0
20160812,42.14,42.17,41.01,41.71,4676073,0
20160815,41.72,41.77,40.91,41.21,4106280,0
20160816,41.16,42.39,41.14,42.13,4935621,0
20160817,42.19,42.44,41.78,42.21,4217987,0
20160818,42.28,42.50,41.77,42.49,4337010,0
20160819,42.15,42.33,41.81,42.01,3460250,0
20160822,41.72,41.81,40.52,41.10,5527065,0
20160823,41.54,42.24,41.32,41.93,4376528,0
20160824,42.11,42.37,41.65,41.97,4455829,0
20160825,42.06,42.20,41.47,41.90,3486296,0
20160826,42.02,42.36,41.41,41.85,2898137,0
20160829,41.85,42.65,41.82,42.29,2414603,0
20160830,42.37,42.77,41.96,42.68,2866415,0
20160831,42.54,42.97,41.95,42.51,3362760,0
20160901,42.55,42.60,41.39,41.91,3870576,0
20160902,42.37,42.53,41.77,42.32,3164782,0
20160906,42.56,43.14,42.25,42.97,4003258,0
20160907,42.99,43.44,42.77,43.09,4288197,0
20160908,43.29,43.86,42.73,43.45,4807218,0
20160909,42.94,43.25,42.23,42.24,4367177,0
20160912,41.73,43.67,41.25,43.34,6157351,0
20160913,42.58,43.11,42.05,42.50,4355689,0
20160914,42.46,43.03,41.51,41.87,5301749,0
20160915,42.04,44.14,42.04,43.74,6679305,0
20160916,43.09,43.85,42.43,43.62,7023573,0
20160919,43.96,44.56,43.41,43.73,6621347,0
20160920,43.86,43.94,42.55,42.55,5480055,0
20160921,42.92,43.27,42.57,43.21,4879279,0
20160922,43.60,43.82,42.67,42.69,5651250,0
20160923,42.29,42.97,41.44,42.28,7784258,0
20160926,42.49,42.67,41.44,41.48,6550349,0
20160927,41.18,42.04,40.81,41.85,4728435,0
20160928,42.20,42.69,41.47,42.64,5304387,0
20160929,42.42,42.71,39.29,39.74,13820884,0
20160930,40.11,40.99,39.52,40.59,7756305,0
20161003,40.77,41.03,40.27,40.96,5327281,0
20161004,41.11,42.31,41.09,41.38,4106905,0
20161005,41.84,42.65,41.67,42.27,4099500,0
20161006,42.61,42.70,41.64,42.36,5607361,0
20161007,42.36,42.47,41.51,41.77,4427856,0
20161010,42.48,42.63,42.02,42.47,3808282,0
20161011,42.50,42.95,41.56,41.96,5130635,0
20161012,41.81,41.99,40.95,41.66,3738604,0
20161013,41.27,41.79,40.45,41.56,4327479,0
20161014,41.94,41.98,41.14,41.65,4642061,0
20161017,41.64,42.28,41.46,41.85,4100275,0
20161018,42.23,43.04,42.15,42.73,3060650,0
20161019,42.92,43.07,42.25,42.65,7261229,0
20161020,42.41,43.24,42.22,43.05,3051056,0
20161021,42.66,44.27,42.56,44.09,4808886,0
20161024,44.14,44.33,43.57,43.78,5061663,0
20161025,43.83,44.59,43.38,43.69,6612655,0
20161026,43.32,44.89,43.26,44.26,6606639,0
20161027,44.05,44.16,41.50,42.81,13679446,0
20161028,42.56,43.04,41.88,42.82,8268479,0
20161031,43.21,43.96,43.18,43.59,8739904,0
20161101,44.28,44.91,41.74,42.34,12845601,0
20161102,41.89,42.53,40.70,41.00,7099081,0
20161103,41.21,41.46,40.01,41.18,5769574,0
20161104,41.00,41.77,40.93,41.23,3246394,0
20161107,41.98,42.62,41.82,42.60,7400848,0
20161108,42.53,42.54,41.66,41.82,4435337,0
20161109,41.52,43.91,41.43,43.57,8587742,0
20161110,43.55,44.60,43.28,43.82,5939901,0
20161111,43.61,44.06,42.92,43.96,6497312,0
20161114,43.61,44.19,43.37,43.59,6751825,0
20161115,43.69,44.34,42.78,43.83,8535305,0
20161116,43.60,43.88,43.11,43.49,4165580,0
20161117,43.85,44.29,43.19,43.36,3985346,0
20161118,43.20,43.60,42.57,43.31,4892630,0
20161121,45.40,47.28,44.90,47.17,20270935,0
20161122,47.45,48.81,47.33,47.87,13036972,0
20161123,47.50,48.12,47.31,47.71,4404608,0
20161125,47.48,48.23,47.37,48.20,1988108,0
20161128,48.52,48.83,46.96,47.05,5624459,0
20161129,46.59,46.95,45.87,45.98,7758660,0
20161130,46.26,47.27,44.60,47.02,11079852,0
20161201,47.49,49.29,47.19,47.74,8711742,0
20161202,47.65,48.69,47.65,47.80,4422890,0
20161205,48.27,48.62,47.67,48.01,4806625,0
20161206,47.89,47.91,47.15,47.23,5347870,0
20161207,47.85,50.29,47.65,49.65,9689706,0
20161208,50.10,50.71,49.57,50.06,5206814,0
20161209,49.95,50.58,49.16,49.44,6294481,0
20161212,50.43,50.65,48.47,49.09,5550274,0
20161213,49.32,49.78,48.93,49.24,4919119,0
20161214,48.74,49.48,48.31,48.42,5243292,0
20161215,48.39,49.25,48.39,48.88,5435985,0
20161216,49.15,50.48,49.00,50.11,6769615,0
20161219,49.69,49.78,49.01,49.44,4203213,0
20161220,49.60,49.81,49.06,49.38,3368143,0
20161221,49.20,49.37,48.10,48.99,8127110,0
20161222,49.33,50.70,49.28,50.34,6110724,0
20161223,50.14,51.00,49.87,50.78,3347234,0
20161227,50.81,51.14,50.67,51.12,3501002,0
20161228,51.07,51.15,50.29,50.33,3240663,0
20161229,50.36,51.08,50.08,50.45,2684003,0
20161230,50.44,50.61,50.00,50.35,3477242,0
20170103,53.70,54.59,52.44,52.93,13329197,0
20170104,52.95,53.50,51.03,51.24,10980420,0
20170105,51.50,51.79,50.03,51.05,9534922,0
20170106,51.11,51.25,50.29,50.37,4748268,0
20170109,50.05,50.22,49.36,49.46,8037726,0
20170110,49.50,49.96,48.97,48.97,5124394,0
20170111,49.40,50.00,49.10,49.66,6681549,0
20170112,49.61,49.73,48.73,49.25,3952609,0
20170113,48.91,49.14,47.85,48.38,5758470,0
20170117,48.64,49.60,48.26,48.73,5121278,0
20170118,48.34,49.34,48.20,48.90,3752211,0
20170119,48.94,49.02,47.93,48.37,4185741,0
20170120,48.80,49.04,48.41,48.76,5033334,0
20170123,48.56,48.77,48.12,48.72,8149227,0
20170124,49.12,50.48,48.97,50.09,7319677,0
20170125,50.29,50.31,49.16,49.67,7580229,0
20170126,50.09,50.09,49.28,49.44,4333326,0
20170127,49.59,50.00,48.67,49.08,5083977,0
20170130,49.12,49.20,48.12,48.36,5473874,0
20170131,48.54,48.60,46.88,48.05,5308936,0
20170201,49.68,49.97,47.10,47.71,7659253,0
20170202,48.44,48.50,47.43,47.90,4151292,0
20170203,47.84,48.50,47.17,48.16,3778917,0
20170206,48.19,48.75,47.80,48.37,7976535,0
20170207,48.13,48.51,47.58,47.93,3999699,0
20170208,47.57,49.14,47.39,49.12,4461304,0
20170209,49.65,50.08,49.23,49.93,4232154,0
20170210,50.37,50.47,49.68,50.14,2788007,0
20170213,50.13,50.68,49.92,50.28,3256517,0
20170214,50.03,50.97,49.70,50.96,4359308,0
20170215,50.79,51.16,50.27,50.64,4396124,0
20170216,50.99,51.00,49.86,49.96,2955418,0
20170217,49.67,50.05,49.41,50.02,3352675,0
20170221,50.48,50.61,49.99,50.38,3963511,0
20170222,50.10,50.37,49.57,49.81,3157880,0
20170223,50.39,50.65,49.92,50.35,2673896,0
20170224,50.00,50.04,49.43,50.03,3118658,0
20170227,50.02,50.94,49.99,50.76,5134802,0
20170228,50.50,51.17,49.49,49.60,5659388,0
20170301,50.00,51.50,49.97,50.99,5952844,0
20170302,50.90,51.41,50.40,51.04,4947428,0
20170303,51.18,51.38,50.80,51.27,3997345,0
20170306,51.04,51.31,50.51,51.15,6826664,0
20170307,51.14,51.45,50.11,50.15,3413679,0
20170308,50.15,50.94,50.08,50.22,5849211,0
20170309,50.02,50.18,48.92,49.28,4952235,0
20170310,49.58,49.95,48.97,49.87,4704383,0
20170313,49.87,51.09,49.86,50.99,5771626,0
20170314,50.42,50.59,49.67,50.01,5882976,0
20170315,50.48,51.60,50.16,51.56,6299222,0
20170316,51.65,52.24,51.11,51.18,5216118,0
20170317,51.47,51.75,50.55,50.79,5309613,0
20170320,50.66,50.81,50.16,50.50,5599342,0
20170321,50.48,50.61,49.15,49.26,5192683,0
20170322,49.11,49.83,48.93,49.57,4048680,0
20170323,49.55,49.95,49.18,49.30,2721533,0
20170324,49.51,49.52,48.81,48.87,3563205,0
20170327,48.38,49.06,48.18,48.83,3191787,0
20170328,48.93,49.16,48.61,49.03,4069800,0
20170329,49.02,50.62,48.97,50.55,3867402,0
20170330,50.60,50.81,50.00,50.14,5893493,0
20170331,49.89,50.84,49.83,50.54,4851509,0
20170403,50.68,50.84,49.63,49.94,2746672,0
20170404,50.22,50.32,49.54,50.30,2445737,0
20170405,50.66,51.18,49.40,49.44,4060346,0
20170406,49.67,50.45,49.49,49.84,4536125,0
20170407,49.75,50.43,49.51,50.02,3526839,0
20170410,50.32,50.80,50.12,50.14,3773903,0
20170411,50.19,50.54,49.91,50.43,4537252,0
20170412,50.58,50.94,49.83,49.94,2986648,0
20170413,49.86,50.00,49.10,49.24,3373789,0
20170417,49.28,49.95,49.27,49.90,3563187,0
20170418,49.60,50.01,48.64,48.94,3526540,0
20170419,48.80,49.16,47.78,48.19,5526760,0
20170420,48.28,49.02,48.13,48.54,3066780,0
20170421,48.51,49.00,48.36,48.56,4201443,0
20170424,49.36,50.44,49.11,50.19,5269881,0
20170425,50.27,50.42,49.89,50.03,3813621,0
20170426,49.74,50.11,49.32,49.60,4885477,0
20170427,49.47,51.62,49.46,51.02,6786629,0
20170428,51.32,51.33,50.68,50.94,3648520,0
20170501,51.15,51.18,50.48,50.86,3340937,0
20170502,51.08,51.62,51.02,51.42,4864113,0
20170503,51.11,51.69,50.88,51.24,4533448,0
20170504,51.11,51.11,49.37,49.56,5862446,0
20170505,49.78,50.73,49.46,50.66,5806274,0
20170508,50.62,51.50,50.41,51.34,5924063,0
20170509,51.50,51.68,50.97,51.46,3965002,0
20170510,51.83,52.67,51.31,52.34,5966006,0
20170511,52.50,53.24,52.27,52.51,4701640,0
20170512,52.42,53.04,52.38,52.67,2946460,0
20170515,52.97,53.52,52.52,52.99,4787722,0
20170516,52.73,52.73,51.77,52.48,5047024,0
20170517,51.79,52.84,51.79,52.05,4347950,0
20170518,51.66,52.46,51.30,51.94,4092207,0
20170519,52.16,53.11,51.91,52.78,4718943,0
20170522,52.94,53.18,52.69,52.98,2405422,0
20170523,53.00,53.32,52.75,53.08,2199071,0
20170524,52.94,53.27,52.76,53.13,2923199,0
20170525,53.15,53.91,52.43,52.45,3952038,0
20170526,52.42,52.87,52.24,52.82,3843575,0
20170530,52.42,53.19,52.32,52.42,4004671,0
20170531,52.30,52.77,51.63,52.04,4572255,0
20170601,52.43,53.57,52.38,53.13,8751103,0
20170602,52.86,53.13,52.44,52.70,4461399,0
20170605,52.57,53.16,52.44,52.80,3261462,0
20170606,52.58,53.16,52.42,53.09,3252718,0
20170607,52.84,53.17,52.47,52.97,3672843,0
20170608,52.89,53.96,52.86,53.43,4651962,0
20170609,53.55,54.97,53.46,54.71,9652324,0
20170612,54.90,55.20,53.85,54.47,6217140,0
20170613,54.48,55.05,54.34,55.03,3303705,0
20170614,54.87,54.90,53.29,53.35,5523798,0
20170615,53.10,53.33,52.76,52.99,4004535,0
20170616,53.31,53.77,53.01,53.77,6775935,0
20170619,53.81,54.37,53.81,54.29,3747955,0
20170620,53.66,53.81,52.47,52.85,4838603,0
20170621,52.93,53.00,51.18,51.73,5732128,0
20170622,52.12,52.12,51.09,51.17,4936167,0
20170623,51.19,51.65,50.74,51.50,6052501,0
20170626,51.64,52.06,51.25,51.33,4827041,0
20170627,51.40,52.35,51.08,51.85,3775064,0
20170628,52.12,52.86,51.85,52.62,3171506,0
20170629,52.89,53.02,51.72,51.81,4580549,0
20170630,52.14,52.61,51.70,52.33,2917392,0
20170703,52.63,53.37,52.62,53.10,1740942,0
20170705,52.83,53.07,52.23,52.90,4098330,0
20170706,53.14,53.52,52.62,52.85,3074631,0
20170707,52.87,54.15,52.68,54.07,3908066,0
20170710,53.95,54.51,53.91,54.08,3031920,0
20170711,53.92,54.57,53.83,54.20,3289703,0
20170712,54.74,54.80,53.73,53.76,2538597,0
20170713,53.68,53.88,53.22,53.84,2613960,0
20170714,53.81,54.05,53.60,53.81,2788711,0
20170717,53.86,54.49,53.61,54.31,4615097,0
20170718,54.62,54.84,54.22,54.83,2758612,0
20170719,54.90,55.71,54.74,55.55,3365617,0
20170720,55.76,55.83,54.81,55.40,3000510,0
20170721,55.34,55.57,54.84,55.34,2101873,0
20170724,55.57,55.87,55.33,55.56,2306915,0
20170725,56.14,56.64,55.95,56.02,4102414,0
20170726,56.39,56.61,55.64,55.66,4010480,0
20170727,54.27,56.46,53.51,56.15,5047490,0
20170728,55.92,56.21,54.93,54.98,3412353,0
20170731,55.16,56.20,55.02,55.99,2973143,0
20170801,56.11,56.81,55.91,56.53,2918424,0
20170802,56.15,56.69,56.06,56.20,2908214,0
20170803,56.05,56.27,55.75,55.89,2683033,0
20170804,55.98,56.45,55.66,55.79,3468120,0
20170807,55.59,55.70,54.85,54.90,3182588,0
20170808,54.90,55.06,54.31,54.44,2312629,0
20170809,54.43,54.69,52.83,52.99,4329150,0
20170810,53.04,53.04,52.13,52.21,3676156,0
20170811,52.03,52.35,51.69,52.16,3303532,0
20170814,52.08,52.69,52.06,52.31,2248732,0
20170815,52.25,52.37,51.76,51.89,3015469,0
20170816,52.00,52.06,50.91,51.06,3896746,0
20170817,50.72,50.89,49.68,49.70,4586245,0
20170818,49.62,50.54,49.43,50.11,3661324,0
20170821,50.07,50.10,49.45,49.45,3561064,0
20170822,49.71,49.96,49.30,49.67,3257469,0
20170823,49.43,50.38,49.33,50.17,4527197,0
20170824,50.26,51.54,50.19,51.13,4070142,0
20170825,51.47,52.20,51.36,51.72,3101428,0
20170828,52.33,52.97,52.03,52.52,5812351,0
20170829,52.17,52.52,51.12,51.43,5375924,0
20170830,51.53,52.54,51.37,52.33,4249938,0
20170831,52.55,52.86,52.00,52.45,4895517,0
20170901,52.55,54.32,52.50,54.28,3976632,0
20170905,53.58,53.66,50.52,51.79,8375702,0
20170906,51.64,52.57,51.49,52.37,6461881,0
20170907,52.63,53.10,52.34,52.63,3902701,0
20170908,52.66,53.71,52.52,53.42,4656368,0
20170911,53.48,53.84,52.59,53.75,4580145,0
20170912,53.95,54.48,53.58,53.77,3426014,0
20170913,54.00,54.08,52.71,53.21,4395933,0
20170914,53.27,53.33,52.31,52.34,5402443,0
20170915,52.36,53.12,52.26,52.96,9062782,0
20170918,53.06,53.73,52.93,53.58,4521981,0
20170919,53.75,54.34,53.38,54.20,4522542,0
20170920,54.38,54.70,54.03,54.43,4221689,0
20170921,54.43,54.89,54.26,54.37,4038035,0
20170922,54.24,55.02,54.13,54.73,3681410,0
20170925,55.00,55.81,54.98,55.53,4594587,0
20170926,55.36,55.65,55.07,55.38,4032771,0
20170927,54.61,55.78,54.61,55.24,3857900,0
20170928,55.26,55.78,55.15,55.47,3762903,0
20170929,55.46,56.55,55.29,56.08,3723894,0
20171002,55.94,56.27,55.53,55.89,2712497,0
20171003,55.53,56.31,55.25,56.14,3199927,0
20171004,56.16,56.70,55.90,56.31,2804565,0
20171005,56.48,56.90,56.14,56.25,2886506,0
20171006,55.80,56.40,55.71,56.02,3917411,0
20171009,56.13,56.49,56.04,56.14,3105223,0
20171010,56.72,57.02,56.18,56.25,3600556,0
20171011,56.31,56.54,56.14,56.22,3847286,0
20171012,56.00,56.90,55.80,56.55,3012275,0
20171013,56.89,56.92,56.29,56.37,2802839,0
20171016,56.42,56.57,55.68,55.72,2621638,0
20171017,55.74,56.53,55.73,56.51,2973664,0
20171018,56.52,56.86,56.40,56.75,2484631,0
20171019,56.42,57.14,56.17,57.10,3234296,0
20171020,57.30,57.74,57.15,57.49,3836312,0
20171023,57.48,57.49,56.26,56.34,3330184,0
20171024,56.54,57.27,56.54,56.99,3176859,0
20171025,56.96,57.14,55.89,56.44,4581891,0
20171026,57.52,57.92,55.87,57.27,4191546,0
20171027,57.68,58.93,57.40,58.47,3839327,0
20171030,58.50,59.57,58.25,59.06,3832174,0
20171031,59.78,60.16,58.83,59.74,4838740,0
20171101,60.24,61.90,60.07,60.89,5568661,0
20171102,61.06,62.34,60.87,62.17,4767916,0
20171103,62.26,62.78,61.90,62.20,3639399,0
20171106,62.34,62.53,62.10,62.35,3435967,0
20171107,62.58,63.12,62.15,63.11,3467178,0
20171108,63.29,63.41,62.56,63.22,3775808,0
20171109,62.62,62.73,60.90,61.66,4980167,0
20171110,61.98,62.28,61.61,61.72,3147108,0
20171113,61.79,62.55,61.71,62.20,2775032,0
20171114,62.32,63.08,61.95,62.87,4455417,0
20171115,60.45,61.81,60.10,61.50,4535794,0
20171116,61.51,62.58,61.15,62.01,3804149,0
20171117,61.85,62.45,61.64,62.27,2960798,0
20171120,62.11,62.53,61.75,61.94,2196592,0
20171121,62.19,62.36,61.80,62.29,2458078,0
20171122,62.35,62.40,61.26,62.01,2578715,0
20171124,62.16,62.25,61.58,62.03,1395676,0
20171127,61.95,62.45,61.60,61.88,6139893,0
20171128,62.29,62.38,61.66,62.22,2828437,0
20171129,62.01,62.24,60.95,61.40,4150024,0
20171130,61.69,62.78,61.44,62.63,4473655,0
20171201,62.82,63.06,61.59,62.84,4666728,0
20171204,62.92,64.32,62.61,63.30,4214522,0
20171205,63.42,65.41,63.16,64.54,4028390,0
20171206,64.32,64.46,63.27,63.46,2312212,0
20171207,63.10,64.07,63.00,64.00,2662929,0
20171208,64.19,64.94,63.95,64.75,2600540,0
20171211,64.65,65.08,64.33,64.46,2552761,0
20171212,64.82,65.29,64.27,64.49,2563711,0
20171213,64.30,64.41,63.80,64.15,2829484,0
20171214,64.16,65.04,64.06,64.66,4212483,0
20171215,64.95,66.19,64.70,65.75,9231655,0
20171218,65.87,66.38,65.73,66.01,3210708,0
20171219,66.03,66.12,64.68,64.75,3861844,0
20171220,65.06,65.86,64.76,65.66,4909726,0
20171221,65.70,66.79,65.42,66.33,5287527,0
20171222,66.70,66.85,66.22,66.36,3211667,0
20171226,66.55,67.07,66.41,66.84,2296809,0
20171227,66.72,66.89,66.36,66.42,1964667,0
20171228,66.43,66.56,66.16,66.40,3080309,0
20171229,66.47,66.75,65.96,65.98,2228322,0
20180102,66.11,67.25,65.98,67.18,2987345,0
20180103,67.46,68.97,67.41,68.61,4369075,0
20180104,68.66,69.06,68.40,68.68,3055519,0
20180105,68.87,69.46,68.51,69.34,3441349,0
20180108,69.07,69.68,69.01,69.39,3062181,0
20180109,69.39,69.55,68.91,69.00,2746274,0
20180110,68.79,69.63,68.45,69.51,2445439,0
20180111,69.72,70.43,69.35,70.25,2253185,0
20180112,70.47,71.50,70.47,71.42,2490419,0
20180116,71.60,71.83,70.61,70.78,3614434,0
20180117,71.11,72.48,70.92,71.98,3424715,0
20180118,71.78,72.52,71.16,71.49,3406463,0
20180119,71.66,72.03,71.09,71.89,3744577,0
20180122,72.04,73.20,71.72,73.16,3944826,0
20180123,73.31,73.50,72.64,73.12,2573089,0
20180124,73.37,73.53,71.29,71.59,3788210,0
20180125,72.08,72.23,71.01,71.08,2772982,0
20180126,71.29,72.02,71.19,71.74,3357698,0
20180129,71.51,71.75,69.97,70.15,3835118,0
20180130,69.05,69.58,67.81,69.13,4731126,0
20180131,69.24,69.64,68.21,69.27,5923968,0
20180201,69.77,70.49,67.12,68.69,6482780,0
20180202,68.33,69.45,66.81,67.41,4655746,0
20180205,66.08,67.44,63.23,64.58,5774694,0
20180206,62.93,65.94,62.26,65.69,4461366,0
20180207,66.96,67.64,64.94,65.09,4882984,0
20180208,64.91,65.35,62.77,62.79,4308046,0
