DATE, OPEN, HIGH, LOW, CLOSE, VOL, p
20140421,16.9700,17.3700,16.3300,16.8200,386417,0
20140422,16.6300,17.0000,16.6300,16.8000,551816,0
20140423,16.8100,16.8500,16.7100,16.7800,1091266,0
20140424,16.8500,16.8600,16.4500,16.6300,355308,0
20140425,16.9000,16.9200,16.3200,16.8900,1022014,0
20140428,16.9300,16.9300,16.3800,16.6700,1161094,0
20140429,16.6200,16.8800,16.4500,16.6800,635161,0
20140430,16.7000,16.7000,16.3600,16.5500,14771068,0
20140501,16.1200,17.3600,16.1200,17.0000,3353585,0
20140502,17.0100,17.3000,16.8700,16.9500,2739927,0
20140505,16.9300,17.2600,16.5300,16.8100,2870995,0
20140506,16.6900,16.8000,16.2500,16.3400,4046382,0
20140507,16.3600,16.6100,16.2600,16.6000,5144954,0
20140508,16.5000,16.6400,16.3500,16.4500,5486932,0
20140509,16.3000,16.5100,16.0300,16.2800,2694687,0
20140512,16.2800,16.5500,15.7750,15.9500,6572005,0
20140513,15.7800,16.1300,15.7800,15.8500,7454392,0
20140514,15.7700,16.0400,15.5000,15.7400,4475256,0
20140515,15.6600,16.0000,15.5900,15.7400,4539419,0
20140516,15.6600,15.9500,15.6600,15.8600,2553437,0
20140519,15.7600,16.0400,15.6638,16.0200,4354137,0
20140520,16.1000,16.1650,15.8200,15.9400,7489408,0
20140521,15.9300,16.1300,15.8200,15.9300,1667790,0
20140522,15.8400,16.0400,15.8000,15.9700,1998071,0
20140523,16.0000,16.1300,15.9700,16.0700,2680152,0
20140527,16.0900,16.3400,15.7900,15.9800,1556304,0
20140528,16.0200,16.0500,15.6650,15.6800,4050413,0
20140529,15.7300,15.8200,15.5300,15.6800,3291857,0
20140530,15.6300,15.9100,15.6300,15.8000,4829619,0
20140602,15.8400,15.9400,15.7900,15.8100,2868712,0
20140603,16.6000,16.6000,15.7400,15.8300,3203610,0
20140604,15.6000,15.9600,15.5800,15.8900,3094874,0
20140605,16.0300,16.6800,15.9000,16.6700,4453888,0
20140606,16.7600,16.9500,16.6100,16.6700,1504036,0
20140609,16.6100,16.8100,16.3700,16.8100,2846458,0
20140610,16.7200,17.0000,16.7000,16.8000,2591058,0
20140611,16.7300,16.9700,16.7300,16.8800,1575491,0
20140612,16.8100,16.9999,16.6800,16.7400,2229998,0
20140613,16.7200,16.8600,16.5500,16.6700,1213300,0
20140616,16.6600,16.8900,16.6000,16.7800,685920,0
20140617,16.6900,16.9600,16.6400,16.8400,1191347,0
20140618,16.7600,17.1200,16.6900,17.0600,2168601,0
20140619,17.0100,17.3200,16.7250,17.1900,3518526,0
20140620,17.2800,17.5300,17.1500,17.4600,3370125,0
20140623,17.4500,17.7700,17.4500,17.6800,4330108,0
20140624,17.6600,17.7600,17.5800,17.6550,2454131,0
20140625,17.6000,17.7600,17.5200,17.6100,1897177,0
20140626,17.5800,17.6800,17.5300,17.6700,765136,0
20140627,17.6100,17.9100,17.6100,17.8400,3274256,0
20140630,17.7600,17.9800,17.6400,17.7100,1735019,0
20140701,17.7900,17.9700,17.7700,17.7720,2159141,0
20140702,17.7500,17.9400,17.6350,17.7700,2287202,0
20140703,17.7600,17.8900,17.6800,17.7000,1807855,0
20140707,17.6500,17.7700,17.6000,17.6500,1612194,0
20140708,17.6000,17.7000,17.4400,17.6000,3334566,0
20140709,17.6000,17.7400,17.5700,17.7200,2393158,0
20140710,17.5400,17.8700,17.5000,17.7800,2528091,0
20140711,17.8100,17.9350,17.7400,17.8900,6600048,0
20140714,17.9700,18.0650,17.8200,18.0000,2697127,0
20140715,17.9900,18.0900,17.6450,17.7000,2976166,0
20140716,17.7100,17.9150,17.4900,17.8200,3038711,0
20140717,17.6900,18.2800,17.6900,17.7000,2685022,0
20140718,17.7500,17.7500,17.5000,17.6900,2076996,0
20140721,17.6500,17.9000,17.5700,17.8600,2169188,0
20140722,17.8800,17.9900,17.8300,17.9700,1667986,0
20140723,17.9500,18.0200,17.9100,17.9800,1327244,0
20140724,17.9200,18.1500,17.9200,17.9700,2042179,0
20140725,17.9000,18.1500,17.7800,17.8700,1885988,0
20140728,17.8000,18.0500,17.6600,17.9900,2810113,0
20140729,17.9300,18.1100,17.6500,17.7000,3332553,0
20140730,17.7000,17.9700,17.4800,17.5800,2880562,0
20140731,17.5300,17.9600,17.1900,17.2000,3419726,0
20140801,17.2000,17.5000,17.1400,17.3400,1705016,0
20140804,17.3200,17.3400,16.9800,17.1700,1565176,0
20140805,17.0700,17.2500,16.8800,16.9500,2007877,0
20140806,16.9200,17.1500,16.8600,16.9900,2237314,0
20140807,17.0400,17.1900,16.7610,16.8600,1321075,0
20140808,16.9000,17.3450,16.7600,17.2800,3337583,0
20140811,17.3500,17.3900,17.0900,17.1000,1043825,0
20140812,17.1100,17.1700,16.9400,17.1000,1090615,0
20140813,17.1500,17.2350,17.0700,17.1700,881092,0
20140814,17.1500,17.1700,17.0400,17.1500,1388609,0
20140815,17.1600,17.2500,16.8600,17.0200,1480870,0
20140818,17.1300,17.5100,17.0700,17.3800,2834679,0
20140819,17.3500,17.4600,17.1850,17.3200,1310418,0
20140820,17.1800,17.5650,17.1100,17.5000,1197105,0
20140821,17.5000,17.5400,17.2900,17.4600,1026181,0
20140822,17.4200,17.6000,17.3700,17.4500,925406,0
20140825,17.4800,17.7400,17.4500,17.6300,690017,0
20140826,17.6000,17.7400,17.5300,17.6100,817155,0
20140827,17.5800,17.7700,17.5800,17.7100,758505,0
20140828,17.6200,17.8000,17.5300,17.7200,832608,0
20140829,17.7200,18.0000,17.6500,17.9400,1690989,0
20140902,17.9400,18.1300,17.8800,17.9800,1333159,0
20140903,18.0100,18.0900,17.9100,17.9800,1204105,0
20140904,17.9600,18.1750,17.9600,17.9600,1472329,0
20140905,17.9000,18.0500,17.6300,17.7900,2172859,0
20140908,17.7800,18.0500,17.5300,17.6900,1743072,0
20140909,17.6200,17.7000,17.3800,17.4800,1456748,0
20140910,17.4600,17.4600,17.1900,17.3500,1124901,0
20140911,17.2600,17.5150,17.2600,17.4600,1189678,0
20140912,17.3600,17.6599,17.3600,17.6200,1102232,0
20140915,17.6000,17.6000,17.2000,17.3600,1282630,0
20140916,17.3300,17.5900,17.2300,17.5000,887197,0
20140917,17.5000,17.9500,17.5000,17.8200,1063885,0
20140918,17.8400,17.9600,17.8000,17.8500,1667772,0
20140919,17.9400,17.9500,17.8000,17.8600,1480633,0
20140922,17.7900,17.9500,17.6800,17.8200,1411880,0
20140923,17.8200,17.9500,17.5650,17.6000,1616944,0
20140924,17.5900,17.9100,17.4800,17.9100,1780324,0
20140925,17.8300,17.9300,17.6100,17.7300,1304116,0
20140926,17.7100,17.7700,17.5400,17.6800,848607,0
20140929,17.5300,17.8500,17.4700,17.6500,1140049,0
20140930,17.6400,17.8700,17.6100,17.7100,1361058,0
20141001,17.7100,17.8400,17.4200,17.4400,2129803,0
20141002,17.3800,17.6000,17.2350,17.4000,1624397,0
20141003,17.4500,17.6775,17.3400,17.4300,1623251,0
20141006,17.4800,17.7800,17.4100,17.5700,2612396,0
20141007,17.5200,17.6650,17.3000,17.3000,2458605,0
20141008,17.2700,17.3800,16.9800,17.3400,4758003,0
20141009,17.2800,17.3800,17.0950,17.2600,2758295,0
20141010,17.2900,17.4900,17.0800,17.1250,4027311,0
20141013,17.5800,17.7700,17.2900,17.3000,3255463,0
20141014,17.3800,17.5900,17.3800,17.4700,2995581,0
20141015,17.3000,17.7800,17.1900,17.4200,3492522,0
20141016,17.1900,17.8600,17.1800,17.6400,3568354,0
20141017,17.7300,18.6200,17.7100,18.6100,4124196,0
20141020,18.5100,18.9200,18.3800,18.6400,2356506,0
20141021,18.8500,18.9000,18.5500,18.7900,3244609,0
20141022,18.8000,19.0800,18.4900,18.5300,4099681,0
20141023,18.6500,18.9100,18.4900,18.7100,2486456,0
20141024,18.7500,19.0800,18.7500,18.9000,1336190,0
20141027,18.8700,18.9100,18.7000,18.8400,1522798,0
20141028,18.8700,19.1000,18.7800,19.0400,1761421,0
20141029,19.0100,19.3300,18.8500,19.2600,1825202,0
20141030,19.2400,19.5400,19.1600,19.5000,1783847,0
20141031,19.6600,19.8600,19.5550,19.7800,2793220,0
20141103,19.7300,20.1000,19.5800,20.0000,2695788,0
20141104,19.6900,19.7100,19.3900,19.4600,1881160,0
20141105,19.6800,19.7300,19.1800,19.6200,3236516,0
20141106,19.7200,20.1100,19.6200,20.1000,1704622,0
20141107,20.0500,20.2600,19.9100,20.2100,1482645,0
20141110,20.1700,20.3550,20.1100,20.2000,2062729,0
20141111,20.1800,20.3300,20.0110,20.3000,1365816,0
20141112,20.3200,20.4700,20.0500,20.1300,1898430,0
20141113,20.4400,20.7800,20.2700,20.7800,2464070,0
20141114,20.7500,20.7800,20.2700,20.4100,1987468,0
20141117,20.3300,20.8400,20.3100,20.8100,1316822,0
20141118,20.7100,21.0550,20.6600,20.8700,1357836,0
20141119,20.5400,20.7800,20.5400,20.7100,921695,0
20141120,20.7100,20.8700,20.6200,20.7000,2462112,0
20141121,20.9700,21.2200,20.8300,21.1800,2752498,0
20141124,21.1800,21.3200,20.8900,20.9400,1810979,0
20141125,20.9300,21.0200,20.8600,20.9500,2281392,0
20141126,20.9500,21.0200,20.8100,20.9100,1495107,0
20141128,20.9900,21.4900,20.8500,20.9600,546924,0
20141201,20.8800,21.2300,20.7300,20.9100,2641644,0
20141202,21.0000,21.2700,20.8100,20.9700,984416,0
20141203,20.8700,21.0300,20.5200,20.9000,1936519,0
20141204,20.8000,21.0000,20.6210,20.8200,1345567,0
20141205,20.8500,21.2300,20.8500,21.0000,2856563,0
20141208,21.0100,21.4900,20.9500,21.2900,2067591,0
20141209,21.1200,21.4900,21.0760,21.4900,1873420,0
20141210,21.4000,21.7900,21.2600,21.2800,2711959,0
20141211,21.3500,21.6200,21.2500,21.4900,3158810,0
20141212,21.4300,21.7400,20.8100,20.8300,1424364,0
20141215,20.9800,21.1900,20.8900,21.0700,1863892,0
20141216,21.0400,21.3500,20.8700,20.8800,2224814,0
20141217,20.9400,21.2700,20.8300,21.2600,1626758,0
20141218,21.3900,21.5800,21.2200,21.5000,1551024,0
20141219,21.5100,22.4000,21.5100,22.3500,4902275,0
20141222,22.4300,22.6400,22.2500,22.5700,2110753,0
20141223,22.7100,22.7100,22.3300,22.3500,1182893,0
20141224,22.4500,22.6900,22.1600,22.1700,567929,0
20141226,22.1500,22.1901,21.9250,21.9600,756673,0
20141229,21.9900,22.1000,21.8200,21.8400,967889,0
20141230,21.8300,22.0400,21.8100,21.9850,1474845,0
20141231,22.0900,22.2500,21.6000,21.6100,892593,0
20150102,21.7100,22.0099,21.5200,21.8200,849064,0
20150105,21.6700,21.7800,21.0400,21.1000,989701,0
20150106,21.1700,21.3250,20.7150,20.9000,1232146,0
20150107,21.0000,21.1200,20.6600,20.9200,2310778,0
20150108,21.1000,21.5100,20.4000,20.6000,2710899,0
20150109,20.5600,20.7800,20.3600,20.5400,1499815,0
20150112,20.5100,20.6880,20.0200,20.1700,1306375,0
20150113,20.2800,20.5800,19.9650,20.2200,1770646,0
20150114,20.1000,20.3200,19.8435,20.1400,1606208,0
20150115,20.0700,20.4400,19.8700,20.1100,1451350,0
20150116,20.0100,20.2680,19.8100,20.1500,1673754,0
20150120,20.2400,20.2750,19.5700,19.6700,1651296,0
20150121,19.2200,20.0900,17.1600,19.9600,2806639,0
20150122,20.0000,20.3799,19.2772,19.6900,2337032,0
20150123,19.5700,20.0900,19.3400,19.4700,2017478,0
20150126,19.3600,19.6200,19.2700,19.5500,2002574,0
20150127,19.4300,19.8800,19.4100,19.8000,2921047,0
20150128,19.8000,19.8000,19.4500,19.4700,2575084,0
20150129,19.1200,19.5800,19.1000,19.5000,4865196,0
20150130,19.3800,19.9700,19.2000,19.7400,3519084,0
20150202,19.7500,20.1500,19.5700,20.0500,2854944,0
20150203,20.1200,21.1000,20.0700,21.0800,2422058,0
20150204,20.9300,21.2100,20.6290,21.0000,2413687,0
20150205,20.9500,21.3900,20.7700,21.3100,2073646,0
20150206,21.3800,21.4600,21.1800,21.3500,1679245,0
20150209,22.1700,22.1700,21.1900,21.5700,1990961,0
20150210,21.6000,21.7100,21.3500,21.6700,1463645,0
20150211,21.5700,22.0500,21.4300,21.9500,1822893,0
20150212,21.9500,22.2850,21.8100,22.2100,2327659,0
20150213,22.0700,22.4050,21.8700,22.3700,2394988,0
20150217,22.2700,22.3700,21.9200,21.9800,2890873,0
20150218,21.9200,22.0400,21.5700,21.6500,1776984,0
20150219,21.6400,21.7500,21.3800,21.6600,1348751,0
20150220,21.6600,21.8600,21.4000,21.7200,1590892,0
20150223,21.6300,21.8300,21.4550,21.8100,1201060,0
20150224,21.7600,21.9800,21.6800,21.6800,1556332,0
20150225,21.7300,21.9150,21.6300,21.7000,2323785,0
20150226,21.7100,22.0000,21.6100,21.8500,1602873,0
20150227,21.7600,21.9099,21.3300,21.4000,1966343,0
20150302,19.0700,19.6700,18.4400,19.5100,10473750,0
20150303,19.4000,20.1800,19.1500,20.0500,4694456,0
20150304,19.7400,20.3800,19.5300,20.0100,2862857,0
20150305,20.0200,20.1150,19.7600,19.9900,1761424,0
20150306,19.9100,20.2300,19.6000,19.6400,1910415,0
20150309,19.6200,19.7700,19.5900,19.5900,1821696,0
20150310,19.3700,19.6600,19.2115,19.3700,4092865,0
20150311,19.4600,19.5800,18.9700,19.1600,3792075,0
20150312,19.2800,19.5900,19.2800,19.5400,2481351,0
20150313,19.4500,19.5300,19.2100,19.2800,2646198,0
20150316,19.3600,19.8100,19.3400,19.6600,2446355,0
20150317,19.6800,20.1500,19.4900,20.1100,2562893,0
20150318,20.0000,20.1000,19.6450,20.0600,1746042,0
20150319,20.0000,20.7250,19.9100,20.6700,2572997,0
20150320,20.7100,21.0300,20.6550,20.7000,3647860,0
20150323,20.7700,21.0500,20.6500,20.7500,2562152,0
20150324,20.8000,20.8700,20.5500,20.7000,1625106,0
20150325,20.7700,20.8750,20.3300,20.3300,2275415,0
20150326,20.2500,20.2500,20.0350,20.1600,1564504,0
20150327,20.0100,20.3500,19.8900,20.1600,1653415,0
20150330,20.1900,20.1900,19.9600,20.0800,1876221,0
20150331,19.8700,20.5400,19.8700,20.3300,3298712,0
20150401,20.2500,20.4300,20.0500,20.2400,1919220,0
20150402,20.1900,20.4400,20.0800,20.3600,1690687,0
20150406,20.1900,20.3800,20.0900,20.3200,1273234,0
20150407,20.2800,20.3000,20.0900,20.1100,1465601,0
20150408,20.1600,20.3600,20.0100,20.2500,1546508,0
20150409,20.2600,20.5400,20.1900,20.3400,2069734,0
20150410,20.2700,20.5199,20.2100,20.2600,1844563,0
20150413,20.2100,20.6100,20.2100,20.4300,1169737,0
20150414,20.3700,20.6400,20.2800,20.3900,1405612,0
20150415,20.3500,20.5100,20.2700,20.3400,1560668,0
20150416,20.3600,20.5000,20.2300,20.2900,1875442,0
20150417,20.1900,20.4700,19.9000,19.9300,1812842,0
20150420,20.0400,20.7200,20.0140,20.4900,1454845,0
20150421,20.5000,20.7200,20.3600,20.5300,2539597,0
20150422,20.5100,20.9500,20.3200,20.6100,2594647,0
20150423,20.5300,20.7900,20.4200,20.4900,1685671,0
20150424,20.4100,20.4900,20.2500,20.2800,1701170,0
20150427,20.2900,20.3800,19.8300,19.8500,1356942,0
20150428,19.9000,19.9800,19.6700,19.9000,2013005,0
20150429,19.9100,20.0000,19.6400,19.7100,1645769,0
20150430,19.7000,19.8800,19.5100,19.5400,2007823,0
20150501,19.6800,19.8000,19.6200,19.7400,2475013,0
20150504,19.7700,19.9600,19.6200,19.6400,1805530,0
20150505,19.6000,19.7750,19.5001,19.5800,2748772,0
20150506,19.5800,19.7700,19.5100,19.5800,1735980,0
20150507,19.6700,19.8000,19.4850,19.7800,1644986,0
20150508,19.8500,20.0900,19.8401,20.0200,1357591,0
20150511,19.9800,20.0600,19.9300,19.9700,1342422,0
20150512,19.9800,20.1800,19.8900,20.1200,1122917,0
20150513,20.0800,20.1700,19.7700,19.7900,1788237,0
20150514,19.9300,20.0650,19.6000,19.8300,2903972,0
20150515,19.8900,19.9200,19.0800,19.1600,2576546,0
20150518,19.0500,19.2300,18.9400,19.0600,2412606,0
20150519,19.0400,19.3400,19.0400,19.3100,2736077,0
20150520,19.4100,19.4500,19.2700,19.3400,1694703,0
20150521,19.3500,19.6000,19.3350,19.4500,1675257,0
20150522,19.3900,19.5300,19.3200,19.3300,1212916,0
20150526,19.3400,19.4900,19.1000,19.1300,1135883,0
20150527,19.2500,19.5050,19.1300,19.3700,1494212,0
20150528,19.3200,19.4700,19.2100,19.2900,1232491,0
20150529,19.3500,19.3500,19.1300,19.2700,1410107,0
20150601,19.3800,19.5400,19.1600,19.3400,1158560,0
20150602,19.2300,19.4400,19.2300,19.3800,1852207,0
20150603,19.2900,19.5432,19.2500,19.4400,1369651,0
20150604,19.3500,19.4500,19.0400,19.0600,1541379,0
20150605,19.1200,19.3600,19.0000,19.0900,1359898,0
20150608,19.0500,19.2300,19.0100,19.0600,1141244,0
20150609,19.1200,19.1900,18.8500,18.9000,1626194,0
20150610,18.9400,19.4000,18.8300,19.4000,1485034,0
20150611,19.3800,19.5950,19.3100,19.5300,1594948,0
20150612,19.5200,19.5700,19.3200,19.4300,899746,0
20150615,19.2600,19.2600,18.9800,19.0900,1299127,0
20150616,19.1100,19.3600,18.9400,19.1400,1792051,0
20150617,19.2100,19.2400,18.4200,18.6400,2150269,0
20150618,18.6300,19.0350,18.6000,18.9850,2575486,0
20150619,18.8900,18.9500,18.7200,18.9300,4357131,0
20150622,19.0900,19.2050,19.0100,19.0600,1309417,0
20150623,19.1000,19.2550,19.0900,19.1000,1501219,0
20150624,19.1100,19.2300,18.8100,18.8300,2702670,0
20150625,18.8300,18.8500,18.5400,18.5550,1365802,0
20150626,18.6600,18.8100,18.4300,18.4400,2689473,0
20150629,18.3600,18.5500,18.0900,18.1100,1740550,0
20150630,18.2000,18.3900,18.0900,18.2100,1513306,0
20150701,18.3600,18.5100,18.2300,18.4500,2329291,0
20150702,18.5400,18.6000,18.3650,18.4500,1806289,0
20150706,18.2100,18.6200,18.2100,18.6100,2036340,0
20150707,18.6600,19.0000,18.4800,18.9700,2505912,0
20150708,18.8600,18.8900,18.5400,18.5700,1740133,0
20150709,18.7900,18.9200,18.5000,18.5300,1292241,0
20150710,18.7800,18.7800,18.3300,18.3700,2322901,0
20150713,17.4300,18.5000,17.4200,18.3600,2046617,0
20150714,15.9000,17.0200,15.7601,16.4200,8288300,0
20150715,16.6600,16.6800,16.3400,16.5600,3970799,0
20150716,16.6900,16.6900,16.4900,16.6700,3036843,0
20150717,16.4600,16.9000,16.4500,16.8600,2998812,0
20150720,16.9700,16.9700,16.3900,16.4200,4375523,0
20150721,16.4700,16.7550,16.4700,16.6000,3405113,0
20150722,16.6700,16.6700,16.1600,16.2300,3315574,0
20150723,16.3300,16.4750,16.1600,16.3900,2497712,0
20150724,16.4500,16.5600,16.2000,16.2200,2201903,0
20150727,16.1500,16.4500,15.7200,15.7200,2407569,0
20150728,15.8000,15.9000,15.7500,15.8300,2155362,0
20150729,15.7700,15.9100,15.7300,15.7700,1881747,0
20150730,15.7000,15.7800,15.4900,15.5300,2798413,0
20150731,15.8200,15.9000,15.6500,15.7000,2667074,0
20150803,15.7700,15.8800,15.5550,15.6600,1992908,0
20150804,15.6000,15.7450,15.5300,15.5800,1659915,0
20150805,15.6200,15.9400,15.5950,15.6100,2348342,0
20150806,15.6600,15.6600,15.2000,15.3700,3226626,0
20150807,15.3400,15.6250,15.3000,15.6100,2156816,0
20150810,15.6900,16.0000,15.6900,15.9100,1612570,0
20150811,15.5300,15.9000,15.3600,15.3900,2593908,0
20150812,15.4900,15.4900,15.1100,15.3100,2815298,0
20150813,15.2500,15.3200,14.7500,14.7900,3254127,0
20150814,14.8300,14.8700,14.5800,14.7600,4080530,0
20150817,14.7600,14.9600,14.6100,14.8300,3153686,0
20150818,14.8800,15.0000,14.6000,14.7700,2176649,0
20150819,14.6600,14.7300,14.5500,14.6200,1845805,0
20150820,14.4300,14.4850,14.0500,14.0600,2872856,0
20150821,13.9800,14.2700,13.8900,13.8900,2580820,0
20150824,13.3400,14.0000,12.8900,13.0600,7213124,0
20150825,13.2300,13.2300,12.0200,12.0400,8600459,0
20150826,12.2500,12.5500,12.0100,12.5200,4650423,0
20150827,12.8100,13.0850,12.6700,13.0000,4374174,0
20150828,12.9300,13.1500,12.8000,13.0500,2456415,0
20150831,12.9300,12.9800,12.6800,12.7900,4967850,0
20150901,12.5100,12.6500,12.3000,12.3500,3384658,0
20150902,12.4000,12.5300,11.9700,12.1600,3422709,0
20150903,12.2000,12.3700,12.0900,12.1500,3384106,0
20150904,11.9600,12.1000,11.7900,11.9400,2865293,0
20150908,12.7400,12.9900,12.1300,12.3000,4984549,0
20150909,12.4400,12.5400,12.2100,12.2900,4413828,0
20150910,12.3100,12.6800,12.2600,12.6400,5478992,0
20150911,12.5200,12.5700,12.2250,12.4500,7098256,0
20150914,12.4400,12.5200,12.2800,12.4400,3835150,0
20150915,12.7400,12.7400,12.2750,12.3700,4052429,0
20150916,12.3700,12.7100,12.3700,12.6500,5468198,0
20150917,12.6600,12.9100,12.4800,12.5500,5070199,0
20150918,12.3900,12.7600,12.2732,12.6600,7538075,0
20150921,12.7200,12.8000,12.5950,12.6500,3959475,0
20150922,12.5000,12.6400,12.1100,12.4000,3429918,0
20150923,12.3800,12.5400,12.2800,12.4700,3837731,0
20150924,12.3400,12.5300,12.2700,12.5000,4176482,0
20150925,12.5800,12.6499,12.3400,12.4400,4518367,0
20150928,12.4000,12.4850,11.9950,12.1600,4956990,0
20150929,12.1600,12.2300,11.5900,11.6300,8206524,0
20150930,11.7500,11.8700,10.9450,11.2400,9694195,0
20151001,11.2400,11.2900,10.6800,10.9600,10375332,0
20151002,10.7400,11.1100,10.6200,11.0400,6536448,0
20151005,11.0800,11.6599,11.0800,11.4800,5352435,0
20151006,11.4300,11.7500,11.3900,11.6300,4621364,0
20151007,11.7300,12.1000,11.7000,11.9800,6969336,0
20151008,12.1300,12.2600,12.0100,12.1000,4958671,0
20151009,12.1400,12.3700,11.9000,11.9600,5559914,0
20151012,11.9800,12.0600,11.8000,11.8800,2815968,0
20151013,11.8400,11.9650,11.7800,11.8700,3770560,0
20151014,11.9200,12.0600,11.7000,11.7700,3443117,0
20151015,11.8100,12.0650,11.7700,12.0300,3511709,0
20151016,12.0900,12.3300,11.9500,12.2600,2915358,0
20151019,12.1700,12.2800,11.9800,12.2700,4787451,0
20151020,12.3200,12.7350,12.2806,12.6600,5680558,0
20151021,12.8200,13.1300,12.6500,12.8900,5193657,0
20151022,12.9900,13.1700,12.7100,12.9600,7214235,0
20151023,13.0900,13.7700,13.0000,13.5500,6006271,0
20151026,13.5600,13.5850,13.1600,13.5000,3639702,0
20151027,13.3900,13.4500,13.1000,13.4100,4487786,0
20151028,13.4300,13.8300,13.2600,13.8000,3148871,0
20151029,13.7100,13.8300,13.1700,13.2400,2851637,0
20151030,13.2800,13.3400,13.1700,13.1900,1940608,0
20151102,13.2300,13.5100,13.2100,13.4800,2204463,0
20151103,13.4200,13.6000,12.5100,13.4000,3910667,0
20151104,13.4700,13.9250,13.3550,13.4100,3595110,0
20151105,13.4100,13.5320,12.9700,13.2300,2869083,0
20151106,13.3200,13.4000,13.0750,13.2600,2377387,0
20151109,13.2800,13.3700,12.8100,12.9500,2022580,0
20151110,12.9300,13.0000,12.4700,12.7200,2958620,0
20151111,12.7300,12.7900,12.4000,12.5100,2039028,0
20151112,12.4100,12.5450,12.1400,12.2400,3655973,0
20151113,12.4400,12.4400,11.9100,12.0200,3485270,0
20151116,11.9900,12.1600,11.7700,11.9800,3251439,0
20151117,12.0300,12.0700,11.8100,11.8900,1993370,0
20151118,11.9300,12.0600,11.7800,12.0400,2083073,0
20151119,12.0600,12.1700,11.6800,11.7000,6789566,0
20151120,11.7600,11.9000,11.6200,11.8500,6731757,0
20151123,12.0650,12.1600,11.7400,11.9000,3547791,0
20151124,11.8000,12.0200,11.6500,11.8700,3700071,0
20151125,11.8500,11.8600,11.7200,11.7300,1376716,0
20151127,11.7800,11.8200,11.6100,11.7700,632543,0
20151130,11.9000,11.9300,11.5200,11.9100,5076080,0
20151201,11.9400,12.2600,11.8000,12.2500,4495427,0
20151202,12.0400,12.2000,11.8700,11.9800,4494984,0
20151203,12.0300,12.0950,11.6500,11.7400,4659064,0
20151204,11.7600,12.1500,11.7600,12.0400,3467638,0
20151207,12.0000,12.1400,11.7400,11.9200,3139848,0
20151208,11.8300,11.9250,11.5900,11.7200,2933204,0
20151209,11.6900,12.1400,11.6600,11.7400,2946777,0
20151210,11.7500,12.5200,11.7200,12.3800,4177515,0
20151211,12.3200,12.4399,12.1400,12.3500,5264026,0
20151214,12.3600,12.5600,12.0100,12.1600,4125241,0
20151215,12.2500,12.5250,12.2300,12.3550,3462863,0
20151216,12.4200,12.9500,12.2900,12.7700,7584147,0
20151217,12.8000,12.9150,12.4700,12.4800,5270756,0
20151218,12.3900,12.4700,11.9200,11.9200,8988174,0
20151221,12.0800,12.1300,11.6600,11.8000,3462860,0
20151222,11.8400,11.9300,11.6000,11.7000,7197177,0
20151223,11.7500,12.1500,11.7100,12.1500,11294955,0
20151224,12.2100,12.7700,12.2000,12.6100,1825058,0
20151228,12.5000,12.5100,11.3100,11.4600,9139255,0
20151229,11.4900,11.6700,11.4000,11.4900,4628265,0
20151230,11.5300,11.5720,11.3200,11.3300,3078684,0
20151231,11.3000,11.5900,11.2300,11.4500,2361737,0
20160104,11.3400,11.5900,11.1800,11.5000,6924956,0
20160105,11.5000,11.7399,10.9400,11.3400,5624078,0
20160106,11.2100,11.2550,10.8300,10.9300,4684620,0
20160107,10.7400,10.8400,10.2000,10.2700,5910109,0
20160108,10.3700,10.5200,10.0300,10.1800,6766869,0
20160111,10.2100,10.2750,9.8000,10.0000,4867273,0
20160112,10.1500,10.2800,9.8100,10.0100,4330364,0
20160113,10.0700,10.2025,9.4200,9.4200,5583425,0
20160114,9.4400,9.5100,9.0400,9.4000,4681294,0
20160115,9.1300,9.3100,8.9031,9.0000,5638020,0
20160119,8.9500,9.1500,8.7400,8.7600,4144478,0
20160120,8.5800,9.0800,8.2904,8.9700,7497398,0
20160121,9.0800,9.4400,9.0000,9.1600,4260453,0
20160122,9.3400,9.5890,9.0800,9.2400,5570413,0
20160125,9.2000,9.2400,8.8200,8.8700,5221917,0
20160126,8.9000,9.4900,8.8700,9.4500,3777669,0
20160127,9.0800,9.9800,9.0700,9.4700,6830122,0
20160128,9.5700,9.8200,9.0000,9.0300,4772025,0
20160129,9.0900,9.6100,9.0600,9.5600,5465911,0
20160201,9.5100,9.5950,9.1800,9.3100,3866645,0
20160202,9.1500,9.2623,8.7500,8.7600,4299447,0
20160203,8.8000,9.2400,8.3850,9.1800,3429135,0
20160204,9.1200,9.7300,8.9901,9.5400,3015786,0
20160205,9.5200,9.6700,9.3750,9.5100,3217189,0
20160208,9.2800,9.2900,8.6800,8.9400,3433311,0
20160209,8.8800,8.8900,8.4200,8.5000,8826508,0
20160210,8.6200,8.7000,8.4400,8.5500,5013351,0
20160211,8.3800,8.5400,8.2000,8.4100,3446630,0
20160212,8.4900,9.1500,8.4800,9.1300,3020035,0
20160216,9.1900,9.6800,9.1400,9.6600,3180793,0
20160217,9.7300,10.3200,9.6975,9.9100,4165874,0
20160218,9.9200,10.1800,9.7600,10.1300,2739462,0
20160219,10.1100,10.1100,9.7300,9.9200,2385878,0
20160222,10.1300,10.3800,10.1000,10.3600,2404983,0
20160223,10.2900,10.4900,10.1200,10.2400,2774903,0
20160224,10.0100,10.3585,9.6700,10.2900,2581475,0
20160225,10.2900,10.7200,10.1000,10.6600,2821563,0
20160226,10.7300,10.9900,10.5500,10.5900,3086253,0
20160229,10.6300,11.0600,10.5600,10.8300,4018822,0
20160301,10.8900,11.2500,10.6600,10.9400,5143863,0
20160302,10.8400,10.9000,10.4000,10.8900,3572787,0
20160303,10.8600,11.3900,10.8100,11.2700,2981116,0
20160304,11.1300,11.6500,11.1300,11.4000,3508212,0
20160307,11.3500,11.4650,11.1676,11.3900,3752914,0
20160308,11.3000,11.3600,10.9400,11.1000,3290212,0
20160309,11.1900,11.3900,11.0500,11.2000,2388707,0
20160310,11.2800,11.7500,11.2800,11.6600,5172293,0
20160311,11.7400,12.0000,11.6400,11.9700,3086101,0
20160314,12.0000,12.1950,11.6750,11.7100,5213238,0
20160315,11.7500,11.7500,11.1100,11.5400,5294588,0
20160316,11.4400,11.9200,11.4400,11.6800,2831715,0
20160317,11.6800,12.0850,11.5600,11.9400,3273471,0
20160318,12.0600,12.4901,11.9200,12.4200,7406675,0
20160321,12.3400,12.5965,12.2650,12.4200,2221932,0
20160322,12.2900,12.4974,12.1200,12.3700,2741928,0
20160323,12.3100,12.3700,11.8900,11.8900,2436573,0
20160324,11.8200,11.9900,11.6500,11.9600,1872947,0
20160328,12.0400,12.1900,11.7050,11.8100,2143498,0
20160329,11.7800,11.9850,11.5100,11.9100,2547928,0
20160330,11.9300,12.1700,11.7300,11.9700,3982799,0
20160331,11.9700,12.1800,11.9100,11.9700,2744716,0
20160401,11.8500,11.8700,11.4300,11.6500,4204158,0
20160404,11.6200,11.9000,11.5300,11.6800,2456805,0
20160405,11.5900,11.6900,11.4050,11.4400,3310466,0
20160406,11.4100,11.6900,11.0950,11.6100,2777652,0
20160407,11.5000,11.7600,11.3200,11.6000,3846682,0
20160408,11.7500,12.0800,11.6600,11.8200,2942154,0
20160411,11.8900,12.3900,11.8600,12.1500,3386531,0
20160412,12.2300,12.4800,12.1500,12.4200,4556666,0
20160413,12.5100,12.8500,12.4400,12.7000,3541013,0
20160414,12.6700,12.8500,12.5310,12.6800,1568188,0
20160415,12.6800,12.8600,12.6000,12.7100,2038670,0
20160418,12.6000,12.9200,12.5100,12.7900,2088273,0
20160419,12.8800,13.3200,12.8600,12.9500,4494104,0
20160420,12.7400,13.3000,12.4000,13.2500,3406103,0
20160421,13.2700,13.6600,13.2215,13.2700,3073647,0
20160422,13.2900,13.7950,13.2900,13.6800,4341162,0
20160425,13.6500,13.6689,13.2000,13.4500,2437497,0
20160426,13.5400,13.7000,13.4400,13.6600,2148089,0
20160427,13.6800,13.9950,13.6800,13.9600,3285347,0
20160428,13.8100,13.9897,13.4550,13.4800,3371256,0
20160429,13.4600,13.6900,13.3200,13.6700,4299024,0
20160502,13.7500,13.8700,13.4400,13.6500,2182378,0
20160503,13.4400,13.4600,13.0200,13.1500,3396059,0
20160504,13.0000,13.2201,12.8500,12.9600,3094886,0
20160505,13.0700,13.2600,12.9100,13.0900,3234354,0
20160506,12.9900,13.3600,12.9700,13.1200,2814083,0
20160509,13.0500,13.2900,13.0000,13.1700,1874332,0
20160510,13.2300,13.3450,13.0800,13.2400,1994102,0
20160511,13.2000,13.2600,12.7500,12.7500,5549663,0
20160512,12.8600,13.0300,12.4100,12.4900,3530554,0
20160513,12.4500,12.6200,12.1700,12.3100,2290491,0
20160516,12.4000,12.6300,12.3500,12.5000,2434002,0
20160517,12.4500,12.8050,12.4500,12.5900,2102794,0
20160518,12.5000,12.8900,12.5000,12.7500,3234107,0
20160519,12.6400,12.8300,12.3450,12.4200,2179907,0
20160520,12.4800,12.7950,12.4800,12.6900,2961033,0
20160523,12.6200,12.8800,12.5800,12.7200,1621255,0
20160524,12.8100,13.0000,12.7700,12.9800,2202773,0
20160525,13.0800,13.3850,13.0000,13.3300,1746972,0
20160526,13.4000,13.4900,13.2900,13.3500,2052497,0
20160527,13.3400,13.6000,13.2800,13.4800,2215788,0
20160531,13.5100,13.8200,13.4900,13.7100,3902474,0
20160601,13.3900,13.6500,13.2300,13.5900,3044233,0
20160602,13.5500,13.6600,13.3500,13.6300,2123367,0
20160603,13.5700,13.6100,13.0500,13.2600,2150858,0
20160606,13.2800,13.6600,13.2500,13.5800,2258019,0
20160607,13.5800,13.6700,13.2850,13.4200,1984056,0
20160608,13.4600,13.6200,13.4000,13.4400,1304042,0
20160609,13.3100,13.3600,13.1000,13.2100,1675977,0
20160610,13.0100,13.1000,12.8400,12.9500,1798006,0
20160613,12.8900,13.0100,12.7500,12.7500,2778286,0
20160614,12.6900,12.8200,12.1400,12.1500,3391620,0
20160615,12.1700,12.4300,12.0500,12.2200,3208574,0
20160616,12.1500,12.1500,11.8700,12.0600,2699527,0
20160617,12.0800,12.2000,11.9800,12.1200,4312145,0
20160620,12.3700,12.4600,12.2000,12.2600,1607887,0
20160621,12.2900,12.3900,12.1500,12.2400,2231600,0
20160622,12.2300,12.3700,12.0400,12.0700,1775329,0
20160623,12.3000,12.4900,12.3000,12.3500,4032699,0
20160624,11.6900,11.9800,11.4900,11.6700,4810496,0
20160627,11.5000,11.5550,11.0100,11.0100,2228469,0
20160628,11.2200,11.4800,11.2200,11.4200,2357284,0
20160629,11.5900,11.7300,11.4400,11.7000,2522303,0
20160630,11.7800,11.9600,11.4500,11.9500,2298812,0
20160701,11.9400,12.3600,11.9200,12.3000,2832285,0
20160705,12.1700,12.3000,11.5900,11.7900,2489911,0
20160706,11.7100,11.8300,11.5300,11.8100,2140813,0
20160707,11.8000,12.3000,11.7500,12.1500,1880044,0
20160708,12.3500,12.7300,12.2400,12.6900,2389468,0
20160711,12.8200,13.1600,12.8000,13.1100,2180994,0
20160712,13.3000,13.8500,13.2450,13.6400,3345958,0
20160713,13.7300,13.7300,13.4200,13.6200,2928562,0
20160714,13.8600,13.9600,13.6250,13.7400,1808960,0
20160715,13.8100,13.9100,13.6900,13.8600,1879542,0
20160718,13.8200,14.0000,13.8200,13.8800,1873157,0
20160719,13.8600,13.9500,13.7000,13.7700,3076209,0
20160720,14.0000,14.4700,13.8000,14.3700,3933713,0
20160721,14.2200,14.4800,14.1000,14.2900,3003119,0
20160722,14.3200,14.4300,14.2300,14.4000,2249390,0
20160725,14.3800,14.4000,14.1400,14.1700,2440798,0
20160726,14.1800,14.4050,14.1000,14.2200,2467893,0
20160727,14.2700,14.4700,14.0300,14.1100,3324316,0
20160728,14.1100,14.2300,13.9700,14.0900,1779407,0
20160729,14.0000,14.2200,13.8950,14.2000,2757040,0
20160801,14.1700,14.2600,13.9750,13.9900,1340024,0
20160802,13.9800,14.1100,13.5200,13.5400,2831202,0
20160803,13.5400,13.8400,13.5300,13.8300,2478602,0
20160804,13.8000,14.3100,13.8000,14.2400,2742201,0
20160805,14.3700,14.5900,14.3400,14.5300,3540885,0
20160808,14.5700,14.6500,14.3000,14.3600,2397656,0
20160809,14.3900,14.5000,14.1900,14.2100,2206492,0
20160810,14.2100,14.2200,13.5500,13.6100,3524352,0
20160811,13.7000,13.8180,13.5900,13.6400,2321960,0
20160812,13.6100,13.6200,13.3200,13.4900,2349610,0
20160815,13.5700,13.8400,13.4900,13.8200,1617979,0
20160816,13.7200,13.9600,13.5720,13.9100,2352630,0
20160817,13.9800,14.6200,13.8900,14.5400,4934288,0
20160818,14.5700,14.6550,14.4100,14.5600,2493347,0
20160819,14.4700,14.5200,14.1400,14.1500,1828154,0
20160822,14.1200,14.3800,14.0300,14.3700,1764057,0
20160823,14.4600,14.6100,14.4600,14.5100,1591082,0
20160824,14.4900,14.6700,14.3100,14.3500,2046632,0
20160825,14.3600,14.4200,14.2500,14.3500,1730425,0
20160826,14.4200,14.5900,14.1300,14.2500,1591284,0
20160829,14.2300,14.3900,14.1700,14.1700,2183838,0
20160830,14.1700,14.4600,14.1700,14.4100,2092319,0
20160831,14.2500,14.5200,14.1100,14.3800,4866009,0
20160901,14.4400,14.5400,14.1400,14.3800,1893872,0
20160902,14.4500,14.5300,14.1400,14.4800,1541268,0
20160906,14.4900,14.6400,14.2200,14.3800,2000161,0
20160907,14.3400,14.7400,14.2800,14.7000,2616187,0
20160908,14.7200,14.8200,14.6600,14.6800,2063469,0
20160909,14.6100,14.7000,14.2300,14.2300,2037297,0
20160912,14.0900,14.5200,13.9300,14.4000,3378264,0
20160913,14.1900,14.2400,13.6600,13.8000,2855698,0
20160914,13.7800,13.8700,13.4200,13.5600,3689436,0
20160915,13.5600,13.9700,13.4900,13.8300,2506595,0
20160916,13.6600,13.7600,13.4600,13.5800,5048983,0
20160919,13.7300,13.9800,13.6300,13.7700,3119941,0
20160920,13.8800,13.9700,13.7800,13.7900,2042120,0
20160921,13.8600,13.9000,13.1400,13.2800,5979803,0
20160922,13.3700,13.7900,13.3100,13.7200,3637854,0
20160923,13.7000,14.0100,13.6800,13.8800,3241341,0
20160926,13.8800,13.9000,13.7300,13.8800,2212793,0
20160927,13.9400,14.5600,13.9016,14.4900,3665921,0
20160928,14.5200,14.6350,14.2900,14.5600,2192771,0
20160929,14.5500,14.6600,14.1600,14.3100,2837802,0
20160930,14.4100,14.6800,14.1200,14.4700,2902972,0
20161003,14.3700,14.4900,14.2200,14.3300,3115473,0
20161004,14.3500,14.7000,14.3100,14.6400,2718982,0
20161005,14.7300,14.9200,14.6400,14.7800,3440670,0
20161006,14.7500,14.8250,14.5550,14.7100,1956497,0
20161007,14.7200,14.7550,14.5400,14.5600,1940250,0
20161010,14.6900,14.7900,14.3300,14.3700,3626742,0
20161011,14.3300,14.4400,14.0300,14.1100,3371489,0
20161012,14.1300,14.2600,14.0925,14.1100,2423308,0
20161013,13.9700,14.0200,13.7800,13.9000,2359826,0
20161014,14.0400,14.1600,13.8300,13.9100,2774881,0
20161017,13.8700,13.9700,13.5300,13.5650,4050846,0
20161018,13.7400,13.9394,13.4000,13.6100,3345500,0
20161019,14.0000,14.2300,13.2700,13.4500,5460501,0
20161020,13.3500,13.6300,13.1400,13.2100,3587826,0
20161021,13.1500,13.2700,13.0200,13.0300,3603181,0
20161024,13.1000,13.3400,13.1000,13.1900,2555267,0
20161025,13.1100,13.2750,13.0100,13.1500,2127592,0
20161026,13.0800,13.2500,13.0100,13.1400,2235169,0
20161027,13.1900,13.2050,12.8300,12.8300,2760932,0
20161028,12.8700,13.1500,12.8300,12.9000,2621233,0
20161031,12.9200,13.0200,12.6600,12.7800,3534511,0
20161101,12.8700,13.0700,12.7700,13.0300,4255843,0
20161102,13.0300,13.3300,12.9400,13.2700,4460860,0
20161103,13.2800,13.5600,13.1500,13.2300,3469781,0
20161104,13.2800,13.6400,13.1900,13.3200,3198708,0
20161107,13.6300,13.7900,13.4700,13.5600,3413112,0
20161108,13.3900,13.6850,13.3200,13.4600,3104322,0
20161109,14.7450,16.2300,14.5400,15.7700,12641269,0
20161110,16.0200,16.9000,16.0100,16.8400,7921819,0
20161111,16.7600,17.0800,16.6000,17.0500,4989302,0
20161114,17.1300,17.6200,17.1000,17.5900,5278983,0
20161115,17.3500,17.4800,16.7100,17.4200,4915172,0
20161116,17.2600,17.7700,17.0100,17.6900,2836967,0
20161117,17.7300,17.7800,17.5200,17.6900,3617359,0
20161118,17.7400,17.7500,17.5500,17.6200,2871589,0
20161121,17.7400,17.8600,17.6000,17.7200,2368135,0
20161122,17.8100,17.9500,17.3997,17.4400,4325300,0
20161123,17.5200,17.9100,17.4462,17.8500,2836019,0
20161125,17.8600,17.8800,17.4600,17.6500,1088344,0
20161128,17.5600,17.7100,17.2350,17.4900,2256994,0
20161129,17.5100,17.7300,17.1700,17.1900,2861160,0
20161130,17.2700,17.4300,17.1050,17.2300,3656483,0
20161201,17.3500,17.5400,16.8603,16.9300,3767734,0
20161202,16.9300,17.0800,16.6100,16.6600,2436629,0
20161205,16.8500,17.0500,16.6900,17.0000,2482707,0
20161206,16.9700,17.1600,16.6700,17.0300,3136574,0
20161207,17.0100,17.4800,16.8600,17.2800,3000226,0
20161208,17.1000,17.3200,16.6250,17.0900,3820733,0
20161209,17.2000,17.4300,16.9900,17.3100,2819327,0
20161212,17.3100,17.3100,16.5240,16.7000,2940617,0
20161213,16.8500,16.9400,16.3125,16.3600,2766140,0
20161214,16.3200,16.7600,16.1200,16.3700,3188197,0
20161215,16.4200,16.9750,16.2800,16.8000,3416519,0
20161216,16.7400,16.8900,16.2500,16.3700,7122761,0
20161219,16.4400,16.7400,16.4400,16.6900,2741342,0
20161220,16.7600,16.8000,16.5500,16.7300,2621588,0
20161221,16.7500,16.8200,16.6200,16.6900,1270707,0
20161222,16.6800,16.7200,16.4300,16.6300,1612060,0
20161223,16.5800,16.7100,16.4800,16.6600,958149,0
20161227,16.6700,16.8000,16.5400,16.6800,1035641,0
20161228,16.6900,16.6900,16.3400,16.4500,1360781,0
20161229,16.4400,16.6800,16.2750,16.3800,996389,0
20161230,16.4100,16.5400,16.2500,16.4300,1474995,0
20170103,16.6400,16.9000,16.3600,16.6200,2881840,0
20170104,16.3300,16.8400,16.3300,16.8300,2579932,0
20170105,16.8000,16.9500,16.4400,16.5200,1947635,0
20170106,16.6800,16.9450,16.5600,16.8100,2138292,0
20170109,16.7500,16.7850,16.4200,16.5000,1867293,0
20170110,16.6100,16.9200,16.5000,16.8200,2634555,0
20170111,16.8000,16.8600,16.6300,16.8500,1960662,0
20170112,16.7700,16.8100,16.2900,16.5500,2131656,0
20170113,16.6400,17.0500,16.5600,16.8500,2146469,0
20170117,16.5800,16.6050,15.6750,15.7700,3598424,0
20170118,15.7800,16.0700,15.0600,16.0500,6732140,0
20170119,15.7600,15.9200,15.5600,15.8600,2668623,0
20170120,15.9400,16.2600,15.7700,15.9600,3158368,0
20170123,15.9300,16.1600,15.7000,15.9100,1923008,0
20170124,16.0000,16.2900,15.8500,16.2100,2814188,0
20170125,15.1900,15.7850,15.1100,15.7200,3980530,0
20170126,15.5000,15.5000,15.2000,15.2900,2969286,0
20170127,15.2500,15.3200,15.1200,15.2100,2148608,0
20170130,15.0400,15.1300,14.7600,15.1100,1983741,0
20170131,15.0700,15.2800,14.7600,15.0400,3211873,0
20170201,15.1700,15.3900,14.9400,15.0000,3777473,0
20170202,14.9400,15.2400,14.9000,15.1100,2356160,0
20170203,15.2200,15.5050,15.1300,15.4900,2797547,0
20170206,15.3900,15.6100,15.2900,15.4800,1890715,0
20170207,15.4800,15.5500,15.2100,15.3300,1822109,0
20170208,15.2600,15.3500,15.0800,15.2900,1471273,0
20170209,15.3800,15.5100,15.2400,15.3900,2234604,0
20170210,15.4700,15.6600,15.3900,15.5800,1390015,0
20170213,15.6700,15.8400,15.5700,15.6600,1812651,0
20170214,15.5300,15.8600,15.5200,15.7900,1662912,0
20170215,15.7100,15.8439,15.5350,15.6900,2174372,0
20170216,15.6600,15.7600,15.4400,15.4900,1687181,0
20170217,15.4300,15.5000,15.0200,15.4500,1690099,0
20170221,15.4500,15.7600,15.4000,15.4600,1981832,0
20170222,15.3700,15.6000,15.3200,15.5100,1539102,0
20170223,15.5400,15.7000,15.2700,15.4700,1422462,0
20170224,15.2500,15.5050,15.1200,15.3800,1516476,0
20170227,15.3800,15.6200,15.3500,15.5700,1309172,0
20170228,15.5500,15.5700,15.1800,15.4100,3071702,0
20170301,15.4400,15.8200,15.2200,15.3400,2525218,0
20170302,15.3000,15.3529,14.9300,14.9300,2606596,0
20170303,15.0200,15.1000,14.7500,14.9050,2809792,0
20170306,14.7200,14.8500,14.3600,14.6000,2496084,0
20170307,14.6400,14.8300,14.5100,14.5400,2770926,0
20170308,14.5600,14.7950,14.4300,14.5100,2394312,0
20170309,14.5500,14.6950,14.3600,14.4600,2043883,0
20170310,14.5300,14.6600,14.3550,14.5200,1825245,0
20170313,14.5500,14.6100,14.4400,14.5100,1481331,0
20170314,14.4000,14.5000,14.1400,14.4600,1840079,0
20170315,14.5200,14.7500,14.4900,14.6600,1708692,0
20170316,14.7800,14.8400,14.5200,14.6400,2976179,0
20170317,14.6900,15.0200,14.6150,14.9900,5402298,0
20170320,14.9300,14.9900,14.6700,14.7100,2102959,0
20170321,14.7800,14.7800,14.0500,14.0600,2874443,0
20170322,13.9800,14.0600,13.7700,13.9200,3536511,0
20170323,13.9600,14.1950,13.8700,14.0300,2833289,0
20170324,14.0200,14.1100,13.8700,13.9900,1739422,0
20170327,13.7900,14.0200,13.6700,14.0000,1995567,0
20170328,13.9600,14.6200,13.7500,14.5000,2148515,0
20170329,14.4900,14.6550,14.4000,14.5200,1507671,0
20170330,14.5300,14.9300,14.3800,14.8700,1514289,0
20170331,14.8200,14.9200,14.7300,14.7600,1904055,0
20170403,14.8300,14.9200,14.5400,14.7500,2582709,0
20170404,14.6700,14.8250,14.5400,14.7300,2173063,0
20170405,14.8500,14.9700,14.4100,14.4300,2695040,0
20170406,14.4400,14.7200,14.3600,14.6200,2242015,0
20170407,14.5600,14.7900,14.4600,14.6800,1864782,0
20170410,14.7300,14.8900,14.5850,14.6300,1764915,0
20170411,14.5200,14.9000,14.4600,14.8900,1565037,0
20170412,14.8800,14.9250,14.5750,14.6700,2383192,0
20170413,14.6000,14.9500,14.6000,14.6800,2280462,0
20170417,14.7100,14.9600,14.6100,14.9300,1563559,0
20170418,14.8100,15.1200,14.7800,15.0500,3028359,0
20170419,15.1000,15.1900,14.1500,15.1100,4874667,0
20170420,15.1300,16.1300,15.0900,16.0100,4126210,0
20170421,16.0000,16.3900,15.7700,15.7800,4150937,0
20170424,16.1600,16.2400,15.7600,15.7600,3665474,0
20170425,15.8800,15.9800,15.8000,15.8700,1992849,0
20170426,15.9200,16.0500,15.7300,15.8600,1556480,0
20170427,15.8600,15.9600,15.5300,15.5400,2244263,0
20170428,15.5100,15.5100,15.1150,15.2000,2680792,0
20170501,15.2300,15.4800,15.2050,15.4500,2672292,0
20170502,15.4600,15.5100,15.2700,15.4100,2292194,0
20170503,15.3400,15.5000,15.2900,15.4500,1904848,0
20170504,15.5000,15.6700,15.1150,15.1600,1791867,0
20170505,15.1800,15.2850,14.9700,14.9800,1640684,0
20170508,15.0200,15.0900,14.6800,14.7400,1824125,0
20170509,14.7400,14.8300,14.5200,14.6000,2581689,0
20170510,14.5200,14.5950,14.2000,14.4700,2841515,0
20170511,14.4000,14.4700,14.1600,14.3500,2354402,0
20170512,14.3000,14.3200,13.9600,14.0000,1862517,0
20170515,14.0100,14.4000,14.0000,14.4000,2554192,0
20170516,14.4000,14.5000,14.3100,14.4200,1994747,0
20170517,14.1200,14.1900,13.6100,13.6400,2491270,0
20170518,13.6200,13.8200,13.3600,13.7100,2412149,0
20170519,13.7300,14.1400,13.6550,13.9400,1893098,0
20170522,14.0600,14.1300,13.9200,14.0700,1661360,0
20170523,14.0500,14.3400,13.9700,14.2400,2960982,0
20170524,14.2900,14.4200,14.1800,14.4100,2428720,0
20170525,14.4000,14.6000,14.3100,14.3900,2104365,0
20170526,14.3300,14.5550,14.2700,14.4800,1787880,0
20170530,14.3800,14.7700,14.3400,14.6800,3523281,0
20170531,14.6000,14.6000,14.0600,14.4300,4628333,0
20170601,14.4800,14.6450,14.3000,14.6300,2436112,0
20170602,14.6100,14.6200,14.2000,14.2200,3229128,0
20170605,14.2100,14.3900,14.0900,14.2700,1875242,0
20170606,14.1400,14.4550,14.0200,14.4300,1745350,0
20170607,14.5200,14.7000,14.4600,14.6300,2387924,0
20170608,14.6000,15.0600,14.5200,14.9100,2805352,0
20170609,14.9600,15.3900,14.9600,15.2600,2564012,0
20170612,15.2300,15.6700,15.2100,15.4800,2723683,0
20170613,15.5000,15.6500,15.3300,15.5700,2511316,0
20170614,15.4800,15.6950,15.2600,15.6500,1662043,0
20170615,15.5400,15.9700,15.5400,15.8500,1942237,0
20170616,15.5700,15.8600,15.4300,15.5250,6943469,0
20170619,15.6200,16.5250,15.4050,16.4300,3892229,0
20170620,16.3900,16.5700,16.2700,16.4400,2995127,0
20170621,16.4000,16.4300,15.7800,15.9800,3264689,0
20170622,15.9700,16.0200,15.7200,15.8700,2314401,0
20170623,15.9500,16.1650,15.8200,15.9600,2827202,0
20170626,16.0500,16.4300,15.9900,16.2900,1899049,0
20170627,16.3300,16.5600,16.3000,16.4900,1756475,0
20170628,16.5900,16.7100,16.4100,16.6500,2300485,0
20170629,16.7500,16.9700,16.4600,16.6400,1936329,0
20170630,16.7200,16.8000,16.5900,16.6500,1988823,0
20170703,16.8000,16.9300,16.6500,16.8100,1537931,0
20170705,16.8200,16.8900,16.4600,16.6800,3109659,0
20170706,16.6200,16.7000,16.0350,16.0500,4110506,0
20170707,16.1300,16.2500,15.9500,16.1800,2630407,0
20170710,16.1900,16.5300,16.0500,16.3900,2118428,0
20170711,16.3500,16.4000,16.1600,16.3200,1264400,0
20170712,16.3400,16.6650,16.2900,16.5700,1341220,0
20170713,16.6000,16.7200,16.2900,16.6300,1798706,0
20170714,16.5000,16.6850,16.3700,16.5700,1181757,0
20170717,16.5200,16.6800,16.4000,16.4900,1321625,0
20170718,16.4300,16.4800,16.2420,16.4000,2063148,0
20170719,16.9200,16.9200,15.2700,15.2900,4366181,0
20170720,15.2000,15.2900,14.8900,14.9300,3270450,0
20170721,14.9400,15.0900,14.8000,14.9500,2284987,0
20170724,14.9000,15.0700,14.8200,14.8600,1738553,0
20170725,14.9600,15.2350,14.8400,15.0000,2761127,0
20170726,14.9500,14.9900,14.6100,14.6500,1973939,0
20170727,14.6300,14.7300,14.4600,14.5900,1533348,0
20170728,14.5900,14.7350,14.5600,14.6800,1199275,0
20170731,14.7300,14.9550,14.6900,14.7500,1599787,0
20170801,14.7500,14.9500,14.7000,14.8500,1844291,0
20170802,14.7900,14.8800,14.3200,14.3200,2573924,0
20170803,14.3100,14.5900,14.1950,14.2200,1907647,0
20170804,14.2900,14.4000,14.0900,14.2700,2976414,0
20170807,14.2950,14.6800,14.2950,14.5500,1390175,0
20170808,14.5000,14.6650,14.3650,14.4800,1441581,0
20170809,14.3400,14.4100,14.0800,14.1500,1508714,0
20170810,14.0400,14.1500,13.6900,13.7000,1766879,0
20170811,13.7700,13.9100,13.5600,13.6800,1476261,0
20170814,13.7800,14.1000,13.7800,13.9300,1310914,0
20170815,13.9800,14.0600,13.7900,13.8100,1182717,0
20170816,13.9000,14.1500,13.8800,14.0000,1648226,0
20170817,13.9300,14.0500,13.6350,13.6400,1346551,0
20170818,13.6000,13.7100,13.5400,13.6000,1541210,0
20170821,13.5700,13.6400,13.3600,13.5100,1303153,0
20170822,13.5700,13.7000,13.5100,13.6600,1228538,0
20170823,13.5400,13.8100,13.4400,13.6300,1133030,0
20170824,13.6900,13.7400,13.6000,13.6200,994675,0
20170825,13.6700,13.7900,13.6300,13.6300,1069537,0
20170828,13.6700,13.7200,13.5100,13.6000,1101802,0
20170829,13.3800,13.6400,13.3800,13.5200,1537101,0
20170830,13.3800,13.4550,13.2500,13.2800,2153969,0
20170831,13.3900,13.3900,13.1700,13.2000,2857305,0
20170901,13.2500,13.8000,13.2500,13.7500,2968233,0
20170905,13.8600,13.9600,13.6200,13.8400,2865702,0
20170906,13.9100,14.2050,13.7600,13.8000,2296473,0
20170907,13.7800,13.8000,13.0900,13.1400,3185247,0
20170908,13.3600,13.9100,13.2700,13.5100,4211021,0
20170911,13.6100,14.2100,13.6100,14.1300,3144213,0
20170912,14.1400,14.5700,14.0400,14.4200,2165877,0
20170913,14.4100,14.5800,14.3600,14.4400,2235976,0
20170914,14.2200,14.3514,13.7600,13.7800,3848253,0
20170915,13.7500,13.9400,13.5500,13.9400,6309434,0
20170918,14.0300,14.1600,13.8400,13.9600,3071011,0
20170919,13.9500,14.1200,13.8700,14.0700,1772997,0
20170920,14.0500,14.1500,13.8000,14.0600,1917897,0
20170921,14.0800,14.1300,13.7600,14.0300,2182411,0
20170922,14.0200,14.8000,14.0000,14.7800,2738469,0
20170925,14.7800,14.9700,14.6400,14.8200,2014608,0
20170926,14.8600,15.2200,14.7000,15.1800,2769823,0
20170927,15.2500,15.6050,15.0900,15.5300,2614219,0
20170928,15.5600,15.6100,14.8850,14.9200,3847477,0
20170929,14.9500,15.2200,14.8900,15.0200,2603050,0
20171002,15.0100,15.0200,14.6900,14.9000,4380708,0
20171003,14.9700,15.1000,14.9100,14.9600,1669570,0
20171004,14.9600,14.9700,14.6500,14.7000,1763873,0
20171005,13.8600,13.9400,12.5537,12.6050,15074604,0
20171006,12.6100,12.7800,12.5101,12.6000,5121744,0
20171009,12.7100,12.7100,12.0900,12.2200,4307157,0
20171010,12.2800,12.5300,12.2400,12.4700,3906665,0
20171011,12.4300,12.4700,11.7100,11.7900,6188803,0
20171012,11.7600,11.9800,11.6700,11.8000,5779303,0
20171013,11.7700,11.8800,11.4810,11.6200,3896953,0
20171016,11.5800,11.7600,11.5100,11.7300,3595165,0
20171017,11.9600,12.2850,11.7100,12.2000,8301911,0
20171018,12.3800,12.4500,11.9300,11.9800,5049761,0
20171019,11.9300,12.4000,11.8500,12.3100,3654458,0
20171020,12.4600,12.5100,12.2500,12.3600,4127481,0
20171023,12.3400,12.4300,12.1400,12.1800,2682607,0
20171024,12.2500,12.2500,12.0600,12.1000,2704771,0
20171025,12.3600,12.3700,11.5400,11.7900,6570724,0
20171026,11.8400,12.1800,11.8000,11.9500,4951641,0
20171027,11.8800,12.0200,11.7100,11.8500,3469752,0
20171030,11.8100,12.0900,11.7100,11.8300,4852282,0
20171031,11.8500,12.5000,11.8100,12.4600,5089850,0
20171101,12.4600,12.6650,12.0600,12.1000,5217275,0
20171102,12.1100,12.4200,11.9100,12.3600,5187556,0
20171103,12.3300,12.4200,12.0900,12.2200,3894991,0
20171106,12.1700,12.5900,12.1050,12.3800,3001644,0
20171107,12.3500,12.4150,12.0700,12.0900,2447014,0
20171108,12.1100,12.3500,11.8800,12.0500,2487465,0
20171109,11.9600,12.3300,11.9100,12.1400,2483736,0
20171110,12.1000,12.2800,12.0450,12.2100,2315307,0
20171113,12.1600,12.1700,11.8400,12.0800,2529026,0
20171114,12.0100,12.4300,11.8650,12.3500,4692352,0
20171115,12.1900,12.6700,11.9400,12.6100,5172827,0
20171116,12.6200,12.9500,12.4000,12.7600,4808565,0
20171117,12.5500,12.8400,12.4300,12.4900,4790248,0
20171120,12.5000,12.8300,12.4300,12.8200,3508559,0
20171121,12.8500,12.9000,12.3250,12.5900,3904883,0
20171122,12.6200,12.7300,12.3900,12.4500,2126973,0
20171124,12.4900,12.5400,12.2800,12.3400,1236438,0
20171127,12.3500,12.3500,11.9500,11.9800,3513082,0
20171128,11.9400,12.5000,11.8600,12.4600,3564203,0
20171129,12.1600,12.8800,11.8800,12.8300,5407446,0
20171130,12.6900,12.8300,12.3600,12.6100,16108928,0
20171201,12.6500,13.1000,12.4100,13.0100,5294264,0
20171204,13.2500,13.3700,13.0600,13.2700,4083508,0
20171205,13.3000,13.4200,13.0300,13.1300,3273888,0
20171206,13.1600,13.1750,12.8250,12.9100,2681730,0
20171207,12.8800,13.0200,12.6700,12.7300,3941433,0
20171208,12.8200,12.8700,12.1900,12.7600,5034760,0
20171211,12.8300,12.9400,12.6000,12.7600,4653777,0
20171212,12.8000,13.2100,12.7700,12.9600,3588860,0
20171213,12.9400,13.3050,12.9000,12.9400,6558225,0
20171214,12.9100,13.1400,12.5800,12.6200,4324269,0
20171215,12.6400,13.2700,12.5600,13.2000,9630419,0
20171218,13.3400,13.5300,13.2100,13.2700,4079508,0
20171219,13.3100,13.3800,13.1300,13.1300,2847469,0
20171220,13.2000,13.2200,13.0000,13.0900,2389696,0
20171221,13.1600,13.2850,13.0700,13.1200,1918175,0
20171222,13.2700,13.3800,13.1600,13.3500,2273962,0
20171226,13.3800,13.6401,13.3500,13.4600,1731008,0
20171227,13.4600,13.5800,13.1600,13.2100,1681401,0
20171228,13.2300,13.4000,13.1435,13.3700,1167360,0
20171229,13.4000,13.5150,13.2700,13.3200,1727060,0
20180102,13.4500,13.7700,13.3400,13.6300,3488499,0
20180103,13.5700,13.7900,13.5500,13.7800,2506703,0
20180104,13.8600,14.0300,13.8050,13.9400,2922064,0
20180105,14.0000,14.0300,13.8200,14.0100,2028349,0
20180108,13.9700,13.9800,13.4800,13.6900,3221065,0
20180109,13.6400,13.7100,13.4800,13.5200,2926721,0
20180110,13.6100,13.7800,13.5400,13.6800,3181006,0
20180111,13.7400,14.0600,13.7300,13.9700,3699255,0
20180112,13.7100,14.0300,13.6600,13.8800,3856537,0
20180116,14.0000,14.1300,13.7300,13.7500,3337193,0
20180117,13.8300,13.9000,13.6200,13.7100,1930585,0
20180118,13.6700,13.8100,13.3000,13.3500,2499915,0
20180119,13.3100,13.6100,13.3100,13.6000,2821127,0
20180122,13.6200,13.6853,13.4500,13.5200,3298427,0
20180123,13.4600,13.5900,13.1500,13.4400,5296634,0
20180124,13.2700,14.6500,13.2700,14.5100,8504777,0
20180125,14.7600,14.8700,14.5650,14.6600,2767081,0
20180126,14.6500,14.7000,14.2700,14.5400,2127618,0
20180129,14.4800,14.5800,14.3800,14.3900,2092099,0
20180130,14.2900,14.4900,14.2300,14.2300,2864881,0
20180131,14.2300,14.4500,14.1300,14.2500,2565165,0
20180201,14.1900,14.5500,14.0900,14.5300,2471716,0
20180202,14.5000,14.5150,14.0750,14.2100,3125474,0
20180205,14.0400,14.2300,13.4250,13.6300,3684814,0
20180206,13.1900,13.8100,13.0800,13.7600,3914452,0
20180207,13.6600,14.2500,13.6600,14.0400,3725495,0
20180208,14.0200,14.0800,13.3800,13.3800,3281866,0
