DATE, OPEN, HIGH, LOW, CLOSE, VOL, p
20110128,25.40,25.40,25.00,25.00,2611898,0
20110131,24.98,26.50,24.75,26.07,2505211,0
20110201,26.45,26.63,25.50,25.75,2155209,0
20110202,25.98,26.33,25.74,25.95,1173080,0
20110203,25.76,26.08,25.75,25.95,668254,0
20110204,26.05,27.10,25.75,26.08,720171,0
20110207,26.05,26.20,25.64,25.79,1204798,0
20110208,25.70,26.06,25.65,26.03,3631928,0
20110209,25.97,26.20,25.53,25.58,873112,0
20110210,25.50,25.64,25.00,25.40,1149511,0
20110211,26.02,26.02,25.11,25.22,2107853,0
20110214,25.47,25.47,25.11,25.37,1122490,0
20110215,25.32,25.42,25.06,25.38,887491,0
20110216,25.31,26.00,25.31,26.00,853316,0
20110217,25.88,27.21,25.88,27.01,1733035,0
20110218,27.08,27.84,26.88,27.69,2991074,0
20110222,27.15,27.49,26.21,26.42,1109310,0
20110223,26.15,26.72,25.97,26.66,1125323,0
20110224,26.46,26.52,25.94,25.95,496901,0
20110225,26.04,26.16,25.78,25.99,556020,0
20110228,26.11,26.74,25.96,26.59,872315,0
20110301,26.00,27.50,25.92,27.13,1033470,0
20110302,27.05,27.25,26.74,26.92,419643,0
20110303,26.84,26.94,26.07,26.74,2173582,0
20110304,26.52,27.04,26.32,26.55,719079,0
20110307,27.27,27.84,26.85,27.00,1476515,0
20110308,27.00,27.49,26.90,27.10,921279,0
20110309,27.00,27.18,26.68,26.97,470780,0
20110310,26.47,26.94,25.87,26.02,1128266,0
20110311,25.81,26.48,25.81,26.00,706848,0
20110314,25.79,26.76,25.77,26.46,786570,0
20110315,25.90,26.58,25.81,26.34,859551,0
20110316,26.32,26.38,25.71,26.03,1261035,0
20110317,26.43,26.49,26.04,26.09,363563,0
20110318,26.20,26.66,26.20,26.64,663809,0
20110321,26.65,27.06,26.44,27.00,377505,0
20110322,26.91,27.47,26.82,27.15,720548,0
20110323,27.01,27.38,26.63,26.78,811977,0
20110324,26.85,27.14,26.43,27.06,225155,0
20110325,27.21,28.15,27.21,27.62,475112,0
20110328,27.58,28.02,27.34,27.49,605216,0
20110329,27.52,27.94,27.31,27.94,410800,0
20110330,28.01,28.15,27.62,27.82,911933,0
20110331,27.84,27.95,27.15,27.31,5847396,0
20110401,27.40,27.66,27.01,27.29,609793,0
20110404,27.28,28.00,27.28,27.75,945486,0
20110405,27.64,27.64,27.17,27.41,273377,0
20110406,27.49,27.53,27.06,27.50,653838,0
20110407,27.39,27.61,26.94,27.48,242400,0
20110408,27.77,27.77,26.91,27.03,446005,0
20110411,27.00,27.97,26.88,27.65,483623,0
20110412,27.48,28.26,27.32,28.08,1260285,0
20110413,28.18,28.42,27.93,28.07,1031564,0
20110414,27.97,28.05,27.48,27.66,161663,0
20110415,27.63,28.03,27.54,28.02,246769,0
20110418,27.70,27.88,27.22,27.30,311465,0
20110419,27.30,28.19,27.27,27.60,371104,0
20110420,27.92,28.00,27.14,27.28,1493472,0
20110421,27.48,29.23,27.48,28.75,1009424,0
20110425,28.87,29.06,27.81,28.60,1074140,0
20110426,28.60,28.74,28.09,28.47,491122,0
20110427,28.57,29.11,28.52,28.72,848455,0
20110428,28.77,31.50,28.65,29.32,2091129,0
20110429,29.38,30.10,29.27,29.89,1065551,0
20110502,29.89,30.15,29.74,29.83,437743,0
20110503,29.85,29.95,29.26,29.35,470631,0
20110504,29.50,29.58,28.58,28.85,598990,0
20110505,28.77,29.83,28.75,29.77,415510,0
20110506,29.94,30.13,29.60,29.83,198457,0
20110509,29.90,30.78,29.78,30.29,742140,0
20110510,30.43,30.85,30.09,30.22,328480,0
20110511,30.41,30.50,30.04,30.19,701908,0
20110512,30.08,30.52,29.35,30.27,657188,0
20110513,30.37,30.72,29.91,30.60,383609,0
20110516,30.49,31.47,30.20,30.90,694375,0
20110517,30.89,32.62,30.89,32.06,1766229,0
20110518,31.13,32.33,30.73,32.03,1327343,0
20110519,31.90,32.15,31.35,31.70,643998,0
20110520,31.73,32.07,31.50,31.94,599317,0
20110523,31.69,32.03,31.21,31.45,732878,0
20110524,31.74,31.75,30.13,30.61,1721396,0
20110525,30.61,31.86,30.33,30.74,1114318,0
20110526,30.77,31.20,30.54,31.02,669025,0
20110527,31.31,31.83,31.09,31.36,1110116,0
20110531,31.78,33.00,31.25,31.49,4235962,0
20110601,31.59,31.68,30.70,30.83,618092,0
20110602,30.90,32.11,30.85,32.00,597530,0
20110603,31.65,31.96,31.14,31.62,360271,0
20110606,31.64,31.79,31.07,31.15,281149,0
20110607,31.18,32.06,31.15,31.77,782971,0
20110608,31.64,31.85,31.38,31.44,397145,0
20110609,31.55,31.55,31.13,31.49,153172,0
20110610,31.43,31.43,30.29,30.56,280867,0
20110613,30.54,31.27,30.48,30.64,508896,0
20110614,30.82,31.20,30.57,30.61,242153,0
20110615,30.36,31.16,29.72,29.74,848105,0
20110616,29.71,29.90,28.59,29.13,1063265,0
20110617,29.27,31.17,29.27,30.28,1302419,0
20110620,30.16,30.25,29.39,29.54,515381,0
20110621,29.50,30.74,29.32,30.55,290951,0
20110622,30.38,30.50,29.94,30.01,345874,0
20110623,29.78,30.93,29.53,30.75,927863,0
20110624,30.67,30.78,29.66,29.97,1285592,0
20110627,29.92,30.15,29.34,29.40,285785,0
20110628,29.70,30.08,29.13,29.93,435357,0
20110629,29.97,30.72,29.73,30.50,629496,0
20110630,30.63,31.68,30.43,31.16,779482,0
20110701,31.11,31.29,30.17,30.84,627971,0
20110705,30.74,30.95,30.20,30.90,190355,0
20110706,30.91,31.20,30.41,30.69,307185,0
20110707,30.84,31.80,30.72,31.36,210316,0
20110708,30.93,31.01,30.31,30.62,150140,0
20110711,30.32,30.51,30.00,30.08,106430,0
20110712,29.84,30.36,29.75,30.05,289659,0
20110713,30.31,31.12,29.97,30.10,197729,0
20110714,30.10,30.44,29.61,30.30,504415,0
20110715,30.68,31.48,30.68,31.04,516933,0
20110718,30.99,31.12,30.14,30.53,347401,0
20110719,30.63,31.34,30.63,30.84,286977,0
20110720,30.81,31.00,30.10,30.22,441789,0
20110721,30.50,30.74,30.33,30.51,1397647,0
20110722,30.62,31.35,30.46,30.94,754067,0
20110725,30.58,31.09,30.24,30.38,719386,0
20110726,30.40,30.57,30.16,30.29,432518,0
20110727,30.06,30.65,29.89,30.39,1087854,0
20110728,30.76,31.83,30.32,30.39,824328,0
20110729,30.03,30.14,29.68,29.96,1749928,0
20110801,30.22,30.48,29.70,29.89,502701,0
20110802,29.67,30.00,28.94,29.00,436354,0
20110803,28.92,29.15,28.41,29.11,607954,0
20110804,28.66,28.99,28.11,28.12,909037,0
20110805,28.33,28.53,26.74,27.65,1560536,0
20110808,26.75,27.44,26.06,26.12,1136219,0
20110809,26.36,27.06,25.79,27.05,1107152,0
20110810,26.59,27.41,26.37,26.47,1437777,0
20110811,26.70,27.64,26.42,27.43,944823,0
20110812,27.49,27.79,26.96,27.05,289520,0
20110815,27.18,28.01,27.11,27.88,808511,0
20110816,27.71,28.20,27.55,27.87,517480,0
20110817,27.92,28.78,27.92,28.51,547393,0
20110818,28.08,28.08,26.73,27.41,1152936,0
20110819,26.96,27.57,26.51,26.56,1435187,0
20110822,26.92,27.85,26.80,27.68,1520877,0
20110823,27.84,27.87,26.71,27.44,847476,0
20110824,27.18,28.23,27.17,27.75,856953,0
20110825,27.76,27.85,27.23,27.52,670050,0
20110826,27.40,28.85,27.05,28.29,772356,0
20110829,28.57,29.68,28.23,29.55,462685,0
20110830,29.37,29.68,28.92,29.43,465239,0
20110831,29.52,29.87,29.34,29.66,583742,0
20110901,29.63,29.89,29.34,29.39,294615,0
20110902,29.04,29.55,28.89,29.51,531944,0
20110906,28.76,29.13,28.37,28.83,575424,0
20110907,29.16,29.50,28.83,29.07,849794,0
20110908,28.84,29.28,28.84,29.13,401049,0
20110909,28.97,29.15,27.87,28.33,450725,0
20110912,28.01,28.27,27.48,27.80,323224,0
20110913,27.88,27.88,27.44,27.61,566123,0
20110914,27.76,27.76,27.03,27.06,889634,0
20110915,27.39,27.88,27.12,27.72,641056,0
20110916,27.88,28.34,27.62,28.28,359103,0
20110919,27.98,28.59,27.55,28.26,605568,0
20110920,28.28,28.34,27.48,27.67,1251857,0
20110921,27.67,28.72,27.50,28.59,1313997,0
20110922,27.86,27.88,25.70,26.12,1613707,0
20110923,25.25,26.69,24.67,26.62,1210801,0
20110926,26.47,26.98,25.83,26.76,1186215,0
20110927,27.05,27.81,26.91,27.40,1738537,0
20110928,27.50,28.31,27.26,27.35,1368439,0
20110929,27.73,28.01,26.32,26.75,923831,0
20110930,26.43,26.89,25.95,26.08,539600,0
20111003,25.97,26.53,24.99,25.05,745189,0
20111004,24.86,25.51,24.38,25.12,660152,0
20111005,26.21,26.93,26.05,26.53,1000280,0
20111006,26.60,27.70,26.26,27.38,1575362,0
20111007,27.72,27.74,27.04,27.29,333782,0
20111010,27.62,27.78,27.03,27.50,704039,0
20111011,27.35,27.48,26.90,27.08,651921,0
20111012,27.29,27.84,27.13,27.70,616117,0
20111013,27.56,28.08,27.45,27.95,593945,0
20111014,28.30,28.44,27.90,28.22,497622,0
20111017,28.02,28.22,27.63,28.04,278451,0
20111018,27.91,28.69,27.15,28.30,467112,0
20111019,28.11,28.47,27.86,28.18,768991,0
20111020,28.08,28.82,27.39,28.81,518811,0
20111021,28.93,29.25,28.83,28.98,699584,0
20111024,28.99,29.12,28.68,28.78,276494,0
20111025,28.68,28.92,28.06,28.18,619734,0
20111026,28.38,28.56,27.25,27.39,447736,0
20111027,28.78,30.34,28.00,29.88,1039804,0
20111028,29.07,30.26,28.97,29.45,2016922,0
20111031,29.11,29.74,28.46,29.35,1023299,0
20111101,28.61,28.90,28.37,28.74,458959,0
20111102,28.79,29.15,28.41,28.70,331154,0
20111103,28.83,29.03,28.51,28.93,146630,0
20111104,28.69,29.50,28.55,29.47,385713,0
20111107,29.42,30.46,29.32,30.05,416344,0
20111108,30.19,30.44,29.80,30.25,546613,0
20111109,29.73,30.00,29.39,29.48,454070,0
20111110,29.76,30.02,29.61,30.01,460199,0
20111111,30.17,30.37,29.92,30.31,245628,0
20111114,30.15,30.96,29.85,30.93,543096,0
20111115,30.92,31.45,30.46,30.99,935040,0
20111116,30.70,30.70,29.90,30.09,511632,0
20111117,30.07,30.11,28.81,28.88,384564,0
20111118,28.94,29.00,28.55,28.56,269804,0
20111121,28.26,28.94,28.14,28.68,503038,0
20111122,28.69,29.55,28.54,29.22,375355,0
20111123,29.08,29.08,28.24,28.46,228420,0
20111125,28.39,28.76,28.06,28.51,139310,0
20111128,29.10,29.32,28.90,29.02,395797,0
20111129,29.06,29.17,28.27,28.65,445745,0
20111130,29.45,29.45,28.69,29.05,1303912,0
20111201,28.91,29.65,28.91,29.37,364522,0
20111202,29.53,29.98,29.20,29.86,466531,0
20111205,30.05,30.45,29.56,29.70,430439,0
20111206,29.70,29.80,28.82,28.88,494566,0
20111207,28.71,28.95,28.35,28.85,397881,0
20111208,28.66,28.94,27.96,28.10,288219,0
20111209,28.15,28.79,27.74,28.71,996253,0
20111212,28.39,28.84,28.12,28.72,237561,0
20111213,28.84,29.03,28.38,28.50,455613,0
20111214,28.22,28.46,27.66,27.89,569594,0
20111215,28.05,28.07,27.47,27.86,1484688,0
20111216,27.90,28.39,27.55,27.80,2231503,0
20111219,27.98,28.71,27.09,28.35,799054,0
20111220,28.73,29.49,28.56,29.47,669787,0
20111221,29.35,29.97,29.20,29.78,667867,0
20111222,29.75,29.94,29.04,29.82,536256,0
20111223,29.81,30.11,29.51,29.87,250834,0
20111227,29.69,29.80,29.07,29.74,260002,0
20111228,29.70,29.87,29.38,29.54,282723,0
20111229,29.52,30.06,29.40,29.65,393306,0
20111230,29.70,29.99,29.58,29.69,262061,0
20120103,29.99,30.50,29.66,29.93,824411,0
20120104,28.76,29.63,28.58,29.29,500540,0
20120105,28.75,29.49,28.75,29.35,361411,0
20120106,29.26,29.60,28.96,29.32,404771,0
20120109,29.40,29.44,28.95,29.24,285714,0
20120110,29.80,30.04,29.48,29.60,518840,0
20120111,29.44,29.74,29.44,29.58,355320,0
20120112,29.60,29.75,29.22,29.26,372392,0
20120113,29.11,29.17,28.40,28.50,723471,0
20120117,28.75,29.80,28.67,29.33,771702,0
20120118,29.33,29.47,29.18,29.36,239099,0
20120119,29.35,29.65,28.66,28.70,402060,0
20120120,28.52,28.66,27.74,28.09,452337,0
20120123,28.14,29.04,28.12,28.98,327736,0
20120124,28.86,28.97,28.40,28.67,303257,0
20120125,28.70,28.86,28.42,28.62,304390,0
20120126,28.66,29.48,28.62,29.06,498195,0
20120127,28.89,29.41,28.84,29.18,548283,0
20120130,28.94,29.18,28.85,29.01,492915,0
20120131,29.11,29.35,28.71,28.98,588650,0
20120201,29.00,29.37,28.88,28.98,1959685,0
20120202,29.17,29.35,28.58,28.74,587587,0
20120203,29.00,30.27,29.00,30.22,733356,0
20120206,29.24,29.95,28.00,28.85,1428132,0
20120207,28.55,28.73,27.95,28.09,1260046,0
20120208,28.20,28.67,28.18,28.48,1490486,0
20120209,28.60,28.66,28.12,28.39,475645,0
20120210,28.26,28.62,28.05,28.47,902780,0
20120213,28.52,28.68,27.33,27.44,1931482,0
20120214,27.15,27.57,26.57,27.31,3717972,0
20120215,27.50,28.37,27.48,27.82,1412318,0
20120216,27.96,28.49,27.52,28.44,785392,0
20120217,28.45,28.52,28.16,28.28,365085,0
20120221,28.30,28.55,27.95,28.02,620093,0
20120222,28.04,28.28,27.41,27.83,1081300,0
20120223,27.78,28.00,27.65,27.94,523279,0
20120224,27.86,27.92,27.09,27.90,671283,0
20120227,27.68,28.91,27.62,28.81,1555550,0
20120228,28.88,29.42,28.56,29.28,1103261,0
20120229,29.39,29.57,29.10,29.49,1229616,0
20120301,29.53,29.56,29.41,29.54,816339,0
20120302,29.45,29.58,29.17,29.50,812043,0
20120305,29.50,29.67,29.33,29.52,891788,0
20120306,29.25,29.42,28.86,29.19,529741,0
20120307,29.17,29.57,29.06,29.19,734715,0
20120308,29.50,29.75,29.33,29.65,821461,0
20120309,29.73,29.75,29.45,29.49,294763,0
20120312,29.49,29.60,29.33,29.53,320067,0
20120313,29.56,29.82,29.48,29.78,620212,0
20120314,29.82,29.99,29.54,29.81,777094,0
20120315,29.77,30.20,29.71,30.15,700408,0
20120316,30.14,30.45,30.05,30.40,367134,0
20120319,29.25,30.50,29.14,30.27,1462268,0
20120320,30.07,31.10,29.95,30.63,1933436,0
20120321,30.55,30.82,30.06,30.50,23928992,0
20120322,30.36,30.50,30.09,30.10,1730996,0
20120323,30.06,30.45,29.70,30.43,2164533,0
20120326,30.51,30.62,30.29,30.42,798494,0
20120327,30.32,30.51,29.78,30.30,3004282,0
20120328,30.20,30.29,29.51,29.82,2386666,0
20120329,29.65,29.75,29.27,29.55,1556114,0
20120330,29.75,30.22,29.59,30.14,2243909,0
20120402,30.07,30.25,29.96,30.17,1089883,0
20120403,30.06,30.29,29.89,30.29,1731785,0
20120404,30.10,30.12,29.57,30.00,1421428,0
20120405,29.90,29.95,29.40,29.76,892144,0
20120409,29.41,29.66,29.11,29.63,780900,0
20120410,29.65,29.88,29.11,29.18,1429224,0
20120411,29.38,29.64,29.07,29.18,1324586,0
20120412,29.16,29.68,29.15,29.43,580016,0
20120413,29.27,29.42,28.90,29.19,994287,0
20120416,29.24,29.37,28.84,28.96,1005530,0
20120417,29.15,29.44,29.07,29.13,594885,0
20120418,29.04,29.09,28.09,28.91,2708293,0
20120419,28.77,28.95,28.61,28.71,1946497,0
20120420,28.88,29.65,28.85,29.24,1635198,0
20120423,28.84,29.11,28.81,28.92,1261769,0
20120424,28.97,29.32,28.74,29.27,1963524,0
20120425,29.68,30.27,28.85,29.17,2159802,0
20120426,29.23,29.93,29.05,29.57,1283482,0
20120427,29.65,29.85,29.34,29.37,685694,0
20120430,29.26,29.41,28.70,29.22,905915,0
20120501,29.19,29.87,29.08,29.12,959340,0
20120502,29.10,29.27,28.94,29.13,726485,0
20120503,29.12,29.37,28.95,29.26,710582,0
20120504,29.24,30.35,29.24,29.60,2039778,0
20120507,29.63,29.70,28.95,29.07,1274693,0
20120508,29.00,29.25,28.50,29.22,1231980,0
20120509,29.00,29.06,28.73,28.94,1010991,0
20120510,29.07,29.29,28.66,28.68,1910178,0
20120511,28.61,29.00,28.41,28.57,1036180,0
20120514,28.41,28.49,28.00,28.04,965731,0
20120515,28.09,28.13,27.63,28.06,2144190,0
20120516,28.06,28.62,28.02,28.18,1545026,0
20120517,28.29,28.44,27.07,27.18,1313773,0
20120518,27.21,27.93,27.18,27.50,1055961,0
20120521,27.65,27.90,27.49,27.77,917758,0
20120522,27.83,28.14,27.67,27.82,1075386,0
20120523,27.51,27.71,27.18,27.36,969133,0
20120524,27.48,27.89,27.38,27.69,517827,0
20120525,27.63,27.86,27.58,27.74,385996,0
20120529,27.81,28.12,27.70,28.09,959071,0
20120530,27.97,27.97,27.50,27.67,1132389,0
20120531,27.63,27.79,27.21,27.74,1727870,0
20120601,27.42,27.52,26.84,27.35,2336284,0
20120604,27.34,27.56,26.97,27.35,910859,0
20120605,27.24,27.48,27.24,27.32,964378,0
20120606,27.43,27.62,27.39,27.52,765494,0
20120607,27.64,27.74,27.29,27.34,890504,0
20120608,27.37,27.37,26.76,27.01,1424714,0
20120611,27.29,27.68,27.08,27.43,1500210,0
20120612,27.50,27.84,27.46,27.78,763123,0
20120613,26.69,27.76,26.68,27.37,3031984,0
20120614,27.54,27.72,27.25,27.37,1913078,0
20120615,27.36,27.48,26.38,26.81,2877309,0
20120618,26.80,27.22,26.50,26.98,969878,0
20120619,27.06,27.62,27.06,27.59,1093742,0
20120620,27.64,27.99,27.46,27.77,1182370,0
20120621,27.86,27.90,27.41,27.49,567373,0
20120622,27.53,27.57,26.91,26.96,3146883,0
20120625,26.47,26.62,26.08,26.48,773603,0
20120626,26.48,26.51,25.79,25.91,2478678,0
20120627,26.04,26.19,25.14,25.96,3037190,0
20120628,25.89,26.12,25.44,25.63,913091,0
20120629,26.00,26.31,25.94,26.22,1004505,0
20120702,26.27,26.47,25.96,26.45,1058675,0
20120703,26.49,26.69,26.42,26.57,319375,0
20120705,26.52,26.80,26.48,26.56,631315,0
20120706,26.47,26.72,26.47,26.64,693489,0
20120709,26.50,26.78,26.40,26.77,762564,0
20120710,26.81,26.86,26.30,26.35,795838,0
20120711,26.33,26.51,26.20,26.26,456161,0
20120712,26.22,26.23,25.87,26.09,1085677,0
20120713,26.22,26.50,26.10,26.32,680208,0
20120716,26.34,26.34,25.98,26.17,297186,0
20120717,26.17,26.32,25.91,26.05,1064874,0
20120718,25.98,26.23,25.88,25.97,999888,0
20120719,26.00,26.12,25.78,25.99,610766,0
20120720,25.93,26.01,25.71,25.76,538440,0
20120723,25.53,25.74,25.08,25.66,568855,0
20120724,25.71,25.81,25.02,25.03,824158,0
20120725,25.25,27.73,25.25,27.53,3147998,0
20120726,27.75,28.06,27.52,27.98,2151194,0
20120727,28.00,28.10,27.88,28.05,1993240,0
20120730,27.99,28.43,27.95,28.37,1386224,0
20120731,28.30,28.53,27.96,28.50,1208492,0
20120801,28.64,28.86,28.37,28.53,971003,0
20120802,28.29,29.11,28.29,28.88,960391,0
20120803,29.10,29.43,28.92,29.19,593645,0
20120806,29.24,29.30,28.94,29.02,1066266,0
20120807,29.07,29.08,28.57,28.71,689198,0
20120808,28.61,28.75,28.47,28.63,752187,0
20120809,28.66,29.12,28.47,29.01,1046784,0
20120810,29.01,29.20,28.81,28.98,565377,0
20120813,28.88,29.08,28.75,28.85,814770,0
20120814,28.84,28.86,28.33,28.47,868287,0
20120815,28.39,28.76,28.36,28.60,780420,0
20120816,28.56,28.78,28.52,28.77,491531,0
20120817,28.69,28.81,28.64,28.78,450932,0
20120820,28.70,28.78,28.43,28.67,383038,0
20120821,28.67,28.75,28.40,28.48,624714,0
20120822,28.31,28.55,28.20,28.38,535720,0
20120823,28.38,28.38,27.96,28.01,667410,0
20120824,27.98,28.46,27.95,28.26,392965,0
20120827,28.24,28.49,28.22,28.31,424077,0
20120828,28.25,28.43,28.16,28.19,321854,0
20120829,28.00,28.26,27.81,28.07,980371,0
20120830,28.00,28.30,27.94,28.15,466954,0
20120831,28.20,28.27,28.01,28.04,661060,0
20120904,28.10,29.00,27.94,28.41,924327,0
20120905,28.36,28.67,28.36,28.58,480375,0
20120906,28.64,29.03,28.38,28.62,973384,0
20120907,28.61,28.80,28.42,28.50,901256,0
20120910,28.38,28.53,28.33,28.33,536092,0
20120911,28.41,28.67,28.39,28.43,2285301,0
20120912,28.50,29.61,28.46,29.60,2154974,0
20120913,29.62,29.81,29.39,29.51,1743496,0
20120914,29.48,29.67,29.44,29.50,1369537,0
20120917,29.41,29.87,29.40,29.72,1418767,0
20120918,29.57,30.28,29.50,30.01,1824767,0
20120919,30.18,30.31,29.84,30.17,661403,0
20120920,29.94,30.30,29.87,30.24,788541,0
20120921,30.31,30.50,30.09,30.47,1707836,0
20120924,30.29,30.48,29.94,29.98,910072,0
20120925,30.00,30.04,29.48,29.53,912530,0
20120926,29.50,29.59,29.23,29.43,1099149,0
20120927,29.43,29.74,29.30,29.73,666414,0
20120928,29.59,30.20,29.50,29.98,805968,0
20121001,30.00,30.23,29.61,29.73,1138153,0
20121002,29.85,30.25,29.84,30.22,578551,0
20121003,30.22,30.39,30.06,30.32,471153,0
20121004,30.35,30.51,30.32,30.45,807199,0
20121005,30.29,31.18,30.29,30.79,1609988,0
20121008,30.73,30.84,30.45,30.62,637359,0
20121009,30.64,30.74,30.23,30.27,438632,0
20121010,30.34,30.48,30.22,30.44,597258,0
20121011,30.55,30.84,30.47,30.67,1003296,0
20121012,30.72,30.81,30.36,30.77,682921,0
20121015,30.65,30.98,30.49,30.95,626047,0
20121016,30.85,31.73,30.81,31.60,2385189,0
20121017,31.00,32.07,31.00,31.80,3338986,0
20121018,31.86,31.87,31.27,31.30,2147533,0
20121019,31.32,31.49,31.19,31.45,1470197,0
20121022,29.24,30.40,28.64,29.65,6004302,0
20121023,29.67,29.67,28.70,29.02,1716335,0
20121024,29.14,29.17,28.25,28.35,1146787,0
20121025,28.50,28.73,28.44,28.47,1078453,0
20121026,28.52,28.96,28.39,28.92,1405979,0
20121031,28.75,29.00,28.75,28.92,999052,0
20121101,29.00,29.58,28.94,29.58,1292811,0
20121102,29.72,30.00,29.66,29.77,1378957,0
20121105,29.64,29.75,29.25,29.44,827301,0
20121106,29.55,29.66,29.19,29.61,872846,0
20121107,29.48,29.60,29.17,29.36,790100,0
20121108,29.30,29.45,29.03,29.03,791812,0
20121109,29.08,29.08,28.70,28.79,1004599,0
20121112,28.91,29.11,28.76,28.91,618444,0
20121113,28.81,29.00,28.53,28.58,659533,0
20121114,28.71,28.87,28.00,28.17,1129456,0
20121115,28.17,28.37,27.56,27.66,1009628,0
20121116,27.81,27.98,27.51,27.64,791597,0
20121119,27.91,27.93,27.30,27.68,1281023,0
20121120,27.71,27.85,27.32,27.56,1733605,0
20121121,27.61,28.18,27.40,28.05,2140153,0
20121123,28.15,28.40,27.89,28.26,377208,0
20121126,28.27,28.54,28.16,28.26,840729,0
20121127,28.18,28.41,27.90,28.06,1269788,0
20121128,27.90,28.21,27.73,28.17,761804,0
20121129,28.29,28.59,28.12,28.48,631756,0
20121130,28.41,28.47,28.09,28.32,793452,0
20121203,28.36,28.54,28.12,28.26,528028,0
20121204,28.19,28.49,28.18,28.48,758104,0
20121205,28.48,28.73,28.25,28.48,641996,0
20121206,28.50,29.04,28.50,28.90,1489268,0
20121207,28.77,29.36,28.77,29.24,1220947,0
20121210,27.64,29.38,27.57,29.25,1237709,0
20121211,29.27,29.50,29.27,29.41,937784,0
20121212,29.38,29.57,29.27,29.28,1531098,0
20121213,29.24,29.57,29.07,29.40,1630967,0
20121214,29.28,29.80,29.24,29.65,1934746,0
20121217,29.76,29.76,29.40,29.62,1288826,0
20121218,30.00,30.96,29.85,30.92,8109705,0
20121219,30.84,31.00,30.42,30.54,1199892,0
20121220,30.53,30.85,30.35,30.80,2002648,0
20121221,30.67,30.70,30.22,30.59,777223,0
20121224,30.46,30.48,30.31,30.40,224307,0
20121226,30.37,30.43,30.16,30.36,2265407,0
20121227,30.43,30.49,30.18,30.31,633663,0
20121228,30.17,30.37,30.14,30.26,469188,0
20121231,30.35,30.64,30.14,30.59,819886,0
20130102,31.00,31.20,30.80,30.99,1081385,0
20130103,30.90,31.15,30.83,30.84,632042,0
20130104,30.83,31.21,30.69,31.19,513556,0
20130107,30.96,31.91,30.96,31.55,942596,0
20130108,31.44,31.54,30.90,31.19,1152192,0
20130109,31.17,31.36,30.96,31.02,610121,0
20130110,31.19,31.19,30.80,30.90,792839,0
20130111,30.97,31.18,30.79,31.16,755263,0
20130114,31.10,31.18,30.96,31.14,422421,0
20130115,31.10,31.32,31.05,31.32,594980,0
20130116,31.19,31.32,31.08,31.10,375169,0
20130117,31.18,31.39,31.12,31.28,367104,0
20130118,31.36,31.70,31.08,31.63,569661,0
20130122,31.56,31.60,31.30,31.50,717618,0
20130123,31.26,31.80,31.00,31.70,714948,0
20130124,31.67,32.27,31.67,32.18,993660,0
20130125,32.13,32.29,31.90,32.14,862080,0
20130128,32.14,32.66,32.12,32.54,1079440,0
20130129,32.39,32.57,32.27,32.51,1491172,0
20130130,32.56,32.69,32.49,32.54,1349479,0
20130131,32.37,32.71,32.37,32.51,867853,0
20130201,32.75,32.85,32.50,32.54,1224921,0
20130204,32.39,32.39,31.86,31.97,2807294,0
20130205,32.06,32.44,31.87,32.31,986182,0
20130206,32.11,32.32,32.03,32.30,1343659,0
20130207,32.24,32.86,32.24,32.71,1853695,0
20130208,32.86,32.91,32.49,32.81,1568841,0
20130211,32.75,32.87,32.11,32.67,2666568,0
20130212,32.86,33.98,32.80,33.26,3831172,0
20130213,33.20,33.86,33.01,33.72,1500184,0
20130214,31.40,33.12,31.38,32.55,3211683,0
20130215,32.56,32.75,32.16,32.40,19895470,0
20130219,32.50,33.23,32.49,32.69,4306876,0
20130220,32.72,32.94,32.19,32.25,2111068,0
20130221,32.28,32.28,31.55,31.87,2729460,0
20130222,32.00,32.28,31.69,32.26,1637083,0
20130225,32.43,32.95,32.32,32.43,1980868,0
20130226,32.37,33.08,32.21,32.97,1877574,0
20130227,32.91,33.77,32.86,33.77,3240036,0
20130228,33.70,33.85,33.27,33.69,2192945,0
20130301,33.49,34.10,33.29,34.05,1790831,0
20130304,33.68,33.92,33.41,33.91,1213149,0
20130305,34.10,34.32,33.90,34.18,1091227,0
20130306,34.44,34.61,34.35,34.61,1183078,0
20130307,34.55,34.62,34.19,34.30,1281210,0
20130308,34.48,35.18,34.06,34.89,2684031,0
20130311,34.84,34.84,34.50,34.83,752079,0
20130312,34.96,34.99,34.26,34.69,1209524,0
20130313,34.79,34.79,34.47,34.73,713762,0
20130314,34.81,34.83,34.48,34.63,845046,0
20130315,34.83,34.83,34.18,34.66,1885016,0
20130318,34.42,34.61,34.15,34.60,763800,0
20130319,34.85,35.00,34.21,34.49,788446,0
20130320,34.61,34.69,34.42,34.66,717036,0
20130321,34.56,34.64,34.21,34.45,771115,0
20130322,34.61,34.64,34.21,34.63,671569,0
20130325,34.75,34.87,34.32,34.57,613057,0
20130326,34.77,34.99,34.70,34.97,589350,0
20130327,34.76,35.18,34.64,35.16,704173,0
20130328,35.13,35.84,35.07,35.82,1402588,0
20130401,35.52,35.70,35.05,35.38,1207197,0
20130402,35.55,35.55,35.17,35.35,1119318,0
20130403,35.23,35.45,34.71,35.03,1186451,0
20130404,35.09,35.15,34.84,34.95,433571,0
20130405,34.59,34.85,34.50,34.61,905966,0
20130408,34.54,34.93,34.54,34.85,742715,0
20130409,34.91,35.05,34.79,34.91,782365,0
20130410,35.02,35.56,34.94,35.50,759523,0
20130411,35.58,35.94,35.41,35.84,1264002,0
20130412,35.81,35.84,35.34,35.49,643152,0
20130415,35.25,35.44,34.62,34.68,844540,0
20130416,34.95,35.12,34.86,35.07,559799,0
20130417,35.02,35.06,34.66,34.95,1228969,0
20130418,35.00,35.00,34.60,34.72,1336165,0
20130419,35.00,35.00,34.47,34.95,1072002,0
20130422,34.90,34.92,34.27,34.43,1711541,0
20130423,34.52,34.58,33.95,34.42,1132976,0
20130424,34.37,34.59,33.37,34.37,1744198,0
20130425,35.50,36.74,34.47,34.63,3047796,0
20130426,34.75,34.99,34.41,34.74,1389881,0
20130429,34.47,34.64,33.92,34.23,2384117,0
20130430,34.20,34.71,34.03,34.62,2495711,0
20130501,34.63,35.74,34.06,35.32,2145285,0
20130502,35.47,35.52,35.11,35.33,2011649,0
20130503,35.44,35.76,35.44,35.64,875260,0
20130506,36.05,36.31,35.81,36.02,2092582,0
20130507,36.07,36.41,35.97,36.27,1056598,0
20130508,36.31,36.54,36.22,36.54,1697785,0
20130509,36.49,36.88,36.44,36.80,1093929,0
20130510,36.86,37.09,36.83,36.91,1287439,0
20130513,35.56,36.25,35.00,35.01,4522195,0
20130514,34.66,35.13,34.60,34.65,23289777,0
20130515,34.92,35.10,34.75,34.99,6436435,0
20130516,35.10,35.12,34.79,35.00,3417007,0
20130517,35.00,35.49,34.83,35.28,2779317,0
20130520,35.28,35.47,35.02,35.43,2557961,0
20130521,35.26,35.34,34.78,34.86,2523495,0
20130522,34.71,35.05,34.46,34.55,1842133,0
20130523,34.44,34.54,34.01,34.48,1294702,0
20130524,34.46,35.01,34.17,35.01,2600361,0
20130528,35.01,35.28,34.69,34.93,1873037,0
20130529,34.87,34.87,33.88,33.90,3620030,0
20130530,33.92,34.11,33.71,33.89,1318441,0
20130531,33.78,34.04,33.40,33.91,2631826,0
20130603,33.83,34.04,33.62,34.01,1941104,0
20130604,33.94,34.05,33.60,33.65,1348272,0
20130605,33.70,33.77,33.29,33.41,1498300,0
20130606,33.33,33.62,33.16,33.62,1825866,0
20130607,33.60,34.33,33.42,34.25,1266955,0
20130610,34.30,34.31,33.97,33.98,1035584,0
20130611,33.72,34.02,33.60,33.93,1249548,0
20130612,34.02,34.13,33.87,33.92,1457391,0
20130613,33.98,34.41,33.79,34.34,1288953,0
20130614,34.29,34.48,34.20,34.33,1765252,0
20130617,34.50,34.80,34.29,34.60,1679400,0
20130618,34.67,35.24,34.60,35.08,1319526,0
20130619,34.99,35.77,34.89,35.05,3461844,0
20130620,34.72,34.88,34.30,34.44,2095878,0
20130621,34.44,34.62,33.90,34.01,2491907,0
20130624,33.75,34.01,33.24,33.92,1635302,0
20130625,34.03,34.16,33.58,33.81,1413010,0
20130626,34.01,34.03,33.13,33.79,2842791,0
20130627,33.98,34.26,33.85,34.10,1246306,0
20130628,34.17,34.26,33.55,33.59,7861778,0
20130701,33.64,33.68,33.07,33.28,3548788,0
20130702,34.62,34.75,33.88,33.97,9949965,0
20130703,33.85,34.05,33.76,33.94,2292545,0
20130705,34.04,34.80,33.90,34.70,4606186,0
20130708,34.98,35.70,34.91,35.10,49554817,0
20130709,35.14,35.26,34.19,34.23,3987202,0
20130710,34.13,34.22,33.25,33.53,4989607,0
20130711,33.77,34.27,33.69,34.26,3542320,0
20130712,34.17,34.53,34.10,34.47,3444838,0
20130715,34.47,34.76,34.44,34.44,2637135,0
20130716,34.41,34.52,33.50,33.84,3804046,0
20130717,33.88,34.14,32.63,32.97,5133046,0
20130718,33.05,33.66,32.76,33.42,2729183,0
20130719,33.31,33.42,32.89,33.20,2319801,0
20130722,33.37,33.49,33.09,33.39,1187586,0
20130723,33.40,33.51,33.18,33.30,2045315,0
20130724,33.45,33.75,33.26,33.31,1684565,0
20130725,33.11,33.39,33.11,33.25,1572229,0
20130726,33.25,33.28,32.98,33.23,1205289,0
20130729,33.06,33.48,33.05,33.35,1881764,0
20130730,33.41,34.53,33.14,33.56,3904583,0
20130731,33.66,33.88,33.40,33.42,1778673,0
20130801,33.74,33.92,33.43,33.58,3086480,0
20130802,33.41,33.84,33.34,33.74,3013036,0
20130805,33.77,33.95,33.63,33.81,2121915,0
20130806,33.70,33.82,33.52,33.69,1385585,0
20130807,33.56,33.75,33.13,33.16,1881666,0
20130808,33.26,33.55,32.81,32.85,1698499,0
20130809,33.21,33.44,32.86,33.09,1428089,0
20130812,33.01,33.52,32.89,33.42,1404289,0
20130813,33.53,33.63,33.28,33.40,1708935,0
20130814,33.15,33.33,32.55,32.87,2546997,0
20130815,32.68,32.95,32.57,32.66,1414638,0
20130816,32.57,33.02,32.47,32.73,1583081,0
20130819,32.60,32.99,32.40,32.55,2024573,0
20130820,33.01,34.27,33.01,33.66,2655641,0
20130821,33.55,33.82,33.28,33.57,1869342,0
20130822,33.68,33.97,33.42,33.89,1233655,0
20130823,33.92,34.23,33.60,34.06,2367103,0
20130826,33.85,34.78,33.79,34.31,2888313,0
20130827,33.99,34.19,33.67,33.76,1955454,0
20130828,33.68,34.33,33.68,34.18,2026277,0
20130829,34.10,34.63,33.97,34.53,1857344,0
20130830,34.52,34.65,34.36,34.50,1650451,0
20130903,34.81,34.97,34.51,34.67,1527184,0
20130904,34.64,34.76,34.38,34.54,1891997,0
20130905,34.54,34.94,34.54,34.83,1387742,0
20130906,35.00,35.40,34.70,35.00,2583291,0
20130909,35.03,35.24,34.99,35.08,1765434,0
20130910,35.13,35.49,35.08,35.40,1744832,0
20130911,35.31,35.51,35.30,35.45,1508744,0
20130912,35.46,35.93,35.43,35.65,1755743,0
20130913,35.60,35.75,35.44,35.56,1438337,0
20130916,35.98,36.04,35.45,35.60,2155469,0
20130917,35.67,36.50,35.63,36.39,1372395,0
20130918,36.37,37.04,36.26,36.94,1438852,0
20130919,36.78,37.30,36.66,37.18,3388981,0
20130920,36.89,37.04,35.87,35.87,3875477,0
20130923,36.34,36.61,36.17,36.38,2956848,0
20130924,36.42,36.89,36.42,36.57,1919727,0
20130925,36.65,36.88,36.51,36.56,1303220,0
20130926,36.62,36.65,36.33,36.52,1495072,0
20130927,36.47,36.47,36.14,36.32,1410880,0
20130930,36.36,36.65,35.96,36.45,1942998,0
20131001,37.12,37.22,36.46,37.13,1773111,0
20131002,37.00,37.00,36.57,36.62,1721761,0
20131003,36.50,36.50,36.25,36.32,1067655,0
20131004,36.25,36.45,36.15,36.40,1458896,0
20131007,36.24,36.43,35.86,36.21,1322951,0
20131008,36.23,36.35,35.88,35.90,1511763,0
20131009,36.05,36.24,35.95,36.11,1363558,0
20131010,36.29,37.37,36.21,37.31,2133043,0
20131011,37.28,37.33,37.01,37.24,1627703,0
20131014,37.05,37.17,36.92,37.16,2888045,0
20131015,37.40,37.40,36.85,36.85,1752558,0
20131016,37.05,37.25,36.94,37.16,1444937,0
20131017,37.12,38.01,37.01,37.91,1870613,0
20131018,38.07,38.47,37.96,38.44,1537199,0
20131021,38.44,38.73,38.44,38.68,1630444,0
20131022,38.58,39.10,38.55,38.83,2554133,0
20131023,38.24,38.50,36.95,38.29,3653919,0
20131024,38.25,39.14,38.11,38.98,2775693,0
20131025,38.93,39.26,38.83,39.04,1705663,0
20131028,39.24,39.48,38.59,38.94,1486197,0
20131029,39.24,39.51,39.07,39.50,1380480,0
20131030,39.30,39.75,38.98,39.09,935488,0
20131031,38.99,39.66,38.99,39.44,1433569,0
20131101,39.79,40.06,39.59,39.94,1502860,0
20131104,39.96,40.05,39.70,39.82,1134515,0
20131105,39.55,39.78,39.46,39.48,1312292,0
20131106,40.32,40.32,39.40,39.70,1709885,0
20131107,39.64,39.86,38.99,39.11,1321497,0
20131108,39.07,39.78,39.04,39.77,1044720,0
20131111,39.80,40.10,39.52,39.66,1047743,0
20131112,39.67,40.08,39.49,40.00,1472835,0
20131113,39.68,40.23,39.60,40.19,2147587,0
20131114,40.09,40.35,39.91,39.96,1846495,0
20131115,39.98,40.34,39.77,40.34,1113253,0
20131118,40.26,40.72,40.25,40.37,1106408,0
20131119,40.42,40.92,40.41,40.70,1439730,0
20131120,40.70,40.81,40.32,40.49,1362946,0
20131121,40.34,40.44,39.76,40.21,1245881,0
20131122,39.94,41.65,39.65,41.12,17867178,0
20131125,41.49,42.30,41.49,41.97,5074186,0
20131126,42.13,42.56,42.00,42.51,3536166,0
20131127,42.36,42.97,42.13,42.93,1892791,0
20131129,43.23,43.33,42.96,43.16,1394042,0
20131202,42.98,43.45,42.60,42.76,5410089,0
20131203,42.71,42.82,42.38,42.68,2360168,0
20131204,42.46,42.92,42.42,42.85,2331807,0
20131205,42.83,42.91,42.52,42.70,1467615,0
20131206,43.22,43.69,43.07,43.55,2396808,0
20131209,43.69,43.83,43.49,43.65,1893862,0
20131210,43.46,43.77,43.29,43.43,1969627,0
20131211,43.70,44.01,43.27,43.30,2367113,0
20131212,43.14,43.35,42.69,42.96,1818111,0
20131213,43.35,45.84,43.29,45.62,5582030,0
20131216,44.98,45.81,44.98,45.51,3435024,0
20131217,45.58,45.65,45.06,45.15,2354802,0
20131218,45.45,45.65,44.68,45.14,3877534,0
20131219,45.09,45.48,44.98,45.13,4703764,0
20131220,45.15,45.38,45.10,45.35,4202490,0
20131223,45.95,46.02,45.45,45.55,2543018,0
20131224,45.50,45.74,45.50,45.64,541715,0
20131226,45.82,46.06,45.76,45.93,999766,0
20131227,46.04,46.04,45.59,45.70,925924,0
20131230,45.79,45.90,45.60,45.68,3024098,0
20131231,45.70,46.20,45.65,45.89,1297908,0
20140102,45.80,45.90,44.88,45.08,1904066,0
20140103,45.22,45.52,45.22,45.35,1150409,0
20140106,45.59,45.60,45.07,45.25,1477465,0
20140107,45.30,45.35,45.00,45.03,1622701,0
20140108,45.03,45.06,44.66,44.87,2827422,0
20140109,45.03,45.03,44.08,44.31,2565038,0
20140110,44.57,44.59,43.95,44.11,3554155,0
20140113,44.09,44.27,43.66,43.68,2237359,0
20140114,43.89,44.41,43.76,44.37,1692769,0
20140115,44.38,44.45,43.93,44.27,1719177,0
20140116,44.85,45.19,44.05,44.11,3023506,0
20140117,44.10,44.47,43.57,44.42,3823852,0
20140121,44.67,45.04,44.56,45.02,2166519,0
20140122,45.19,45.38,45.02,45.33,1572097,0
20140123,44.96,45.19,44.83,45.01,2035023,0
20140124,44.56,44.59,43.24,43.24,1907046,0
20140127,43.24,43.31,42.09,42.76,3425111,0
20140128,42.90,43.43,42.36,42.49,2528071,0
20140129,42.19,42.34,41.92,42.19,2427004,0
20140130,42.42,43.12,42.38,42.95,1726699,0
20140131,42.20,42.61,42.09,42.29,2811020,0
20140203,42.17,42.26,40.88,41.04,2935320,0
20140204,41.57,42.18,40.96,42.11,2987595,0
20140205,41.82,42.69,41.72,42.48,2651318,0
20140206,42.74,43.54,42.72,43.49,2083489,0
20140207,43.66,44.30,43.48,44.18,1618992,0
20140210,44.59,45.14,43.71,45.13,3298550,0
20140211,45.02,45.35,44.37,45.00,2843959,0
20140212,45.11,45.70,45.09,45.64,2373472,0
20140213,44.82,45.35,43.92,45.27,2790998,0
20140214,45.22,45.60,45.05,45.43,1669638,0
20140218,45.59,46.61,45.52,46.56,3270714,0
20140219,46.51,47.00,46.31,46.38,1884025,0
20140220,46.43,46.60,46.05,46.40,1241829,0
20140221,46.38,46.65,46.10,46.31,1211363,0
20140224,46.54,47.01,46.42,46.71,1573955,0
20140225,46.79,46.98,46.02,46.13,1746228,0
20140226,46.41,46.72,46.11,46.40,1997468,0
20140227,46.43,46.93,46.38,46.82,1254265,0
20140228,46.94,47.45,46.81,47.34,1814892,0
20140303,47.10,47.22,46.14,46.49,2238154,0
20140304,46.97,47.33,46.80,46.96,1320627,0
20140305,46.23,46.91,46.15,46.25,14125380,0
20140306,46.68,46.78,45.85,45.88,3705052,0
20140307,46.13,46.63,45.78,46.28,3957219,0
20140310,46.43,46.58,45.89,46.25,2022486,0
20140311,46.25,46.39,45.81,46.19,2410697,0
20140312,45.88,45.91,44.91,45.09,2254084,0
20140313,45.32,45.37,43.82,44.14,2955141,0
20140314,44.12,44.32,43.71,43.86,1861330,0
20140317,44.01,44.28,43.84,43.92,2045519,0
20140318,43.97,44.84,43.92,44.58,1705305,0
20140319,44.50,44.69,43.87,44.24,2032569,0
20140320,44.29,44.43,43.74,43.82,1720849,0
20140321,44.17,44.17,43.75,44.08,4755771,0
20140324,44.27,44.57,43.98,44.34,2474687,0
20140325,44.55,44.57,44.09,44.15,2447364,0
20140326,44.17,44.49,43.88,43.91,1271050,0
20140327,43.89,44.48,43.89,44.12,1885564,0
20140328,44.53,44.54,44.03,44.26,949275,0
20140331,44.36,44.67,44.21,44.63,1296023,0
20140401,44.63,45.21,44.63,45.19,1586285,0
20140402,45.16,45.54,45.00,45.45,1375400,0
20140403,45.30,45.57,44.99,45.31,1071982,0
20140404,45.53,45.53,44.19,44.49,2092406,0
20140407,44.27,44.35,43.10,43.20,2496824,0
20140408,43.25,43.60,43.01,43.28,2042237,0
20140409,43.49,44.14,43.27,44.12,1076347,0
20140410,44.14,44.22,43.33,43.40,1427795,0
20140411,42.80,43.24,42.54,42.68,1553126,0
20140414,43.08,43.52,42.78,43.26,980681,0
20140415,43.33,43.60,42.88,43.57,1265330,0
20140416,43.80,44.26,43.53,44.17,900317,0
20140417,44.08,44.89,44.04,44.83,1108146,0
20140421,44.76,44.81,44.37,44.79,795820,0
20140422,44.79,45.27,44.68,45.10,1268128,0
20140423,45.09,45.38,44.92,45.14,1198402,0
20140424,45.25,46.15,45.00,46.06,3080452,0
20140425,46.25,46.25,45.78,45.99,1404253,0
20140428,46.15,46.82,45.68,46.59,2341045,0
20140429,46.60,47.47,46.52,46.99,3479670,0
20140430,47.04,47.15,46.81,46.95,2423773,0
20140501,47.01,47.50,46.86,47.18,2181201,0
20140502,47.19,47.32,46.96,46.99,1246288,0
20140505,46.81,47.15,46.54,47.11,857377,0
20140506,46.99,47.38,46.86,47.10,1006227,0
20140507,47.26,47.37,46.66,47.13,3528877,0
20140508,47.01,47.35,46.60,46.78,910684,0
20140509,46.76,47.27,46.71,46.85,1496364,0
20140512,47.00,47.39,46.90,47.22,1290563,0
20140513,47.11,47.53,47.02,47.36,1347901,0
20140514,47.54,48.06,47.20,47.34,2276738,0
20140515,47.17,47.25,45.86,46.44,1708811,0
20140516,46.33,46.68,45.88,46.66,1024928,0
20140519,46.65,47.39,46.53,47.28,1501177,0
20140520,47.26,47.32,46.82,47.02,1300870,0
20140521,47.08,47.49,47.01,47.47,745335,0
20140522,47.54,47.89,47.32,47.78,1156576,0
20140523,47.78,47.96,47.58,47.58,1572580,0
20140527,47.82,48.14,47.72,48.03,1157907,0
20140528,48.13,48.38,47.68,47.69,871005,0
20140529,47.71,48.13,47.70,48.10,961238,0
20140530,47.92,48.37,47.57,48.26,2105479,0
20140602,48.43,48.51,47.85,47.92,1448147,0
20140603,47.40,47.49,46.94,47.05,8294369,0
20140604,47.14,47.29,47.09,47.23,2470361,0
20140605,47.29,47.49,47.22,47.40,1778134,0
20140606,47.57,48.04,47.50,47.68,1748970,0
20140609,47.68,47.94,47.51,47.59,1778480,0
20140610,47.51,47.57,47.14,47.34,1428223,0
20140611,47.23,47.34,47.08,47.20,1412376,0
20140612,47.15,47.32,46.59,46.73,1586167,0
20140613,46.89,46.93,46.30,46.39,1584303,0
20140616,46.40,46.56,46.22,46.36,1666663,0
20140617,46.34,47.26,46.32,46.92,2595435,0
20140618,46.97,47.37,46.83,47.33,1867286,0
20140619,47.27,47.71,47.21,47.52,2035370,0
20140620,47.70,48.24,47.70,48.20,3747836,0
20140623,48.17,48.46,47.37,48.30,1669288,0
20140624,48.03,48.55,48.00,48.30,2042589,0
20140625,48.15,48.59,48.10,48.23,1070944,0
20140626,48.18,48.42,47.80,48.28,1238600,0
20140627,48.21,48.67,48.21,48.42,4487734,0
20140630,48.46,48.61,48.15,48.41,1860720,0
20140701,48.64,49.44,48.49,49.17,2284375,0
20140702,48.26,49.38,47.98,49.24,1548929,0
20140703,49.32,49.61,49.32,49.51,935203,0
20140707,49.33,49.54,49.23,49.35,2039643,0
20140708,49.26,49.28,48.60,48.73,1167387,0
20140709,48.85,48.93,48.64,48.87,1074238,0
20140710,48.29,48.56,48.13,48.46,958130,0
20140711,48.49,48.70,48.21,48.63,777401,0
20140714,48.99,48.99,48.53,48.67,890089,0
20140715,48.54,48.81,48.12,48.53,1208456,0
20140716,48.70,48.89,48.36,48.50,1024503,0
20140717,48.33,48.60,47.72,47.77,1223785,0
20140718,47.86,48.15,47.61,48.03,1151112,0
20140721,48.03,48.10,47.63,47.91,833346,0
20140722,48.25,48.40,48.00,48.06,998896,0
20140723,48.13,48.59,47.91,48.33,1464027,0
20140724,48.44,48.69,48.34,48.39,1125828,0
20140725,48.27,48.48,47.84,48.21,1021567,0
20140728,47.79,48.81,47.51,48.77,2879818,0
20140729,48.73,48.73,46.24,47.23,4404952,0
20140730,47.23,47.53,47.00,47.38,2387930,0
20140731,46.95,47.12,45.84,46.11,2104330,0
20140801,46.27,46.61,45.97,46.37,2095317,0
20140804,46.44,46.90,46.26,46.89,1652054,0
20140805,46.72,47.26,46.50,46.99,2074684,0
20140806,46.69,46.76,46.37,46.46,1534037,0
20140807,46.57,46.78,46.23,46.34,1239821,0
20140808,46.46,47.31,46.40,47.20,1148981,0
20140811,47.31,47.52,47.08,47.40,1083848,0
20140812,47.44,47.72,47.09,47.34,805470,0
20140813,47.57,47.77,47.30,47.60,1016455,0
20140814,47.71,47.98,47.61,47.85,1205510,0
20140815,48.00,48.17,47.31,47.54,1322729,0
20140818,47.69,48.20,47.61,48.13,1433135,0
20140819,48.18,48.50,48.04,48.11,712908,0
20140820,48.19,48.94,47.99,48.87,1112693,0
20140821,48.78,48.78,48.24,48.27,803263,0
20140822,48.09,48.24,47.38,47.44,1377955,0
20140825,47.60,47.62,47.06,47.36,1252679,0
20140826,47.24,47.31,46.85,46.89,1291085,0
20140827,46.84,47.10,46.64,46.76,1087505,0
20140828,46.69,46.96,46.54,46.72,935787,0
20140829,46.86,47.02,46.58,46.99,960315,0
20140902,46.99,47.17,46.55,46.74,1232453,0
20140903,46.88,47.06,46.15,46.43,1339194,0
20140904,46.54,46.99,46.02,46.13,1830935,0
20140905,46.24,46.86,45.98,46.71,1360453,0
20140908,46.65,46.87,46.47,46.67,833764,0
20140909,46.68,46.68,46.00,46.07,937905,0
20140910,46.19,46.19,45.56,45.77,910382,0
20140911,45.63,46.16,45.47,45.64,1679343,0
20140912,45.65,45.73,44.90,45.05,1428960,0
20140915,45.15,45.18,44.39,44.40,1920722,0
20140916,44.51,44.83,44.19,44.72,2074258,0
20140917,44.87,45.06,44.28,44.51,1886173,0
20140918,44.55,44.91,43.94,44.49,2973571,0
20140919,45.11,45.46,44.65,45.11,4380299,0
20140922,44.99,45.04,44.23,44.75,2786401,0
20140923,44.77,45.23,44.48,44.50,2187367,0
20140924,44.36,44.72,44.14,44.43,2208912,0
20140925,44.37,44.55,43.89,43.89,2939681,0
20140926,43.99,44.69,43.91,44.64,1210824,0
20140929,44.22,44.73,44.10,44.70,1209441,0
20140930,44.70,44.92,44.19,44.33,1872524,0
20141001,44.33,44.38,43.73,43.83,1886188,0
20141002,43.78,44.10,43.44,43.72,2643056,0
20141003,43.95,44.02,43.45,43.46,2871967,0
20141006,43.54,43.63,42.89,42.92,2509509,0
20141007,42.53,42.59,41.73,41.75,3506018,0
20141008,41.88,43.04,41.43,43.01,3288637,0
20141009,42.99,43.00,40.79,41.29,6326503,0
20141010,41.66,42.69,41.59,41.70,4788857,0
20141013,41.98,42.15,41.34,41.85,4261548,0
20141014,43.01,43.10,42.03,42.12,4010323,0
20141015,41.39,42.28,40.82,41.82,3529785,0
20141016,41.12,41.96,40.92,41.59,2043520,0
20141017,42.01,42.55,41.76,42.03,1892429,0
20141020,41.85,42.25,41.71,42.15,1844006,0
20141021,42.42,43.74,42.34,43.17,3328276,0
20141022,43.20,43.34,42.64,42.70,3033347,0
20141023,40.56,42.74,40.56,41.82,5180064,0
20141024,41.98,42.89,41.87,42.30,3824924,0
20141027,42.24,42.76,41.98,42.18,2818057,0
20141028,42.36,42.42,41.80,42.05,2432686,0
20141029,41.94,42.19,41.64,41.92,3438747,0
20141030,40.88,41.55,40.88,41.40,7365551,0
20141031,41.90,42.77,41.75,42.49,4794898,0
20141103,42.60,42.79,42.10,42.19,1802878,0
20141104,42.10,42.10,41.23,41.84,2283690,0
20141105,42.06,42.55,41.93,42.28,2615551,0
20141106,42.34,43.50,42.19,43.34,3709917,0
20141107,43.32,43.72,43.15,43.34,1949753,0
20141110,43.25,43.38,42.89,43.02,1693589,0
20141111,42.98,43.09,42.54,42.99,1291924,0
20141112,42.97,43.34,42.75,43.07,2467419,0
20141113,43.21,43.21,42.28,42.40,2069688,0
20141114,42.27,42.46,41.48,41.63,2794118,0
20141117,41.58,41.71,41.33,41.55,2745820,0
20141118,41.41,41.95,41.41,41.81,2227031,0
20141119,41.77,42.03,41.61,41.68,2424236,0
20141120,41.70,41.75,41.22,41.27,2856474,0
20141121,41.41,41.81,41.08,41.16,2668745,0
20141124,41.31,41.36,40.81,41.16,3493692,0
20141125,41.19,41.33,40.95,41.16,5028298,0
20141126,41.21,41.74,41.08,41.71,3000129,0
20141128,41.71,41.95,41.42,41.77,2706593,0
20141201,41.72,42.37,41.60,42.26,4390000,0
20141202,42.16,42.26,41.33,41.74,3493067,0
20141203,42.69,43.81,42.16,43.76,4520001,0
20141204,43.44,43.53,42.72,42.81,2644279,0
20141205,42.73,43.81,42.73,43.53,3450610,0
20141208,43.49,44.05,43.17,43.74,4189052,0
20141209,43.75,45.44,43.61,45.17,6028668,0
20141210,45.18,45.57,43.72,43.77,4411482,0
20141211,42.73,43.25,42.51,43.06,8502396,0
20141212,43.19,43.74,42.75,43.35,6334170,0
20141215,43.67,43.95,43.14,43.41,5024608,0
20141216,43.48,43.89,43.27,43.49,4987209,0
20141217,43.73,44.02,43.44,43.80,4528237,0
20141218,44.52,44.62,44.13,44.52,5078766,0
20141219,44.54,44.93,44.00,44.27,8554897,0
20141222,44.17,44.70,44.14,44.61,2667111,0
20141223,44.75,45.72,44.64,45.19,2342438,0
20141224,45.19,45.56,45.19,45.40,868716,0
20141226,45.45,45.89,45.45,45.73,3170286,0
20141229,45.55,45.79,45.44,45.49,2755240,0
20141230,45.27,45.52,45.02,45.29,2158130,0
20141231,45.26,45.47,44.70,44.73,1880486,0
20150102,45.04,45.11,44.46,44.82,1435489,0
20150105,44.47,44.58,43.48,43.59,2156414,0
20150106,42.50,43.22,42.31,42.65,3367988,0
20150107,42.92,43.02,42.39,42.79,3319044,0
20150108,43.05,43.63,43.00,43.27,2344785,0
20150109,43.38,43.47,42.65,42.72,1939107,0
20150112,42.74,42.99,42.25,42.80,1610518,0
20150113,43.12,43.61,42.49,42.99,1749302,0
20150114,42.52,42.83,42.29,42.80,1566702,0
20150115,42.91,43.11,42.19,42.20,5863713,0
20150116,42.05,42.75,41.92,42.70,3234890,0
20150120,43.05,43.41,42.72,43.31,2120492,0
20150121,43.12,43.97,42.99,43.86,3564392,0
20150122,44.16,45.25,43.86,45.13,3678502,0
20150123,44.89,45.25,44.70,44.86,2113579,0
20150126,44.71,44.81,44.46,44.70,1751903,0
20150127,44.26,44.66,44.07,44.17,1555694,0
20150128,44.38,44.43,43.71,43.80,1978909,0
20150129,43.75,44.56,43.70,44.34,3002606,0
20150130,44.03,44.33,43.50,43.56,3574755,0
20150202,43.59,43.81,42.93,43.72,2645816,0
20150203,43.80,44.46,43.76,44.15,3424064,0
20150204,43.87,44.16,43.43,43.75,3014500,0
20150205,43.97,44.17,43.70,43.98,1863484,0
20150206,43.81,44.04,43.26,43.48,2268493,0
20150209,43.12,43.74,43.08,43.43,1593624,0
20150210,43.68,43.99,43.59,43.87,1628584,0
20150211,43.80,43.89,43.32,43.71,2010287,0
20150212,43.21,44.25,43.16,43.57,3931730,0
20150213,43.53,45.85,43.45,45.59,4698712,0
20150217,45.50,45.50,44.76,45.13,2017711,0
20150218,45.09,45.71,44.81,45.69,2074268,0
20150219,45.65,45.69,45.22,45.55,1384430,0
20150220,45.60,45.62,44.97,45.28,1905963,0
20150223,45.31,46.08,45.29,45.63,1860590,0
20150224,45.63,46.26,45.60,46.14,1831646,0
20150225,46.20,46.58,46.01,46.48,2037171,0
20150226,46.46,46.71,45.75,45.79,2351324,0
20150227,45.71,45.86,45.04,45.21,2685891,0
20150302,44.74,45.10,44.45,44.95,4534400,0
20150303,44.59,45.17,44.39,44.83,2169234,0
20150304,44.56,45.07,44.48,44.67,4791045,0
20150305,44.83,44.97,44.59,44.79,2267885,0
20150306,44.56,44.92,43.86,44.10,1877082,0
20150309,44.04,44.44,44.04,44.15,1472507,0
20150310,43.81,43.94,43.10,43.19,2087879,0
20150311,43.12,43.27,42.60,42.67,2046885,0
20150312,42.76,43.21,42.23,43.17,7243879,0
20150313,43.16,43.27,42.36,42.59,4510122,0
20150316,42.88,43.49,42.78,43.22,2003306,0
20150317,42.97,43.28,42.75,43.10,1753691,0
20150318,43.14,43.78,42.85,43.64,2282390,0
20150319,43.55,43.83,43.27,43.40,1626651,0
20150320,43.64,44.02,43.55,43.88,4083629,0
20150323,43.98,44.03,43.65,43.65,1859467,0
20150324,43.57,43.68,43.24,43.27,1857390,0
20150325,43.40,44.19,43.07,43.07,3814409,0
20150326,42.92,43.32,42.86,43.03,2026487,0
20150327,43.00,43.49,42.92,43.33,1775540,0
20150330,43.50,44.98,43.50,44.79,3639417,0
20150331,44.70,44.98,44.42,44.57,2995108,0
20150401,44.50,45.10,44.11,44.96,2922335,0
20150402,44.96,45.65,44.76,45.53,2053124,0
20150406,45.26,46.06,45.11,45.91,1950090,0
20150407,45.84,46.15,45.63,45.68,2119073,0
20150408,45.65,45.92,45.35,45.61,2060256,0
20150409,45.67,46.09,45.48,45.82,2421603,0
20150410,45.82,46.14,45.71,46.01,1028766,0
20150413,45.05,45.92,45.05,45.50,2060438,0
20150414,45.30,46.06,45.29,46.00,2579546,0
20150415,46.02,46.16,45.29,45.42,2842219,0
20150416,45.28,45.29,44.88,44.93,1866072,0
20150417,44.64,44.75,44.16,44.21,1801393,0
20150420,44.34,45.20,44.34,45.05,2052179,0
20150421,45.14,46.18,45.14,45.83,3830872,0
20150422,44.84,46.12,44.63,46.10,6603906,0
20150423,46.15,46.64,46.03,46.31,4127511,0
20150424,45.38,46.07,45.36,45.95,11275874,0
20150427,46.06,46.33,45.47,45.52,3487103,0
20150428,45.45,45.80,45.33,45.69,2580592,0
20150429,45.58,45.67,45.21,45.42,1328029,0
20150430,45.38,45.71,44.87,44.94,3039283,0
20150501,45.01,45.46,44.63,44.84,2548509,0
20150504,45.15,46.07,45.15,45.77,4554550,0
20150505,45.57,45.95,45.06,45.10,6216473,0
20150506,45.13,45.39,44.54,44.74,3445827,0
20150507,44.82,45.26,44.58,44.99,3014399,0
20150508,45.45,45.97,44.90,45.24,11604314,0
20150511,45.17,45.35,44.88,44.91,2890908,0
20150512,44.67,44.78,44.32,44.45,1780649,0
20150513,44.48,44.64,44.33,44.34,2797255,0
20150514,44.75,45.12,44.69,45.04,2298988,0
20150515,45.06,45.61,45.01,45.57,3026137,0
20150518,45.51,45.97,45.42,45.92,1621489,0
20150519,45.87,46.11,45.52,45.67,2410518,0
20150520,45.67,45.99,45.51,45.78,1863892,0
20150521,45.61,45.96,45.61,45.74,2316347,0
20150522,45.71,45.99,45.68,45.84,1060984,0
20150526,45.80,45.90,45.17,45.32,1910320,0
20150527,45.33,45.53,45.06,45.48,1236810,0
20150528,45.34,45.50,44.84,45.10,1295316,0
20150529,45.13,45.26,44.71,44.99,2076331,0
20150601,45.18,45.25,44.80,44.83,1554303,0
20150602,44.31,44.76,44.30,44.72,1688313,0
20150603,44.76,45.55,44.67,45.35,1882523,0
20150604,45.08,45.49,44.85,44.92,1955047,0
20150605,44.85,44.95,44.45,44.76,1235952,0
20150608,44.67,44.73,44.29,44.30,1362724,0
20150609,44.30,44.69,44.26,44.51,1380423,0
20150610,44.62,45.30,44.56,45.22,978426,0
20150611,45.00,45.13,44.87,45.06,3091237,0
20150612,44.90,45.08,44.81,44.94,1051744,0
20150615,44.59,44.86,44.46,44.76,2076063,0
20150616,44.79,44.98,44.47,44.82,1881434,0
20150617,44.94,45.27,44.77,45.02,1659939,0
20150618,45.14,45.80,45.03,45.62,2951023,0
20150619,45.47,45.71,45.26,45.54,3387575,0
20150622,45.76,46.17,45.61,45.90,2349693,0
20150623,45.85,46.05,45.58,45.72,1647965,0
20150624,45.81,46.04,45.46,45.61,2204897,0
20150625,45.65,45.83,45.52,45.57,1777924,0
20150626,45.73,46.85,45.60,46.22,8506373,0
20150629,45.83,46.00,44.69,44.73,2339668,0
20150630,45.07,45.13,44.61,44.77,2081247,0
20150701,45.41,45.71,44.94,45.12,1842903,0
20150702,45.30,45.39,44.67,44.99,1575076,0
20150706,44.62,45.13,44.61,44.80,1307969,0
20150707,44.88,44.98,44.31,44.96,1722376,0
20150708,44.65,44.80,43.95,44.16,1835515,0
20150709,44.69,44.79,44.46,44.46,1928633,0
20150710,45.00,45.36,44.85,45.27,1636512,0
20150713,45.70,45.88,45.48,45.79,1504010,0
20150714,45.96,45.96,45.58,45.60,1475922,0
20150715,45.57,45.66,45.36,45.56,1304581,0
20150716,45.74,45.95,45.56,45.81,1025183,0
20150717,45.95,45.95,45.43,45.52,1683910,0
20150720,45.40,45.77,45.40,45.63,1632122,0
20150721,45.60,45.65,45.19,45.33,991467,0
20150722,45.26,45.66,45.17,45.31,1062083,0
20150723,45.25,45.36,44.97,45.32,1255757,0
20150724,45.37,45.51,45.08,45.17,1553396,0
20150727,44.79,45.15,44.41,44.80,2635408,0
20150728,46.15,47.39,45.78,47.18,3305964,0
20150729,47.38,48.51,47.38,48.32,3309656,0
20150730,48.02,49.28,47.83,49.06,5419452,0
20150731,49.28,49.37,48.38,48.46,2683328,0
20150803,48.30,48.41,47.64,47.95,3246175,0
20150804,48.08,48.11,47.73,47.95,1786165,0
20150805,47.99,48.13,47.58,48.05,2720559,0
20150806,47.85,47.94,46.10,46.55,4708141,0
20150807,46.34,46.70,46.19,46.45,3059134,0
20150810,47.14,48.25,47.14,48.00,3488188,0
20150811,47.54,47.91,47.41,47.87,1604468,0
20150812,47.32,47.87,47.07,47.83,1863807,0
20150813,47.45,48.33,47.30,48.11,1987437,0
20150814,48.12,48.62,48.03,48.51,956014,0
20150817,48.34,48.42,48.08,48.36,995323,0
20150818,48.35,48.38,47.99,48.35,1375696,0
20150819,48.07,48.54,47.77,48.22,1329289,0
20150820,47.75,48.05,47.29,47.43,2677167,0
20150821,46.90,47.22,45.88,45.92,3012444,0
20150824,43.56,45.25,43.29,43.65,3828775,0
20150825,44.91,44.91,42.76,42.80,4793838,0
20150826,44.13,44.28,42.80,44.23,3114900,0
20150827,44.66,45.70,44.42,45.35,2403477,0
20150828,45.18,45.43,44.90,45.26,1313206,0
20150831,45.01,45.58,44.65,45.23,1479073,0
20150901,44.20,45.06,43.30,43.57,3529584,0
20150902,44.33,45.38,44.20,45.37,3424660,0
20150903,45.47,46.37,45.24,45.51,1958671,0
20150904,44.61,45.43,44.50,44.96,1871038,0
20150908,45.79,46.40,45.54,46.25,1698620,0
20150909,46.91,46.94,46.15,46.23,1710290,0
20150910,46.28,46.60,45.93,46.13,1423429,0
20150911,45.97,46.06,45.38,45.88,1450628,0
20150914,45.80,46.05,45.33,45.69,994367,0
20150915,45.92,46.74,45.87,46.55,1058851,0
20150916,46.77,47.41,46.71,47.24,1969352,0
20150917,47.18,47.86,46.90,47.18,1543544,0
20150918,46.65,47.61,46.45,46.74,3305314,0
20150921,46.84,47.67,46.46,47.55,1635298,0
20150922,47.00,47.44,46.83,47.11,2038074,0
20150923,47.08,47.41,46.92,47.25,1426482,0
20150924,46.79,47.22,46.74,47.17,2664447,0
20150925,47.37,47.46,46.29,46.75,3232360,0
20150928,46.34,46.74,45.26,45.53,3002263,0
20150929,45.46,45.72,44.72,45.24,2734039,0
20150930,44.17,45.58,43.85,44.47,6014414,0
20151001,44.41,45.39,44.27,44.90,3906494,0
20151002,44.21,45.77,44.13,45.74,3257699,0
20151005,45.98,46.48,45.93,46.33,2199018,0
20151006,46.19,46.54,46.15,46.30,1494204,0
20151007,46.82,47.21,46.43,46.67,2588958,0
20151008,46.56,46.81,46.27,46.62,2870975,0
20151009,46.60,46.80,46.42,46.50,2396137,0
20151012,46.45,47.14,46.43,46.99,1228586,0
20151013,46.69,47.14,46.53,46.94,1250926,0
20151014,46.99,47.51,46.74,46.82,1670451,0
20151015,46.93,47.77,46.92,47.72,1779071,0
20151016,47.81,48.09,47.61,47.74,1679552,0
20151019,47.72,48.18,47.68,48.18,2021448,0
20151020,48.11,48.78,48.11,48.53,3751648,0
20151021,47.38,47.38,44.97,45.85,4081404,0
20151022,46.24,47.94,46.21,47.42,3523572,0
20151023,47.75,48.45,47.53,48.27,1679302,0
20151026,48.16,48.61,47.86,48.38,1665205,0
20151027,48.01,48.11,47.41,47.77,969795,0
20151028,47.95,48.60,47.65,48.35,1529822,0
20151029,48.03,48.45,47.72,47.95,1520082,0
20151030,47.78,48.23,47.31,47.51,2010559,0
20151102,47.29,47.92,46.79,47.72,2535537,0
20151103,47.67,47.85,47.41,47.80,1508642,0
20151104,47.75,47.93,47.40,47.59,1571588,0
20151105,47.49,47.85,47.11,47.84,1445976,0
20151106,47.74,48.39,47.52,48.05,1860679,0
20151109,47.73,48.05,47.64,47.87,1136654,0
20151110,47.66,48.00,47.31,47.49,1269868,0
20151111,47.71,47.80,47.34,47.52,1086389,0
20151112,47.05,47.63,47.05,47.18,957651,0
20151113,47.12,47.34,46.35,46.45,990650,0
20151116,46.32,46.85,46.05,46.83,2107154,0
20151117,46.80,47.00,46.51,46.64,1717342,0
20151118,47.08,47.99,46.71,47.88,2097468,0
20151119,47.94,47.96,47.45,47.67,1074207,0
20151120,47.96,47.96,47.37,47.71,1044928,0
20151123,47.71,47.73,47.22,47.26,1313550,0
20151124,46.92,47.17,46.49,46.93,2048649,0
20151125,46.67,47.04,46.64,46.76,2353935,0
20151127,46.61,47.12,46.33,47.10,489557,0
20151130,47.12,47.28,46.63,46.68,1594316,0
20151201,46.93,47.49,46.66,47.46,1609200,0
20151202,47.50,47.50,46.46,46.64,1933110,0
20151203,47.08,47.08,45.40,45.67,2598467,0
20151204,45.80,46.97,45.63,46.89,2639459,0
20151207,46.66,46.91,46.15,46.68,1722676,0
20151208,46.19,46.39,45.44,45.61,2600219,0
20151209,45.54,46.19,44.89,45.09,3354244,0
20151210,45.00,46.05,44.83,45.70,2113536,0
20151211,45.54,46.78,45.19,45.46,4850056,0
20151214,45.44,45.48,44.24,44.78,3164143,0
20151215,45.17,46.20,45.05,46.08,2229613,0
20151216,46.29,47.01,46.12,46.98,1901009,0
20151217,47.01,47.16,46.22,46.25,3510917,0
20151218,46.16,46.16,45.64,45.64,2982935,0
20151221,46.10,46.28,45.63,46.18,1580971,0
20151222,46.56,46.65,45.94,46.26,1577859,0
20151223,46.62,46.88,46.34,46.59,1830283,0
20151224,46.42,46.70,46.26,46.47,543528,0
20151228,46.28,47.03,46.28,46.96,1400844,0
20151229,47.25,47.45,47.06,47.34,1356144,0
20151230,47.30,47.45,47.01,47.04,1038792,0
20151231,46.84,47.00,46.49,46.60,1244958,0
20160104,45.77,45.93,45.17,45.67,2854463,0
20160105,45.68,46.57,45.57,46.40,2402324,0
20160106,46.00,46.39,45.82,46.13,1936698,0
20160107,45.28,45.88,45.03,45.14,6471738,0
20160108,45.49,45.63,44.28,44.33,6200400,0
20160111,44.51,45.27,44.45,44.99,3385455,0
20160112,45.27,45.62,44.74,45.29,1956032,0
20160113,45.43,45.68,44.58,44.62,2417832,0
20160114,44.75,45.99,44.31,45.70,3528967,0
20160115,44.27,45.39,44.16,44.69,3204217,0
20160119,45.14,45.50,44.61,45.02,2436005,0
20160120,44.41,44.78,42.90,43.94,3789045,0
20160121,43.97,44.40,43.42,43.89,3562767,0
20160122,44.65,45.34,44.31,45.31,3454786,0
20160125,45.36,46.56,44.64,44.73,1712763,0
20160126,44.80,45.70,44.73,45.57,2514550,0
20160127,45.65,46.65,45.47,45.91,3198729,0
20160128,46.41,47.26,46.17,46.86,3259461,0
20160129,47.28,48.20,47.02,48.16,3554881,0
20160201,47.77,48.30,47.18,48.03,3910207,0
20160202,47.56,47.97,46.99,47.21,3895300,0
20160203,47.36,47.50,46.06,46.70,2596122,0
20160204,46.68,47.07,46.45,46.70,2581583,0
20160205,46.49,46.66,45.40,45.63,2410334,0
20160208,45.14,45.28,43.91,44.72,3373802,0
20160209,44.17,45.42,44.15,45.13,3893154,0
20160210,45.40,46.47,45.28,45.42,4534530,0
20160211,45.50,47.65,45.20,47.33,6772938,0
20160212,48.00,48.00,46.99,47.29,3597905,0
20160216,48.07,48.20,47.06,47.99,2753713,0
20160217,48.22,48.55,47.96,48.41,2622483,0
20160218,48.50,48.51,47.82,47.85,1925954,0
20160219,47.53,48.11,47.43,48.09,1984169,0
20160222,48.63,49.47,48.52,49.45,2354084,0
20160223,49.24,49.24,48.30,48.72,2300786,0
20160224,48.38,49.46,47.80,49.45,2723790,0
20160225,49.52,49.95,49.35,49.66,1659332,0
20160226,49.69,49.92,49.24,49.75,2266055,0
20160229,49.52,51.35,49.52,50.34,3550043,0
20160301,50.29,50.87,50.02,50.60,3130939,0
20160302,50.34,50.92,50.28,50.78,1903794,0
20160303,50.80,51.43,50.61,51.23,1959258,0
20160304,51.19,51.84,50.99,51.73,1374382,0
20160307,51.42,52.07,51.37,51.86,1986005,0
20160308,51.56,51.69,50.94,51.12,2554393,0
20160309,50.80,51.00,50.45,50.64,2950310,0
20160310,50.66,50.92,50.16,50.39,2099544,0
20160311,50.73,51.03,50.31,50.67,2045203,0
20160314,50.75,51.21,50.50,51.03,1103683,0
20160315,50.86,51.23,50.50,51.06,1412706,0
20160316,51.18,52.00,51.07,51.79,1323206,0
20160317,51.67,53.03,51.67,52.84,4298939,0
20160318,53.03,53.05,52.13,52.27,3171762,0
20160321,52.34,52.34,51.77,52.01,1521543,0
20160322,51.98,52.20,51.65,51.80,1621634,0
20160323,51.78,52.17,51.37,51.93,1517398,0
20160324,51.62,52.03,51.57,52.00,1043952,0
20160328,52.04,52.42,51.76,52.22,1313458,0
20160329,52.05,52.44,51.97,52.38,1877883,0
20160330,52.53,52.84,52.32,52.80,1672225,0
20160331,52.67,53.08,52.57,52.66,1794871,0
20160401,52.49,53.53,52.40,53.45,2269958,0
20160404,53.33,53.52,52.49,53.01,1868460,0
20160405,52.77,52.77,51.97,52.33,3057090,0
20160406,52.38,52.75,52.25,52.62,1932247,0
20160407,52.49,52.90,52.13,52.29,1572822,0
20160408,52.70,52.79,52.25,52.51,1270722,0
20160411,52.65,52.86,52.50,52.66,1388835,0
20160412,52.57,53.04,52.39,52.90,1541066,0
20160413,53.28,53.31,52.67,53.19,1836184,0
20160414,53.30,53.42,52.88,52.96,1453869,0
20160415,52.87,53.18,52.54,52.70,2571657,0
20160418,52.64,53.32,52.64,53.26,1460165,0
20160419,53.33,54.05,53.33,53.96,2309262,0
20160420,54.48,54.59,51.76,52.86,4090911,0
20160421,52.70,52.86,51.82,51.86,2293711,0
20160422,51.80,52.09,51.51,51.92,1603651,0
20160425,51.91,51.96,51.47,51.63,1386378,0
20160426,51.80,52.18,51.65,51.98,1615065,0
20160427,51.68,52.06,51.15,51.56,2326304,0
20160428,51.30,52.12,51.24,51.78,2335684,0
20160429,51.76,52.24,51.63,52.14,3366777,0
20160502,52.14,53.01,52.01,52.51,3084127,0
20160503,52.02,52.17,51.29,51.56,2218338,0
20160504,51.24,51.68,51.06,51.33,2436588,0
20160505,51.38,51.56,50.89,50.98,2713004,0
20160506,50.93,51.29,50.66,51.28,1544227,0
20160509,51.28,51.83,51.20,51.70,1691034,0
20160510,51.85,52.44,51.64,52.39,1417750,0
20160511,52.39,52.57,51.95,52.04,1266842,0
20160512,52.17,52.46,51.97,52.30,1002845,0
20160513,52.23,52.55,52.00,52.06,1046800,0
20160516,52.08,52.65,51.77,52.34,1364901,0
20160517,52.25,52.60,51.85,51.99,1586185,0
20160518,51.81,52.41,51.64,51.97,1132299,0
20160519,51.77,51.92,51.07,51.59,1183955,0
20160520,51.95,52.55,51.67,52.20,1341967,0
20160523,52.15,52.40,51.88,52.22,894809,0
20160524,52.54,53.16,52.26,53.01,1202178,0
20160525,53.07,53.21,52.78,52.95,1274963,0
20160526,52.93,53.45,52.75,53.36,922944,0
20160527,53.48,53.92,53.43,53.72,1235899,0
20160531,53.53,53.55,53.02,53.39,1747976,0
20160601,53.30,53.69,52.94,53.59,1198194,0
20160602,53.49,53.75,53.17,53.72,917065,0
20160603,53.63,53.80,53.40,53.70,1181636,0
20160606,53.83,54.43,53.72,54.30,2192065,0
20160607,54.46,54.48,53.87,53.90,1852115,0
20160608,53.98,54.76,53.73,54.69,1577628,0
20160609,54.45,55.06,54.39,54.98,1098221,0
20160610,54.45,54.76,54.09,54.41,979591,0
20160613,54.36,54.62,53.88,53.90,1239954,0
20160614,53.82,54.40,53.77,54.35,1540041,0
20160615,54.60,54.62,54.08,54.13,1097771,0
20160616,53.71,54.14,53.58,53.89,2508136,0
20160617,53.71,53.81,53.27,53.41,2022861,0
20160620,53.94,54.21,53.57,53.60,1387953,0
20160621,53.61,53.89,53.28,53.53,1478347,0
20160622,53.51,53.85,53.42,53.47,1127412,0
20160623,54.11,54.14,53.48,53.69,1664763,0
20160624,52.04,52.24,51.05,51.10,3786864,0
20160627,50.47,50.60,49.76,50.17,2679156,0
20160628,50.58,51.03,50.12,51.03,2589155,0
20160629,51.50,52.00,51.34,51.94,3311527,0
20160630,51.96,52.10,51.20,51.97,4529649,0
20160701,51.97,52.42,51.71,52.13,2293421,0
20160705,52.03,52.05,51.37,51.66,1887990,0
20160706,51.59,52.28,51.10,52.18,3141669,0
20160707,52.10,52.50,52.00,52.25,1930057,0
20160708,52.80,53.03,52.64,52.87,1656210,0
20160711,52.98,53.50,52.98,53.39,1354654,0
20160712,53.89,54.21,53.72,53.92,1432176,0
20160713,53.94,54.12,53.69,53.77,1673394,0
20160714,54.04,54.25,53.78,54.03,2093479,0
20160715,54.17,54.40,53.96,54.18,2906086,0
20160718,54.40,54.40,54.02,54.03,1705108,0
20160719,53.87,54.48,53.78,54.38,1302697,0
20160720,54.44,55.13,54.26,55.09,2241247,0
20160721,55.09,55.62,54.86,55.42,2807645,0
20160722,55.34,55.86,55.11,55.81,2052154,0
20160725,55.86,55.94,55.14,55.22,2944840,0
20160726,54.22,54.79,53.31,54.19,4024124,0
20160727,54.19,54.33,53.42,54.05,2236588,0
20160728,53.96,54.54,53.60,54.15,1956128,0
20160729,54.09,54.32,53.86,53.86,2192979,0
20160801,53.77,53.96,53.25,53.49,1858600,0
20160802,53.57,53.65,53.04,53.20,1387596,0
20160803,53.17,53.44,53.07,53.35,1549567,0
20160804,53.28,53.46,52.88,52.96,1706278,0
20160805,53.16,53.24,52.74,52.91,1943455,0
20160808,53.00,53.25,52.58,52.91,1782176,0
20160809,52.96,53.20,52.66,52.68,1802694,0
20160810,52.80,52.90,52.45,52.87,1080772,0
20160811,53.06,53.21,52.67,52.76,1062313,0
20160812,52.76,53.07,52.75,52.96,1039774,0
20160815,52.96,53.00,52.83,52.93,844692,0
20160816,52.95,52.95,52.67,52.76,958580,0
20160817,52.86,53.15,52.68,53.05,2201562,0
20160818,53.03,53.19,52.88,53.15,972090,0
20160819,52.95,53.17,52.75,53.15,1025376,0
20160822,53.04,53.50,52.92,53.47,1401166,0
20160823,53.21,53.35,52.88,52.89,1900584,0
20160824,52.92,52.97,52.38,52.48,1446512,0
20160825,52.52,53.00,52.00,52.60,2188563,0
20160826,52.76,53.10,52.31,52.49,1316714,0
20160829,52.52,52.86,52.30,52.67,915154,0
20160830,52.73,53.14,52.42,53.09,1741935,0
20160831,52.95,53.30,52.64,53.28,1942738,0
20160901,53.13,53.48,52.59,52.69,1960421,0
20160902,52.95,53.15,52.51,52.67,1562250,0
20160906,52.83,53.06,52.69,53.04,1432835,0
20160907,52.95,53.43,52.69,53.37,1324271,0
20160908,52.96,53.13,52.09,52.36,3495682,0
20160909,52.28,52.52,51.97,52.00,3255708,0
20160912,51.90,52.82,51.83,52.71,2603332,0
20160913,52.33,52.49,51.78,51.91,2121722,0
20160914,51.90,52.05,51.69,51.87,1618496,0
20160915,51.68,52.71,51.38,52.52,2365966,0
20160916,52.22,52.35,51.86,52.18,5685118,0
20160919,52.45,52.76,52.07,52.31,1359321,0
20160920,52.68,52.96,52.39,52.41,1441986,0
20160921,52.66,52.84,51.82,52.33,1821234,0
20160922,52.61,52.93,52.49,52.72,1700004,0
20160923,53.04,53.43,52.86,53.33,2264283,0
20160926,53.15,53.25,52.85,53.15,1827411,0
20160927,53.16,53.59,53.05,53.49,1427460,0
20160928,53.49,53.68,53.27,53.65,1172314,0
20160929,53.60,54.19,53.46,53.47,1803182,0
20160930,53.68,53.96,53.38,53.57,2778011,0
20161003,53.43,53.75,53.25,53.65,2116277,0
20161004,53.55,53.78,53.41,53.46,1271425,0
20161005,53.53,53.70,53.16,53.19,1265130,0
20161006,53.20,53.20,52.50,52.56,1938934,0
20161007,52.71,52.79,52.26,52.36,1271626,0
20161010,52.53,52.70,52.50,52.53,977704,0
20161011,52.37,52.48,51.48,51.75,1421589,0
20161012,51.75,52.16,51.64,52.05,2320367,0
20161013,51.96,52.64,51.53,52.55,2472173,0
20161014,52.80,53.70,52.74,53.53,2776824,0
20161017,53.41,53.70,53.32,53.47,1634897,0
20161018,53.69,54.28,53.50,53.89,2470117,0
20161019,54.11,54.34,53.78,54.32,2150346,0
20161020,53.85,54.06,53.53,54.05,2766772,0
20161021,53.73,54.64,53.48,54.60,1964805,0
20161024,54.69,54.99,54.65,54.93,2959171,0
20161025,46.89,48.96,45.52,45.65,21052062,0
20161026,45.77,47.51,45.69,45.78,8011983,0
20161027,45.99,46.20,45.63,45.95,3422552,0
20161028,45.95,46.09,44.30,44.66,4726160,0
20161031,44.66,45.36,44.63,45.02,2634182,0
20161101,45.26,45.39,44.75,45.30,2580169,0
20161102,45.18,46.23,44.67,44.68,3846272,0
20161103,44.68,45.02,43.69,43.80,3299452,0
20161104,43.91,44.00,43.49,43.50,2549778,0
20161107,44.27,44.67,44.01,44.65,1944425,0
20161108,44.83,45.03,44.55,44.65,1637484,0
20161109,44.03,45.19,43.63,45.13,2231186,0
20161110,45.15,45.66,44.82,44.87,2191642,0
20161111,44.74,45.19,43.83,44.09,2717361,0
20161114,43.99,44.16,43.01,43.07,4815833,0
20161115,43.07,43.58,42.74,43.58,3811180,0
20161116,44.51,45.32,44.23,44.63,3289067,0
20161117,44.09,44.11,43.51,43.72,3509053,0
20161118,43.27,43.50,42.25,42.64,7806063,0
20161121,42.60,43.01,42.33,42.59,2110614,0
20161122,42.74,43.00,42.33,42.91,3104145,0
20161123,42.96,43.23,42.70,43.11,1730259,0
20161125,43.33,43.93,43.05,43.40,1175640,0
20161128,43.40,43.74,43.25,43.42,2113057,0
20161129,43.50,43.61,43.27,43.40,1717249,0
20161130,43.40,43.56,43.10,43.10,3326539,0
20161201,43.20,43.28,41.85,42.11,2641797,0
20161202,42.30,42.53,42.01,42.07,2337324,0
20161205,42.42,43.17,42.31,42.41,4725473,0
20161206,42.29,42.57,41.99,42.40,3815080,0
20161207,42.38,43.51,42.33,43.40,3588960,0
20161208,41.19,42.36,41.00,41.99,5932889,0
20161209,41.82,42.97,41.50,42.72,3558841,0
20161212,42.70,42.99,42.06,42.17,2188538,0
20161213,42.34,42.56,41.97,42.04,3137237,0
20161214,43.32,43.78,42.38,43.12,3850752,0
20161215,43.15,43.29,42.65,42.70,2573736,0
20161216,42.83,43.18,42.67,43.14,5250710,0
20161219,43.15,43.39,42.83,43.29,2812757,0
20161220,43.28,43.53,43.04,43.29,1947600,0
20161221,43.25,43.47,42.91,43.26,2338818,0
20161222,43.56,43.56,42.47,42.77,3353314,0
20161223,42.80,43.01,42.54,42.75,1137972,0
20161227,42.90,43.11,42.51,42.70,775595,0
20161228,42.69,42.83,41.92,42.24,1459237,0
20161229,42.38,42.40,41.93,42.10,1218863,0
20161230,42.27,42.34,41.80,41.95,1307871,0
20170103,42.20,42.69,41.99,42.27,1611265,0
20170104,42.28,42.68,42.07,42.50,1566397,0
20170105,42.48,42.73,42.38,42.52,1567547,0
20170106,42.33,42.90,42.29,42.51,2420998,0
20170109,42.61,42.70,42.33,42.36,2035980,0
20170110,41.94,42.13,41.48,41.75,3943728,0
20170111,41.93,41.95,41.30,41.59,3224617,0
20170112,41.42,42.06,40.96,42.01,6284378,0
20170113,42.10,42.62,42.10,42.36,1811516,0
20170117,42.06,42.68,42.06,42.37,1663904,0
20170118,42.25,42.71,41.89,41.89,1830044,0
20170119,41.85,42.04,41.39,41.45,3476041,0
20170120,41.47,41.79,40.88,40.95,3236655,0
20170123,40.88,40.96,40.43,40.54,4065943,0
20170124,40.68,40.88,40.50,40.70,3551521,0
20170125,40.97,41.48,40.81,41.00,8174276,0
20170126,41.01,41.30,40.62,40.71,2538554,0
20170127,40.82,41.02,40.57,40.89,2000063,0
20170130,40.89,41.12,40.28,41.07,3263684,0
20170131,41.15,41.18,40.68,40.91,3227659,0
20170201,40.93,41.34,40.67,41.32,2968800,0
20170202,41.17,41.81,40.88,41.65,2613188,0
20170203,41.84,42.56,41.82,42.46,2369793,0
20170206,42.46,42.61,41.95,41.99,2168504,0
20170207,42.00,42.12,41.79,41.86,2317489,0
20170208,41.72,42.26,41.37,42.06,2949545,0
20170209,42.19,43.51,41.50,43.18,3809286,0
20170210,43.27,44.61,43.26,44.31,5052777,0
20170213,44.51,45.16,44.45,44.98,5224256,0
20170214,44.91,45.06,44.70,44.77,3477890,0
20170215,44.56,45.05,44.45,44.81,2785566,0
20170216,44.82,44.95,44.52,44.85,2334366,0
20170217,44.57,45.11,44.57,45.08,2867902,0
20170221,44.95,45.73,44.67,45.50,2854091,0
20170222,45.52,45.63,44.83,44.88,1806341,0
20170223,45.02,45.59,44.91,45.21,2223027,0
20170224,45.12,45.21,44.84,45.16,1777519,0
20170227,45.10,45.41,44.63,44.72,2706073,0
20170228,44.41,45.17,44.16,44.36,3421930,0
20170301,44.48,45.30,44.29,45.07,3682437,0
20170302,45.04,45.26,44.71,45.10,1952070,0
20170303,45.01,45.08,44.61,44.77,1272366,0
20170306,44.49,44.68,44.26,44.40,947777,0
20170307,44.34,44.63,44.26,44.50,1437194,0
20170308,44.48,44.69,44.34,44.39,1432914,0
20170309,44.38,44.51,44.17,44.32,1776266,0
20170310,44.50,44.55,43.42,43.70,2588340,0
20170313,43.84,43.87,43.34,43.44,1728620,0
20170314,43.23,43.66,43.12,43.64,1776591,0
20170315,43.74,44.17,43.61,44.06,2496187,0
20170316,42.05,44.24,42.05,44.02,2471911,0
20170317,44.16,44.16,42.61,42.64,4843496,0
20170320,42.71,42.82,42.19,42.66,3102193,0
20170321,42.82,42.86,41.57,41.65,3342263,0
20170322,41.82,41.82,41.22,41.29,2187029,0
20170323,41.25,41.50,41.14,41.26,2882316,0
20170324,41.35,41.57,41.11,41.28,1997377,0
20170327,40.99,41.30,40.64,41.03,2068901,0
20170328,41.00,41.40,40.72,41.34,2768418,0
20170329,41.25,41.46,40.96,41.12,2594666,0
20170330,40.99,41.19,40.73,41.08,2568578,0
20170331,41.10,41.43,41.00,41.31,2366295,0
20170403,41.27,42.00,41.21,41.87,4181632,0
20170404,41.93,42.01,41.46,41.72,2670535,0
20170405,41.86,42.25,41.75,41.84,1506472,0
20170406,41.81,42.16,41.57,42.00,1624795,0
20170407,41.74,41.95,41.62,41.68,1841879,0
20170410,41.70,41.86,41.45,41.48,1347927,0
20170411,41.39,41.46,40.88,41.37,2162793,0
20170412,41.14,41.32,40.55,41.00,3761274,0
20170413,41.01,41.14,40.73,41.03,2465560,0
20170417,41.16,41.43,41.01,41.24,1933748,0
20170418,41.01,41.23,40.92,41.22,2400178,0
20170419,41.36,42.00,41.29,41.76,2896159,0
20170420,41.76,41.93,41.12,41.13,3346015,0
20170421,41.10,41.30,40.87,41.00,3482673,0
20170424,41.59,41.94,41.29,41.59,3475065,0
20170425,40.09,40.22,38.31,39.98,9370825,0
20170426,39.55,40.04,39.30,39.41,5239443,0
20170427,39.36,40.25,39.25,40.20,4950438,0
20170428,40.27,41.45,40.06,41.13,6448237,0
20170501,41.14,41.33,40.53,40.53,3620730,0
20170502,40.64,40.75,40.02,40.24,3852221,0
20170503,40.28,40.34,40.00,40.19,3386869,0
20170504,40.23,40.25,39.87,39.89,3048687,0
20170505,40.06,40.31,39.91,40.20,2219006,0
20170508,40.27,40.66,39.98,40.48,2448380,0
20170509,40.45,41.02,40.33,40.79,1887774,0
20170510,40.70,40.86,40.10,40.22,2125386,0
20170511,40.14,40.70,39.84,40.66,3078951,0
20170512,40.72,40.72,40.08,40.40,2977047,0
20170515,40.53,41.19,40.46,41.12,3041579,0
20170516,41.20,41.20,40.36,40.53,3682619,0
20170517,40.27,40.51,39.76,40.21,2704635,0
20170518,40.29,40.37,39.02,39.04,4658182,0
20170519,39.09,39.71,38.96,39.56,2482029,0
20170522,39.52,39.84,39.44,39.61,1272242,0
20170523,39.58,39.64,39.11,39.11,1684059,0
20170524,39.17,39.21,38.57,38.81,3107827,0
20170525,38.90,38.95,38.01,38.40,2655432,0
20170526,38.24,38.60,37.95,38.54,3597366,0
20170530,38.55,39.13,38.49,38.93,3547316,0
20170531,38.71,39.08,38.20,38.48,3421947,0
20170601,38.50,39.44,38.34,38.98,3419823,0
20170602,39.00,39.17,38.63,39.05,2324081,0
20170605,38.80,39.25,38.46,38.53,5151840,0
20170606,38.45,38.89,38.27,38.71,3571052,0
20170607,38.70,38.74,37.83,37.86,4068440,0
20170608,37.81,37.82,36.99,37.22,6592801,0
20170609,37.21,37.71,37.07,37.67,3694172,0
20170612,37.61,38.34,37.51,38.23,4245604,0
20170613,38.34,38.95,38.19,38.84,2895478,0
20170614,39.05,39.19,38.49,38.66,1917664,0
20170615,38.39,38.55,38.12,38.45,1870669,0
20170616,38.34,38.50,38.09,38.35,2923682,0
20170619,38.51,38.90,38.45,38.77,1586594,0
20170620,38.50,38.55,38.14,38.15,1087122,0
20170621,38.25,38.33,37.11,37.23,3876524,0
20170622,37.25,37.45,36.96,37.14,2478825,0
20170623,37.15,37.49,37.00,37.46,7114160,0
20170626,37.63,38.98,37.33,38.76,4652933,0
20170627,38.64,39.07,38.47,38.94,3563655,0
20170628,39.21,39.45,38.79,38.98,1989771,0
20170629,38.98,39.04,38.31,38.57,1597864,0
20170630,38.73,38.82,38.47,38.66,1701509,0
20170703,38.68,38.90,38.36,38.45,1173960,0
20170705,38.37,38.60,37.90,37.97,2343949,0
20170706,37.85,37.93,37.44,37.49,2283664,0
20170707,37.60,37.67,37.13,37.50,2099246,0
20170710,37.50,37.65,37.27,37.50,1831930,0
20170711,37.45,37.73,36.98,37.16,1975870,0
20170712,37.49,37.92,37.38,37.87,2848920,0
20170713,37.85,38.34,37.74,38.27,2253889,0
20170714,38.29,38.92,38.18,38.65,1607293,0
20170717,38.59,39.17,38.54,39.01,2146332,0
20170718,39.07,39.19,38.74,38.99,2285893,0
20170719,38.95,39.04,38.58,38.59,3040897,0
20170720,38.52,39.12,38.36,38.91,2480781,0
20170721,38.87,39.49,38.83,39.42,1787536,0
20170724,39.39,39.96,39.10,39.83,3005858,0
20170725,39.88,39.88,38.54,38.62,4120348,0
20170726,38.80,40.21,38.71,39.89,5207074,0
20170727,39.39,41.28,39.34,41.21,6365180,0
20170728,41.28,41.97,40.89,41.80,5656213,0
20170731,41.99,43.31,41.91,43.01,5989535,0
20170801,43.22,43.61,42.89,42.96,4835969,0
20170802,42.91,43.27,42.66,43.25,3514488,0
20170803,43.27,43.43,42.89,42.99,2138387,0
20170804,43.13,43.30,42.30,42.37,2932720,0
20170807,42.50,43.15,41.83,43.08,2803103,0
20170808,43.08,43.14,41.83,41.94,2849451,0
20170809,41.86,42.39,41.80,42.38,2200167,0
20170810,42.31,42.49,41.15,41.17,2368477,0
20170811,41.12,41.33,40.74,40.79,1581901,0
20170814,40.94,41.21,40.79,40.90,2116161,0
20170815,40.79,41.07,40.61,40.94,1270522,0
20170816,40.94,41.07,40.32,40.47,2383988,0
20170817,40.59,40.59,39.94,40.01,3177210,0
20170818,39.90,40.02,39.45,39.66,1885536,0
20170821,39.66,39.66,39.19,39.35,1622602,0
20170822,39.11,39.75,39.11,39.70,2052799,0
20170823,39.30,39.45,38.64,39.06,3578719,0
20170824,39.08,39.40,39.00,39.27,2262391,0
20170825,39.39,39.64,39.32,39.49,1521676,0
20170828,39.59,39.59,39.13,39.36,1555134,0
20170829,39.19,39.27,38.94,39.07,2226231,0
20170830,39.09,39.14,38.43,38.89,3337976,0
20170831,38.91,39.23,38.79,38.85,3247518,0
20170901,38.92,39.52,38.81,39.51,2346385,0
20170905,39.45,39.70,38.75,38.81,1441719,0
20170906,38.98,39.24,38.88,38.98,1064037,0
20170907,38.69,39.08,38.52,38.55,1871929,0
20170908,38.36,38.59,38.07,38.48,1721236,0
20170911,38.75,39.04,38.50,39.00,1426939,0
20170912,39.07,39.65,39.02,39.50,1036483,0
20170913,39.44,39.60,38.85,39.05,1724440,0
20170914,38.97,39.39,38.49,39.37,2789682,0
20170915,39.26,39.96,39.09,39.85,4193250,0
20170918,39.93,40.28,39.72,40.25,1538854,0
20170919,40.21,40.55,40.03,40.17,2259413,0
20170920,40.13,40.76,40.06,40.42,1338318,0
20170921,40.36,40.70,40.29,40.52,1870747,0
20170922,40.51,41.10,40.49,40.89,1549360,0
20170925,40.92,41.38,40.91,41.13,1622118,0
20170926,41.05,41.47,40.86,41.11,1122790,0
20170927,41.01,41.27,40.76,40.99,2252362,0
20170928,40.89,41.38,40.86,41.27,1628791,0
20170929,41.42,41.61,41.19,41.45,2103331,0
20171002,41.45,41.91,41.26,41.45,1792365,0
20171003,41.52,41.53,40.73,41.33,2940324,0
20171004,41.41,41.61,41.17,41.50,1617729,0
20171005,41.41,41.48,41.00,41.02,2646183,0
20171006,40.95,41.16,40.85,41.15,1463472,0
20171009,41.15,41.21,40.33,40.39,1259870,0
20171010,40.62,40.89,40.13,40.18,2056231,0
20171011,40.35,40.50,39.60,39.72,2930843,0
20171012,39.58,39.95,39.43,39.87,2666758,0
20171013,40.07,40.15,39.67,39.70,1902288,0
20171016,39.63,39.76,39.39,39.62,1255522,0
20171017,39.58,40.03,39.48,40.00,1859543,0
20171018,40.03,41.87,40.03,41.69,4670874,0
20171019,41.50,41.78,41.27,41.31,2367806,0
20171020,41.37,42.16,41.35,41.76,3344823,0
20171023,41.75,41.99,41.34,41.38,2370331,0
20171024,41.32,41.38,40.58,41.13,3653157,0
20171025,37.07,39.58,37.00,38.56,8916378,0
20171026,38.85,39.53,38.71,39.27,4823405,0
20171027,39.40,39.64,38.47,38.57,5114831,0
20171030,38.50,38.50,37.55,37.66,5130960,0
20171031,38.49,38.49,36.97,37.07,2930114,0
20171101,37.18,37.23,36.07,36.16,3414191,0
20171102,36.19,36.85,35.84,36.81,4852049,0
20171103,36.80,36.91,36.44,36.84,2174808,0
20171106,36.75,37.48,36.69,37.38,2498379,0
20171107,37.42,38.04,37.39,38.00,3987102,0
20171108,37.87,38.35,37.49,37.54,5138945,0
20171109,35.76,37.43,34.22,37.10,8607822,0
20171110,36.76,37.05,36.13,36.62,3771378,0
20171113,36.29,36.70,36.08,36.17,3348602,0
20171114,35.96,36.12,35.41,35.97,4370488,0
20171115,35.81,36.13,35.32,36.07,2860548,0
20171116,36.18,36.37,35.63,35.67,3840724,0
20171117,35.73,36.68,35.66,36.38,4432175,0
20171120,36.08,36.18,35.65,35.85,2605100,0
20171121,36.20,36.56,35.97,36.00,2335950,0
20171122,36.08,36.94,36.08,36.59,1830653,0
20171124,36.67,36.70,36.23,36.51,584452,0
20171127,36.54,36.66,36.19,36.58,2135584,0
20171128,36.73,37.47,36.41,37.45,3105308,0
20171129,37.00,37.31,36.29,36.32,4441945,0
20171130,36.55,37.05,36.39,36.72,3688218,0
20171201,36.75,37.01,35.61,36.23,3093795,0
20171204,36.76,38.35,36.72,37.61,4370265,0
20171205,37.63,37.91,37.21,37.83,3282164,0
20171206,37.83,38.01,37.53,37.96,2791090,0
20171207,37.95,38.30,37.74,38.11,3535956,0
20171208,38.05,38.15,37.79,37.95,4888509,0
20171211,37.98,38.09,37.72,37.89,2634451,0
20171212,37.93,38.22,37.64,37.93,2432040,0
20171213,37.83,37.98,36.77,36.95,2767872,0
20171214,36.30,36.95,36.24,36.60,5155072,0
20171215,36.80,37.85,36.73,37.22,9044415,0
20171218,37.55,37.78,37.27,37.53,3483769,0
20171219,37.52,37.58,37.26,37.50,2427606,0
20171220,37.59,37.65,36.04,36.22,5348607,0
20171221,36.31,36.65,36.10,36.45,3270309,0
20171222,36.47,36.76,36.31,36.54,1307710,0
20171226,36.64,36.88,36.13,36.21,1852331,0
20171227,36.31,36.31,35.81,35.86,2039350,0
20171228,35.82,36.03,35.55,36.00,2507944,0
20171229,36.10,36.61,35.98,36.40,3012243,0
20180102,36.40,36.82,35.95,36.66,3823660,0
20180103,36.62,36.85,35.97,35.99,2842955,0
20180104,36.15,36.15,35.68,35.79,3503598,0
20180105,35.97,36.11,35.70,36.00,4386915,0
20180108,36.81,37.00,36.03,36.16,6889033,0
20180109,36.07,36.43,36.04,36.33,4568650,0
20180110,36.30,36.40,36.06,36.26,3176949,0
20180111,36.41,36.65,36.20,36.30,3828091,0
20180112,36.39,37.58,36.39,37.46,2758682,0
20180116,37.61,37.71,37.07,37.10,2894508,0
20180117,37.29,37.29,36.03,36.29,4060361,0
20180118,36.37,37.09,36.37,36.56,2672931,0
20180119,36.68,36.79,36.41,36.71,3115678,0
20180122,36.70,37.13,36.69,37.10,3103639,0
20180123,37.07,37.27,36.80,37.08,2591101,0
20180124,37.37,37.89,37.11,37.53,3432383,0
20180125,37.70,37.73,37.16,37.20,2166234,0
20180126,37.27,37.49,37.10,37.19,2426553,0
20180129,37.03,37.28,36.82,37.03,2348969,0
20180130,36.91,37.18,36.45,36.52,3152223,0
20180131,36.72,37.56,36.48,37.41,3840471,0
20180201,37.21,39.25,37.02,38.51,6911556,0
20180202,38.41,38.51,37.22,37.49,3949385,0
20180205,37.22,37.58,36.07,36.08,4393835,0
20180206,35.66,37.14,35.25,36.86,5609502,0
20180207,36.79,37.93,36.75,37.56,6686330,0
20180208,36.72,36.90,33.90,33.90,11833034,0
