DATE, OPEN, HIGH, LOW, CLOSE, VOL, p
20130620,16.3700,16.3700,15.2500,15.3000,9237303,0
20130621,15.7000,15.8000,15.4000,15.6200,8304716,0
20130624,15.6400,15.8400,15.2000,15.5300,4217141,0
20130625,15.5500,15.7400,15.3500,15.7200,2977691,0
20130626,15.6900,15.6900,15.1800,15.4000,14704756,0
20130627,15.3400,15.8700,14.8500,15.5000,12069863,0
20130628,15.5000,15.7700,15.2500,15.2500,12452722,0
20130701,15.5900,15.5900,14.7500,14.7900,22798909,0
20130702,14.6900,15.1200,14.6900,15.0000,24324130,0
20130703,14.9500,15.0900,14.7300,14.8700,8132881,0
20130705,14.9500,15.9500,14.8900,15.6600,12392781,0
20130708,15.6300,16.0400,15.4950,15.9550,15287807,0
20130709,15.7900,15.9700,15.5000,15.7100,9897489,0
20130710,15.5000,15.5700,15.1450,15.3900,16297424,0
20130711,15.6000,15.6000,14.9600,15.1300,16994410,0
20130712,15.0700,15.1200,14.9000,14.9300,10398203,0
20130715,14.9300,15.0300,14.3900,14.6700,20618866,0
20130716,14.5700,15.3400,14.5700,15.2800,9274430,0
20130717,15.3600,15.9600,15.2900,15.8900,13386331,0
20130718,15.9400,16.1000,15.3300,15.4700,10652557,0
20130719,15.3500,16.0800,15.2600,15.9700,11437371,0
20130722,16.0900,16.1250,15.6100,15.7300,6079366,0
20130723,15.6900,15.8650,15.5400,15.6500,9165002,0
20130724,15.6500,15.8850,15.4200,15.7100,6191841,0
20130725,15.6600,15.8700,15.4500,15.5700,7060454,0
20130726,15.5400,15.9700,15.3100,15.8900,5866709,0
20130729,15.8700,15.8700,15.4000,15.5100,8968047,0
20130730,15.6000,15.9550,15.4600,15.9500,12768042,0
20130731,16.0000,16.2100,15.8300,15.9300,7645682,0
20130801,15.9400,16.2800,15.9400,16.2150,10264910,0
20130802,16.1500,16.4700,16.1200,16.3400,8153349,0
20130805,16.3300,16.3300,15.8900,16.0000,8750651,0
20130806,15.9900,16.2500,15.8200,16.1800,6192664,0
20130807,16.1500,16.1500,15.8500,15.9500,4675761,0
20130808,16.0700,16.3100,15.9100,16.1300,7092925,0
20130809,16.0900,16.1600,15.9600,15.9800,4272882,0
20130812,15.8800,16.0600,15.7400,15.9200,4876161,0
20130813,15.9100,15.9500,15.8000,15.8300,3599044,0
20130814,15.8300,16.0100,15.6600,15.9000,3921860,0
20130815,15.7900,16.1900,15.7000,16.1000,5154624,0
20130816,16.0400,16.2500,15.9600,15.9800,6353936,0
20130819,16.0500,16.0600,15.6900,15.7000,6098889,0
20130820,15.8300,15.8300,15.5200,15.7000,4260209,0
20130821,15.6100,15.7800,15.4900,15.7600,4975780,0
20130822,15.7600,15.8250,15.6300,15.7100,3715805,0
20130823,15.7100,15.7900,15.5700,15.7300,3975975,0
20130826,15.7900,15.9000,15.7100,15.8600,4122139,0
20130827,15.7500,16.0000,15.6900,15.7290,9051261,0
20130828,15.7600,15.8100,15.6800,15.7600,11074416,0
20130829,15.7300,15.8900,15.6400,15.7700,2755220,0
20130830,15.7500,15.7800,15.5900,15.7000,5108610,0
20130903,15.8900,16.0300,15.6900,15.7800,3731996,0
20130904,15.7900,16.0800,15.7600,16.0300,4984986,0
20130905,15.9700,16.2750,15.8800,16.2400,3508117,0
20130906,16.3100,16.3400,16.0800,16.1900,3058179,0
20130909,16.1600,16.3400,16.1600,16.3350,3639690,0
20130910,16.3800,16.5700,16.2500,16.5550,4227071,0
20130911,16.6500,17.0600,16.5000,17.0500,7477481,0
20130912,17.1200,17.2600,16.9400,17.1050,4832667,0
20130913,17.0600,17.0800,16.7700,16.8900,2701075,0
20130916,17.1200,17.1999,16.7800,16.9600,5686483,0
20130917,17.0300,17.1700,16.8900,16.9950,2526256,0
20130918,16.9900,17.1800,16.8400,17.0450,3856041,0
20130919,17.1000,17.1000,16.6600,16.8710,3279532,0
20130920,16.9200,17.0000,16.4700,16.6350,4337868,0
20130923,16.6200,16.6400,16.3700,16.5300,2349577,0
20130924,16.5300,17.2000,16.5050,17.0400,5524919,0
20130925,17.0300,17.0400,16.6800,16.8000,4354720,0
20130926,16.7700,16.8700,16.1000,16.2900,12727539,0
20130927,16.1000,16.2500,15.9900,16.1700,7055790,0
20130930,16.2000,16.2600,15.9100,16.0600,6050760,0
20131001,16.0500,16.1400,15.8000,15.9100,8775843,0
20131002,15.8500,16.2700,15.7000,16.1400,17491833,0
20131003,16.1400,16.2499,15.7900,15.8700,17091869,0
20131004,15.8400,16.0100,15.7900,15.8400,13162880,0
20131007,15.7000,15.9800,15.6900,15.9100,8613925,0
20131008,15.5107,15.9750,15.5107,15.8000,4812966,0
20131009,15.8000,15.9500,15.7500,15.8800,4184832,0
20131010,15.9800,16.2500,15.9400,16.2200,4665308,0
20131011,16.1600,16.6000,16.1400,16.4100,5078932,0
20131014,16.3100,16.6200,16.2300,16.5600,3589640,0
20131015,16.4600,16.6700,16.4200,16.5800,4373067,0
20131016,16.7200,16.7900,16.5650,16.7800,4394044,0
20131017,16.6400,16.8100,16.6250,16.7950,3943336,0
20131018,16.8500,16.9000,16.7500,16.8500,5764823,0
20131021,16.8600,16.9750,16.7900,16.8500,3013652,0
20131022,16.8900,17.0600,16.7900,17.0010,7254169,0
20131023,16.8000,17.2400,16.8000,17.1100,5111316,0
20131024,17.0700,17.4000,17.0201,17.2900,4658153,0
20131025,17.5500,17.5500,17.0900,17.1500,5957471,0
20131028,17.1200,17.3150,17.0300,17.2900,3909775,0
20131029,17.3000,17.5100,17.2400,17.4600,6575854,0
20131030,17.4600,17.5100,17.3100,17.3500,8003702,0
20131031,17.3700,17.7700,17.3400,17.5950,4638805,0
20131101,17.6200,17.8100,17.4500,17.7650,3669126,0
20131104,17.7300,17.8600,17.6700,17.7600,2838843,0
20131105,17.5700,17.8500,17.4800,17.6850,3815646,0
20131106,17.7300,17.8200,17.3500,17.4100,3524619,0
20131107,17.5100,17.6200,17.2500,17.2600,3869046,0
20131108,17.3100,17.6200,17.1700,17.6000,1740494,0
20131111,17.6000,17.6499,17.3500,17.4200,5334028,0
20131112,16.8500,17.3100,16.7200,17.1500,12871063,0
20131113,17.0200,17.2850,16.9500,17.2150,3659188,0
20131114,17.2400,17.3800,17.1800,17.2500,2894852,0
20131115,17.3200,17.8100,17.3200,17.7600,4597054,0
20131118,17.7700,17.8200,17.3700,17.4200,4429263,0
20131119,17.4300,17.6600,17.3800,17.4800,2959627,0
20131120,17.5400,17.7900,17.4500,17.6700,6166022,0
20131121,17.7100,17.7500,17.5400,17.5600,4060118,0
20131122,17.6100,17.6900,17.4950,17.5500,3387904,0
20131125,17.6300,17.6750,17.3600,17.4800,3349177,0
20131126,17.4300,17.7100,17.3700,17.6900,4951232,0
20131127,17.6600,17.9400,17.5100,17.8600,5054944,0
20131129,17.8500,17.9700,17.8400,17.9600,1393530,0
20131202,17.9200,17.9700,17.6000,17.6500,4561395,0
20131203,17.6300,17.6300,17.4000,17.5000,3074863,0
20131204,17.4400,17.6200,17.3800,17.5800,2671449,0
20131205,16.5400,17.5500,16.5400,17.4600,2545386,0
20131206,17.6600,17.8600,17.5200,17.7800,4317858,0
20131209,17.8900,17.9000,17.4600,17.5200,4070123,0
20131210,17.4900,17.7200,17.4400,17.6400,2578115,0
20131211,17.6500,17.7400,17.4800,17.6000,2786479,0
20131212,17.6400,17.6550,17.4883,17.4900,4021042,0
20131213,17.4900,17.7050,17.3200,17.6600,4293303,0
20131216,17.7700,17.8000,17.5800,17.7700,1879278,0
20131217,17.5700,17.5700,17.1700,17.3500,4020639,0
20131218,17.3000,17.5300,17.0700,17.5000,2483360,0
20131219,17.4100,17.4700,17.2900,17.3600,2337150,0
20131220,17.4300,17.9700,17.3140,17.7500,6664787,0
20131223,17.9300,17.9700,17.7300,17.9000,1955434,0
20131224,17.9600,18.0100,17.7800,17.9000,539683,0
20131226,17.9900,18.0700,17.6450,17.7700,2096484,0
20131227,17.7400,17.8200,17.5600,17.7300,2679358,0
20131230,17.7800,17.9300,17.7000,17.9100,1915615,0
20131231,17.9800,18.0900,17.8400,18.0200,2553715,0
20140102,18.0500,18.1700,17.8150,17.9500,3424501,0
20140103,17.9300,18.0100,17.7800,17.8200,2014611,0
20140106,17.8800,17.9600,17.4800,17.5800,3157220,0
20140107,17.6500,17.6500,17.3300,17.4000,3253593,0
20140108,17.3500,17.4000,17.1500,17.2900,4031924,0
20140109,17.3800,17.4800,17.2700,17.3400,2816317,0
20140110,17.4100,17.5200,17.2800,17.4000,2053222,0
20140113,17.4100,17.4400,17.0700,17.1500,2650433,0
20140114,17.2000,17.3500,17.1300,17.3000,1897628,0
20140115,17.2400,17.3300,17.1000,17.2100,2197780,0
20140116,17.2000,17.2600,17.0500,17.0800,2806058,0
20140117,17.0900,17.1800,16.9400,17.0800,2057661,0
20140121,17.1500,17.1500,16.6900,16.7600,4645222,0
20140122,16.7500,16.9900,16.5600,16.6500,3034821,0
20140123,16.5000,16.5800,16.3649,16.5300,2898867,0
20140124,16.2700,16.3300,16.0100,16.1700,6966984,0
20140127,16.2500,16.5600,16.1900,16.3900,6170065,0
20140128,16.3800,16.4600,16.2300,16.2400,4437625,0
20140129,16.0900,16.2800,16.0050,16.2200,5569590,0
20140130,16.2800,16.2950,16.1600,16.2000,9111094,0
20140131,16.1400,16.2405,15.9500,15.9600,2964733,0
20140203,16.0000,16.0600,15.4750,15.5200,4675916,0
20140204,15.5500,15.7200,15.4400,15.5200,8103703,0
20140205,15.5600,15.9000,15.5450,15.6100,5793474,0
20140206,15.6400,16.1100,15.6100,16.0200,4931729,0
20140207,17.4800,18.0000,17.0700,17.4100,13172145,0
20140210,17.0300,17.5900,16.9700,17.5100,6046125,0
20140211,17.5300,18.0000,17.4100,17.9300,6829166,0
20140212,17.9300,18.0500,17.6000,17.6500,3300297,0
20140213,17.5500,17.8200,17.4100,17.6600,2121835,0
20140214,17.6200,17.8400,17.5400,17.6800,1806298,0
20140218,17.7200,17.8150,17.5550,17.7500,2347915,0
20140219,17.7000,17.8600,17.5600,17.5900,2195275,0
20140220,17.6000,17.6400,17.3100,17.5000,2521106,0
20140221,17.4500,17.7600,17.4400,17.6800,3180522,0
20140224,17.7500,18.0500,17.7350,17.9400,2432300,0
20140225,17.9300,18.1150,17.9000,17.9600,2389834,0
20140226,17.9500,18.1400,17.8300,18.0300,2270368,0
20140227,17.9500,18.0600,17.8650,18.0200,2344526,0
20140228,18.0600,18.4000,17.9200,18.3300,2486843,0
20140303,18.1900,18.3350,17.9500,18.1200,3585457,0
20140304,18.2000,18.4100,18.1500,18.4000,3155235,0
20140305,18.4300,18.5300,18.1300,18.3000,2309335,0
20140306,18.3200,18.4300,18.1900,18.2800,1876647,0
20140307,18.3000,18.3600,17.8400,17.9100,2491099,0
20140310,17.9600,18.0000,17.7100,17.7600,1770218,0
20140311,17.7600,17.8100,17.5200,17.7100,1830307,0
20140312,17.7000,17.8850,17.3950,17.8300,2578131,0
20140313,17.8200,17.9100,17.3100,17.3400,2388531,0
20140314,17.3700,17.6400,17.2500,17.4300,2239069,0
20140317,17.5500,17.8100,17.2900,17.3900,1591586,0
20140318,17.4200,17.7400,17.3800,17.7100,2769681,0
20140319,17.6700,17.8000,17.4600,17.5500,2268306,0
20140320,17.4500,17.5650,17.3200,17.5100,1181185,0
20140321,17.7300,17.7300,17.3300,17.5800,4106580,0
20140324,17.6000,17.6700,17.3900,17.4700,2148174,0
20140325,17.5700,17.5900,17.2700,17.3600,2117510,0
20140326,17.3700,17.4200,17.0200,17.0300,3024273,0
20140327,17.0900,17.2300,16.9900,17.0200,3888811,0
20140328,17.0100,17.2800,17.0000,17.0300,1923859,0
20140331,17.1500,17.2450,16.9950,17.2200,2234947,0
20140401,17.3400,17.5000,17.2000,17.4400,3099105,0
20140402,17.4000,17.5200,17.2700,17.4400,2180326,0
20140403,17.4700,17.5200,17.0900,17.1100,3555436,0
20140404,17.2300,17.5400,17.1100,17.1200,2680134,0
20140407,17.1100,17.3800,17.0000,17.0800,2816940,0
20140408,17.1800,17.2100,16.9200,17.0500,2360298,0
20140409,17.0600,17.2200,16.9600,17.2000,1572658,0
20140410,17.2300,17.3200,16.8300,16.8300,2174309,0
20140411,16.7800,17.1600,16.4700,16.5400,3052858,0
20140414,16.6600,16.8100,16.5000,16.7700,2270204,0
20140415,16.7800,16.9500,16.3200,16.6300,1999720,0
20140416,16.7200,16.9000,16.4500,16.7900,1503051,0
20140417,16.7200,17.0199,16.7200,16.8800,1044747,0
20140421,16.8700,17.0400,16.5500,16.9500,1667915,0
20140422,16.9400,17.0500,16.7300,17.0100,1191046,0
20140423,17.0300,17.2350,16.9250,17.2300,1449110,0
20140424,17.2900,17.4400,17.0100,17.2800,1811053,0
20140425,17.2600,17.2600,17.0800,17.1300,1094539,0
20140428,17.1700,17.2200,16.8210,17.1300,1659470,0
20140429,17.2500,17.4200,17.1100,17.2100,2085501,0
20140430,17.2000,17.2000,16.7800,17.0200,2570755,0
20140501,17.2100,17.3900,17.0550,17.3000,2219952,0
20140502,17.2300,17.4400,17.0200,17.3100,1722283,0
20140505,17.2600,17.4300,17.1400,17.4000,1475886,0
20140506,17.3200,17.3400,17.1300,17.1400,1734040,0
20140507,17.1400,17.2000,16.9200,17.0800,2283550,0
20140508,17.0900,17.1700,16.8800,17.1100,3664619,0
20140509,17.5100,18.0200,17.2700,18.0000,4415836,0
20140512,18.0500,18.1750,17.7600,17.8500,2579757,0
20140513,17.8400,17.9400,17.6450,17.7200,1937046,0
20140514,17.7400,17.7900,17.1700,17.1900,3817225,0
20140515,17.1800,17.2300,16.8700,16.8700,2771432,0
20140516,16.8900,17.1000,16.6650,17.0500,2563402,0
20140519,16.9800,17.1600,16.9200,17.0300,1511174,0
20140520,16.9800,17.0000,16.6600,16.7500,3088947,0
20140521,16.7900,17.0400,16.7700,16.9100,3311560,0
20140522,16.9800,17.2200,16.8300,17.1700,2513912,0
20140523,17.1600,17.2200,17.0000,17.0900,3261608,0
20140527,17.1300,17.2900,17.0600,17.2200,1757556,0
20140528,17.1900,17.2400,16.7800,17.1100,1886483,0
20140529,17.0900,17.1700,16.9700,17.1200,2607117,0
20140530,17.0900,17.1800,17.0100,17.0600,2365976,0
20140602,17.1000,17.3300,17.0300,17.2600,2036025,0
20140603,17.1300,17.4800,17.1300,17.3700,1790540,0
20140604,17.3000,17.6000,17.2800,17.4700,1692518,0
20140605,17.5400,17.7400,17.3300,17.7200,1493623,0
20140606,17.7200,17.9200,17.6000,17.6900,2090351,0
20140609,17.6400,17.9400,17.6000,17.6600,1837496,0
20140610,17.6600,17.7480,17.4800,17.6100,1659409,0
20140611,17.6300,17.6850,17.5100,17.6300,1029158,0
20140612,17.5600,17.5600,17.3000,17.3000,5452448,0
20140613,17.3800,17.6000,17.1400,17.2300,2169517,0
20140616,17.1400,17.2300,16.9200,17.1200,2580145,0
20140617,17.0600,17.2800,17.0100,17.2500,1748466,0
20140618,17.2500,17.5800,17.1900,17.5800,2913373,0
20140619,17.5200,17.6800,17.2300,17.6700,3198030,0
20140620,17.7600,17.8100,17.3400,17.6300,4040074,0
20140623,17.6900,17.7100,17.2750,17.3700,3755701,0
20140624,17.3800,17.6400,17.1900,17.4900,3105434,0
20140625,17.4100,17.7800,17.2600,17.7100,2979634,0
20140626,17.8000,18.0300,17.5500,18.0200,5715952,0
20140627,17.9000,18.0800,17.8100,17.9800,8692903,0
20140630,17.9700,18.1200,17.7700,17.9400,3698849,0
20140701,18.0200,18.1800,16.7150,18.1000,2707610,0
20140702,18.0300,18.3000,17.9800,18.2550,2817054,0
20140703,18.2700,18.3350,18.1800,18.2800,1298732,0
20140707,18.2400,18.2500,18.0900,18.1175,1711357,0
20140708,18.1700,18.3000,17.9900,18.1400,3165173,0
20140709,18.2400,18.3700,18.1050,18.2200,4098868,0
20140710,18.1000,18.1300,17.9150,17.9900,4019796,0
20140711,18.0000,18.1800,17.9600,18.0900,2400754,0
20140714,18.1900,18.2400,18.0250,18.1800,2026221,0
20140715,18.1800,18.3900,18.1300,18.2700,3810006,0
20140716,18.2600,18.4100,18.1700,18.2300,2305102,0
20140717,18.2000,18.2400,18.0400,18.0500,2687927,0
20140718,18.1200,18.2800,18.0000,18.2200,1587179,0
20140721,18.0800,18.2950,18.0000,18.1300,1811420,0
20140722,18.2300,18.2700,18.0300,18.1000,1407794,0
20140723,18.0400,18.1300,17.9200,18.1100,2744595,0
20140724,18.1900,18.3100,18.0900,18.2900,2551527,0
20140725,18.2500,18.2900,18.1200,18.1400,3632059,0
20140728,18.1000,18.1100,17.9000,18.0600,2507701,0
20140729,18.1100,18.2000,17.8500,17.8700,2971794,0
20140730,17.9000,18.0300,17.7100,17.8450,3300816,0
20140731,17.7700,17.9300,17.6200,17.6500,2539079,0
20140801,17.6300,17.8500,17.5800,17.7750,2467319,0
20140804,17.8000,17.8800,17.6100,17.8350,2174003,0
20140805,17.4600,17.8050,17.4600,17.6500,2728609,0
20140806,17.6000,17.7100,17.5000,17.6300,2050440,0
20140807,17.7200,17.7200,17.3700,17.4200,6505253,0
20140808,16.4600,17.2700,16.3250,17.1500,13082707,0
20140811,17.1700,17.4600,17.1600,17.3400,5703671,0
20140812,17.3600,17.5000,17.2200,17.2450,4887016,0
20140813,16.5000,17.3280,16.4200,17.1100,4440198,0
20140814,17.1700,17.3200,17.1300,17.3100,1799956,0
20140815,17.3600,17.3800,17.1450,17.2500,2789119,0
20140818,17.2700,17.4050,17.1500,17.2000,4010756,0
20140819,17.1600,17.2400,17.0700,17.1450,2868690,0
20140820,17.1400,17.4950,17.0788,17.4550,2653788,0
20140821,17.4700,17.6000,17.3900,17.5800,3271711,0
20140822,17.6000,17.6000,17.3900,17.4900,2091871,0
20140825,17.5500,17.6600,17.4700,17.6550,1750253,0
20140826,17.7100,17.7100,17.5900,17.6200,1207975,0
20140827,17.6100,17.6800,17.5400,17.6750,1501512,0
20140828,17.6500,17.7500,17.5120,17.6700,2132252,0
20140829,17.6800,17.7200,17.5400,17.6250,2001391,0
20140902,17.6500,17.7400,17.4200,17.4300,3330557,0
20140903,17.5200,17.6400,17.5200,17.6000,2083220,0
20140904,17.6700,17.8000,17.5700,17.6000,1732165,0
20140905,17.5400,17.7500,17.5400,17.7500,1932807,0
20140908,17.7000,17.7400,17.5550,17.6200,1967074,0
20140909,17.6100,17.6200,17.2700,17.2900,2434186,0
20140910,17.2700,17.5100,17.2000,17.4650,1414394,0
20140911,17.4100,17.4700,17.2600,17.2800,1246502,0
20140912,17.2700,17.2700,17.0500,17.1200,1628800,0
20140915,17.1500,17.2900,16.8700,17.0500,2426918,0
20140916,17.0200,17.1750,16.9800,17.0400,1576694,0
20140917,17.0300,17.1400,16.9100,17.0400,2309519,0
20140918,17.0700,17.1600,16.9400,17.0300,2504784,0
20140919,17.1200,17.2500,17.0200,17.2200,2836719,0
20140922,17.1400,17.2200,17.0100,17.0500,2574927,0
20140923,16.9800,17.0880,16.9200,16.9200,2900136,0
20140924,16.8900,16.9900,16.7900,16.9100,2164500,0
20140925,16.7800,16.8800,16.6800,16.7100,2087137,0
20140926,16.7100,17.0000,16.6900,16.9800,1828984,0
20140929,16.8800,16.9600,16.7200,16.8000,5885021,0
20140930,16.7200,16.7700,16.3300,16.3500,8958409,0
20141001,16.2700,16.3400,15.9500,15.9750,8020979,0
20141002,16.0000,16.0700,15.6800,15.8050,5588837,0
20141003,15.8800,15.9900,15.8500,15.9100,6149864,0
20141006,15.9600,16.0500,15.8650,15.9300,6985178,0
20141007,15.8400,15.9200,15.4700,15.4700,7785765,0
20141008,15.5000,15.9800,15.4600,15.9800,7318460,0
20141009,15.9700,15.9700,15.3650,15.4800,6157289,0
20141010,15.5000,15.6186,15.1000,15.1100,2975771,0
20141013,15.0300,15.1000,14.6300,14.6400,4226093,0
20141014,14.7700,15.0500,14.7400,14.7900,3578933,0
20141015,14.5100,14.9550,14.4700,14.6950,5365206,0
20141016,14.4200,14.8300,14.2800,14.6000,8256806,0
20141017,14.7700,14.9400,14.5800,14.7100,4679851,0
20141020,14.8300,14.9100,14.6000,14.9000,4095236,0
20141021,15.0000,15.4650,15.0000,15.4100,4286811,0
20141022,15.3900,15.6600,15.2500,15.2550,3728198,0
20141023,15.5400,15.6300,15.3900,15.5100,2196790,0
20141024,15.5000,15.7600,15.4800,15.7300,2025194,0
20141027,15.7100,15.7100,15.3800,15.4600,2566425,0
20141028,15.4700,15.5700,15.3700,15.5300,2777666,0
20141029,15.4800,15.6500,15.4200,15.5300,1795210,0
20141030,15.4400,15.6100,15.3500,15.4900,2376072,0
20141031,15.7400,15.8000,15.2900,15.4800,3663370,0
20141103,15.7700,15.7800,15.4300,15.5600,2477227,0
20141104,15.4900,15.6520,15.0700,15.1450,4500115,0
20141105,15.2800,15.4500,15.1500,15.3000,2590063,0
20141106,15.8400,15.9100,15.3200,15.3300,9286522,0
20141107,15.2700,15.4100,15.1400,15.1500,4647031,0
20141110,15.1300,15.3000,15.0800,15.2400,4113629,0
20141111,15.2600,15.3800,15.1500,15.2400,3335739,0
20141112,15.1800,15.4299,15.1800,15.2700,3751252,0
20141113,15.3300,15.3300,14.8500,14.9900,7935620,0
20141114,14.9500,15.2000,14.9300,15.2000,2550323,0
20141117,15.1900,15.2400,14.9200,15.0400,6940803,0
20141118,14.9800,15.1200,14.9600,15.0100,6326759,0
20141119,15.0400,15.2200,14.9100,15.1900,10478818,0
20141120,14.6900,15.2100,14.6800,15.1400,7191870,0
20141121,15.3200,15.3600,15.0750,15.1700,4993784,0
20141124,15.3300,15.5300,15.0650,15.4600,6880886,0
20141125,15.5600,15.5800,15.4100,15.4500,4066420,0
20141126,15.4500,15.6900,15.4100,15.6800,3698882,0
20141128,15.7000,15.7000,15.4700,15.5200,1660452,0
20141201,15.6700,15.6900,15.4100,15.5600,3207023,0
20141202,15.6000,15.7800,15.4900,15.7400,3123132,0
20141203,15.7200,15.8100,15.6200,15.7900,3735796,0
20141204,15.7200,15.8300,15.5900,15.7100,3225531,0
20141205,15.7100,15.8400,15.6300,15.8200,2886447,0
20141208,15.8100,15.8200,15.4600,15.5000,4038701,0
20141209,15.3700,15.7000,15.3600,15.6900,3431232,0
20141210,15.6100,15.6500,15.3050,15.3400,3628144,0
20141211,15.6000,15.6000,15.2300,15.3300,3520001,0
20141212,15.1900,15.2900,15.0500,15.0500,3496440,0
20141215,15.0900,15.1800,14.7400,14.7600,3491030,0
20141216,14.7800,15.1100,14.6300,14.6300,4024425,0
20141217,14.6300,14.9250,14.5900,14.8900,3363122,0
20141218,15.1300,15.3400,14.9400,15.0200,3814301,0
20141219,15.0600,15.2800,15.0600,15.2200,4983952,0
20141222,15.2700,15.4900,15.1600,15.3800,3678331,0
20141223,15.4100,15.6700,15.3400,15.6100,2119393,0
20141224,15.6800,15.6800,15.3000,15.4800,1439941,0
20141226,15.5500,15.6050,15.5100,15.5700,1667230,0
20141229,15.5900,15.7800,15.5700,15.7400,2244858,0
20141230,15.6000,15.8600,15.5300,15.7700,2825285,0
20141231,15.7800,15.9300,15.6900,15.6900,2176476,0
20150102,15.8200,15.9100,15.4100,15.5900,2843389,0
20150105,15.4500,15.5450,15.0800,15.1200,3871544,0
20150106,15.1000,15.2000,14.7600,14.9100,4084840,0
20150107,15.0400,15.0400,14.6800,14.8700,2407207,0
20150108,15.0500,15.3850,14.8300,15.3350,3647754,0
20150109,15.2900,15.4300,15.2400,15.4100,2368110,0
20150112,15.3900,15.4300,15.1200,15.2750,3089645,0
20150113,15.3500,15.4100,15.0710,15.2300,3640802,0
20150114,15.1500,15.2100,14.7200,15.1000,4668630,0
20150115,15.2000,15.3500,14.9500,15.0100,2576343,0
20150116,14.9900,15.1200,14.9700,15.0600,1488218,0
20150120,15.1200,15.1300,14.7400,14.9300,2776133,0
20150121,14.9100,15.0000,14.7600,14.9500,3370875,0
20150122,15.0100,15.2450,14.8400,15.2000,1956252,0
20150123,15.1900,15.3300,15.0800,15.1800,1893249,0
20150126,15.1600,15.5400,15.1000,15.5400,1768516,0
20150127,15.6600,15.6700,15.3400,15.4500,2396951,0
20150128,15.4900,15.5100,15.1400,15.1400,2286902,0
20150129,15.1300,15.2300,14.7490,14.9300,2490489,0
20150130,14.8300,15.1050,14.7600,14.8900,2883740,0
20150202,14.9400,15.1100,14.7100,14.9400,3179608,0
20150203,15.0500,15.6900,15.0400,15.6100,3515804,0
20150204,15.6400,15.6800,15.4200,15.5900,2696127,0
20150205,15.5800,15.7500,15.4300,15.7300,3301144,0
20150206,16.1000,16.3500,15.9520,16.2600,6818329,0
20150209,16.2300,16.7800,16.2300,16.7150,6777421,0
20150210,16.7600,16.8300,16.2900,16.7700,3868283,0
20150211,16.7700,16.8700,16.6650,16.7600,3635188,0
20150212,16.4800,16.9900,16.4800,16.8400,2251493,0
20150213,16.9200,17.0500,16.8200,16.8900,2612070,0
20150217,16.8900,17.1100,16.8100,17.1100,2348264,0
20150218,17.0300,17.0800,16.8800,16.9600,3318472,0
20150219,16.9700,17.0500,16.8500,17.0400,1566981,0
20150220,17.0000,17.2000,16.8100,17.1400,1871606,0
20150223,17.1200,17.3300,17.0120,17.3200,1918828,0
20150224,17.1800,17.4300,17.1450,17.2850,2363661,0
20150225,17.2400,17.5500,17.2400,17.4400,2242952,0
20150226,17.4700,17.5200,17.2400,17.3250,1686827,0
20150227,17.3200,17.4200,17.2150,17.2750,2334001,0
20150302,17.3300,17.5200,17.2400,17.4400,2323309,0
20150303,17.3900,17.4300,17.1900,17.2100,2390887,0
20150304,17.1600,17.2200,16.9450,17.0900,2543832,0
20150305,17.2200,17.2200,17.0400,17.0950,2073037,0
20150306,17.0000,17.2200,16.7600,16.8300,2359249,0
20150309,16.9300,16.9800,16.6400,16.6800,2974353,0
20150310,16.5600,16.6700,16.2200,16.2300,4956129,0
20150311,16.2200,16.4700,16.1900,16.4000,2359465,0
20150312,16.5200,16.8200,16.4700,16.7500,2038445,0
20150313,16.6700,16.7700,16.4400,16.7000,2570046,0
20150316,16.8100,16.9200,16.6900,16.9200,1916216,0
20150317,16.7800,16.8600,16.6250,16.7500,1376239,0
20150318,16.5900,16.9600,16.5700,16.8900,1991474,0
20150319,16.8200,16.8300,16.5100,16.6900,2331683,0
20150320,16.7600,16.9800,16.7600,16.8400,3279450,0
20150323,16.8200,16.9900,16.8200,16.8800,2005980,0
20150324,16.8400,16.8900,16.7200,16.7750,2415762,0
20150325,16.8800,16.8800,16.4200,16.4200,1692304,0
20150326,16.3200,16.3200,16.1100,16.1800,3476771,0
20150327,16.1100,16.2500,16.0900,16.1500,2266065,0
20150330,16.2200,16.4500,16.1600,16.2200,2106104,0
20150331,16.1600,16.2300,15.9800,16.0100,2492361,0
20150401,16.0300,16.1300,15.8750,16.1100,2688636,0
20150402,16.0900,16.2300,16.0100,16.1800,1600658,0
20150406,16.0400,16.3850,16.0300,16.2500,1062235,0
20150407,16.1800,16.3400,16.1200,16.1200,1169141,0
20150408,16.1600,16.2700,16.0100,16.0600,1601808,0
20150409,16.0300,16.1100,15.8400,15.9400,1708622,0
20150410,15.9400,16.0200,15.8600,15.9200,3766105,0
20150413,15.9300,16.1000,15.8900,16.0700,1667108,0
20150414,16.0400,16.1900,15.9800,15.9800,1890547,0
20150415,15.9700,16.0750,15.9400,15.9500,3793198,0
20150416,15.8700,16.1400,15.6800,15.8900,3325965,0
20150417,15.7100,15.7900,15.5350,15.5900,3011042,0
20150420,15.6700,15.7400,15.5700,15.6450,2301362,0
20150421,15.6600,15.7400,15.5100,15.5200,1771033,0
20150422,15.5400,15.6350,15.4100,15.5550,4205003,0
20150423,15.5100,15.6350,15.4350,15.5600,2462435,0
20150424,15.5300,15.6600,15.4300,15.5300,1502389,0
20150427,15.5900,15.8600,15.5500,15.5700,2675884,0
20150428,15.5900,15.9950,15.5100,15.9700,3817632,0
20150429,15.9000,15.9900,15.7700,15.7850,2979625,0
20150430,15.7200,15.8800,15.6600,15.7800,3968786,0
20150501,15.9000,16.0800,15.8900,16.0450,2394354,0
20150504,16.0500,16.1900,15.9400,16.1700,2144279,0
20150505,16.1300,16.2700,15.9200,16.0200,5219292,0
20150506,15.0500,15.3300,14.8200,14.9900,11227128,0
20150507,15.0100,15.0200,14.8200,14.9700,6896598,0
20150508,15.0900,15.2200,15.0300,15.1400,3149035,0
20150511,15.1200,15.9200,15.1200,15.7100,6697227,0
20150512,15.6000,15.6000,15.2800,15.3500,3925386,0
20150513,15.3200,15.5000,15.2100,15.2600,2759478,0
20150514,15.3800,15.4400,15.1300,15.3850,3041198,0
20150515,15.3500,15.5900,15.3100,15.5500,2836013,0
20150518,15.5600,15.6900,15.3750,15.6750,3449352,0
20150519,15.6700,15.7000,15.5400,15.6800,2616800,0
20150520,15.6700,15.7400,15.6000,15.6300,1902951,0
20150521,15.5800,15.6900,15.5200,15.6300,1501314,0
20150522,15.6300,15.6550,15.5000,15.5400,2596253,0
20150526,15.5500,15.6350,15.2600,15.3400,2659064,0
20150527,15.4000,15.5700,15.3100,15.4400,2599231,0
20150528,15.3700,15.4100,15.2600,15.3500,3097505,0
20150529,15.3100,15.4000,15.1450,15.1500,1701497,0
20150601,15.2000,15.4700,15.0100,15.2250,2255383,0
20150602,15.1600,15.2700,15.0750,15.1600,1480958,0
20150603,15.2200,15.3000,15.1000,15.2200,1549857,0
20150604,15.1700,15.2300,14.9650,15.0000,2055003,0
20150605,15.0100,15.0600,14.8500,15.0000,1824860,0
20150608,14.9300,14.9800,14.8200,14.8350,1635149,0
20150609,14.8100,14.8500,14.5400,14.5600,2668502,0
20150610,14.5800,14.7700,14.5700,14.6500,2211535,0
20150611,14.6600,14.7000,14.5500,14.5800,2057254,0
20150612,14.5100,14.5800,14.3700,14.4050,2152585,0
20150615,14.3300,14.3750,14.2000,14.2000,3548812,0
20150616,14.2000,14.2800,14.1700,14.2000,2257476,0
20150617,14.2600,14.3350,14.1700,14.2200,2461625,0
20150618,14.4100,14.6200,14.3900,14.5400,4860606,0
20150619,14.4700,14.9900,14.4700,14.9700,4886505,0
20150622,15.0100,15.1500,14.9000,15.0500,1922526,0
20150623,15.0900,15.1600,14.9750,14.9900,2304946,0
20150624,14.9800,15.1200,14.8100,14.8300,2314330,0
20150625,14.8200,14.9100,14.6800,14.7500,2984902,0
20150626,14.8100,15.2000,14.6500,15.2000,8837369,0
20150629,15.0400,15.1108,14.4400,14.4500,3444967,0
20150630,14.5300,14.6300,14.3300,14.5900,4212352,0
20150701,14.7300,14.8100,14.5400,14.6400,2245143,0
20150702,14.6900,14.9900,14.5600,14.6000,2845807,0
20150706,14.4500,14.5300,14.2400,14.3000,2732406,0
20150707,14.3400,14.4000,14.0400,14.3500,3033123,0
20150708,14.2500,14.3300,14.1200,14.1600,2317594,0
20150709,14.3100,14.4100,14.1400,14.1800,1925619,0
20150710,14.2900,14.3800,14.1300,14.2500,1391016,0
20150713,14.3200,14.5100,14.2100,14.4300,1972806,0
20150714,14.3900,14.4700,14.3200,14.4300,2049957,0
20150715,14.4100,14.5400,14.3500,14.4300,1774100,0
20150716,14.5600,14.7100,14.5100,14.6600,1604231,0
20150717,14.6300,14.8400,14.5500,14.8100,3523774,0
20150720,14.8100,14.9200,14.7200,14.9000,1982035,0
20150721,14.8700,14.9100,14.5800,14.5800,2909346,0
20150722,14.5500,14.7300,14.4750,14.6100,2889903,0
20150723,14.5900,14.7600,14.5000,14.7200,2781493,0
20150724,14.7100,14.8900,14.5700,14.8600,3569290,0
20150727,15.0700,15.0800,14.7100,14.8300,4183351,0
20150728,14.8600,14.8600,14.4600,14.7850,2577996,0
20150729,14.7200,14.8800,14.6550,14.8300,2896624,0
20150730,14.8200,14.8200,14.6000,14.8000,2019390,0
20150731,14.8800,14.9400,14.7050,14.7300,2366135,0
20150803,14.7600,14.7700,14.4700,14.5400,2135438,0
20150804,14.5600,14.7700,14.5100,14.5550,1762523,0
20150805,14.6700,14.6700,14.5100,14.6000,2979834,0
20150806,14.5600,14.5999,13.7300,14.0200,3560888,0
20150807,14.0600,14.1400,13.7800,14.1100,3312866,0
20150810,14.2000,14.3800,14.0700,14.3500,2229888,0
20150811,14.2800,14.2900,13.8700,13.9600,2895602,0
20150812,13.6800,14.2600,13.5900,14.1200,4201822,0
20150813,15.2300,15.9200,14.7950,15.1900,8441311,0
20150814,15.2500,15.3500,15.0750,15.1800,4077858,0
20150817,15.1000,15.3000,15.0900,15.2500,3101998,0
20150818,15.2400,15.2800,15.0700,15.1300,2163765,0
20150819,15.0800,15.3000,14.8900,15.0300,2165756,0
20150820,14.8700,14.8700,14.2500,14.2600,3446122,0
20150821,14.2200,14.3500,13.9100,13.9100,4383546,0
20150824,13.1000,13.5800,12.6700,13.0400,10769187,0
20150825,13.3100,13.6500,12.9300,12.9400,7372638,0
20150826,13.2600,13.4700,12.8600,13.2200,5004543,0
20150827,13.4100,13.6700,13.2950,13.6200,6748989,0
20150828,13.5700,13.8900,13.5000,13.8000,3605998,0
20150831,13.7500,13.8000,13.4450,13.6300,3295041,0
20150901,13.3100,13.3600,12.9800,13.0700,4385420,0
20150902,13.2800,13.5800,12.9600,13.1300,3770725,0
20150903,12.9200,13.4900,12.9200,13.3200,3458202,0
20150904,13.0800,13.1600,12.8100,12.8200,3687388,0
20150908,13.0900,13.3600,12.9800,13.3500,3354205,0
20150909,13.5100,13.6600,13.1400,13.2200,3679455,0
20150910,13.1400,13.3050,12.9800,13.0100,3836393,0
20150911,12.9300,13.0550,12.8500,13.0500,3455598,0
20150914,12.9900,12.9900,12.7350,12.8100,2656738,0
20150915,12.8800,12.9700,12.8200,12.9350,2573434,0
20150916,12.7900,13.0600,12.7850,13.0400,3785964,0
20150917,12.8000,13.4800,12.7600,13.2100,6000935,0
20150918,13.0300,13.1800,12.7850,12.9200,14768808,0
20150921,12.9600,13.2250,12.8800,12.9300,3364885,0
20150922,12.7500,12.9500,12.7000,12.7900,3163709,0
20150923,12.8300,12.8800,12.6500,12.7500,2084694,0
20150924,12.6800,12.8900,12.6300,12.8300,2955352,0
20150925,12.9200,12.9200,12.6800,12.7500,2624719,0
20150928,12.6700,12.9400,12.2600,12.2900,3897819,0
20150929,12.2800,12.4550,12.1600,12.2600,5028826,0
20150930,12.3200,12.6450,12.1600,12.6200,2897186,0
20151001,12.7700,12.9450,12.5300,12.7300,3337856,0
20151002,12.5200,13.0500,12.3500,13.0400,3011418,0
20151005,13.3400,13.4600,13.1750,13.4100,4246639,0
20151006,13.4200,13.6100,13.2900,13.5000,2543787,0
20151007,13.6200,13.8000,13.4400,13.6300,3950174,0
20151008,13.6100,14.0600,13.6100,14.0500,2791374,0
20151009,14.0000,14.1200,13.7700,13.9600,4027280,0
20151012,13.9800,14.0400,13.8000,13.9100,1681858,0
20151013,13.8500,14.0300,13.7700,13.9100,2480182,0
20151014,13.9400,14.0800,13.8350,13.9800,3008038,0
20151015,14.0800,14.3150,13.9100,14.2900,3552517,0
20151016,14.3600,14.6100,14.1000,14.5900,3064207,0
20151019,14.5500,14.6600,14.4100,14.5800,2757574,0
20151020,14.5800,14.6700,14.4550,14.5700,2011352,0
20151021,14.6500,14.6500,14.2300,14.2400,2384485,0
20151022,14.3800,14.7050,14.2800,14.6900,2585085,0
20151023,14.7300,15.0200,14.6300,15.0000,3555225,0
20151026,15.0100,15.0351,14.4100,14.7100,3862669,0
20151027,14.6400,14.7000,14.4250,14.6900,3017541,0
20151028,14.7300,15.0050,14.4992,15.0000,3166379,0
20151029,14.8900,15.1800,14.8900,15.1200,3490991,0
20151030,15.1000,15.4400,14.9400,15.4000,4481129,0
20151102,15.3600,15.6800,15.1700,15.6300,3856245,0
20151103,15.6400,15.6400,15.3200,15.4100,2631031,0
20151104,15.5000,15.5300,15.2550,15.4400,2885914,0
20151105,15.4300,15.5300,15.1900,15.3500,2860647,0
20151106,15.5900,15.5900,14.7000,14.8800,4259639,0
20151109,14.5700,14.7600,14.2750,14.4200,4045053,0
20151110,14.3500,14.5300,14.2800,14.4400,2843455,0
20151111,14.4200,14.5200,14.3300,14.3800,2100444,0
20151112,14.2600,14.3700,14.0850,14.1100,3055177,0
20151113,14.1200,14.3300,13.7800,13.7800,2996591,0
20151116,13.7900,14.1500,13.7600,14.1400,2887881,0
20151117,14.1400,14.3100,14.0150,14.1400,2530988,0
20151118,14.1600,14.2900,14.0700,14.2700,2412908,0
20151119,14.2900,14.3100,14.0800,14.1900,2361167,0
20151120,14.2600,14.4200,14.0300,14.2600,2502236,0
20151123,14.4000,14.4900,13.9700,14.3200,1688843,0
20151124,14.2600,14.4500,14.2100,14.4300,2062988,0
20151125,14.4400,14.4850,14.3050,14.4300,1573497,0
20151127,14.4400,14.4400,14.1850,14.2500,879224,0
20151130,14.3000,14.4300,14.1400,14.3500,1914909,0
20151201,14.4700,14.6600,14.3800,14.6300,1931871,0
20151202,14.5900,14.6200,14.3700,14.4100,2374227,0
20151203,14.4100,14.5100,13.5900,13.7800,3572694,0
20151204,13.7900,14.0850,13.7100,14.0600,1747568,0
20151207,14.0000,14.0500,13.8250,13.8700,2404439,0
20151208,14.0100,14.0100,13.4700,13.5000,2351972,0
20151209,13.4600,13.7850,13.3900,13.5000,2026857,0
20151210,13.4800,13.8750,13.4600,13.7500,3046667,0
20151211,13.5500,13.6100,13.2600,13.3200,2051366,0
20151214,13.3600,13.4100,13.1200,13.2600,2338154,0
20151215,13.3900,13.6200,13.3300,13.4600,1755842,0
20151216,13.5900,13.7700,13.4700,13.6700,2895115,0
20151217,13.6800,13.7300,13.3500,13.3600,2373917,0
20151218,13.2700,13.3850,13.1450,13.1800,3676059,0
20151221,13.2700,13.3800,13.1300,13.3600,2138480,0
20151222,13.4400,13.4899,13.2700,13.3100,2759424,0
20151223,13.4300,13.7300,13.3900,13.7000,3423674,0
20151224,13.4600,13.8400,13.3200,13.6200,921008,0
20151228,13.5100,13.6300,13.3150,13.5200,1657906,0
20151229,13.6300,13.8100,13.5200,13.7200,1584672,0
20151230,13.6700,13.7500,13.4500,13.5200,1717487,0
20151231,13.5000,13.5450,13.3500,13.3600,1662151,0
20160104,13.1200,13.2100,13.0099,13.2100,3788955,0
20160105,13.2600,13.3200,12.6900,12.7700,4541382,0
20160106,12.5300,12.8200,12.4800,12.7100,3480251,0
20160107,12.4400,12.6100,12.3900,12.4200,3026663,0
20160108,12.5600,12.7100,12.4200,12.5800,4270295,0
20160111,12.4000,12.6400,12.0600,12.2100,4187911,0
20160112,12.3500,12.4800,12.2150,12.4300,3593644,0
20160113,12.5100,12.5400,12.0800,12.1900,4269968,0
20160114,12.2900,12.8100,12.1800,12.7100,4908062,0
20160115,12.3600,12.7300,12.2500,12.5100,5759931,0
20160119,12.6700,12.6700,12.1200,12.3500,4517691,0
20160120,12.1200,12.2800,11.8000,12.1500,4596395,0
20160121,12.1500,12.5800,12.0500,12.3700,3176626,0
20160122,12.7000,12.7200,12.5250,12.7000,2294111,0
20160125,12.6600,12.7250,12.4600,12.5000,3031990,0
20160126,12.5700,12.8000,12.4100,12.8000,2353690,0
20160127,12.6800,12.9550,12.6000,12.7000,3241819,0
20160128,12.9600,12.9600,12.5400,12.8400,3838024,0
20160129,12.8900,13.0500,12.6700,12.9700,3797352,0
20160201,13.1000,13.1000,12.4950,12.7000,4108079,0
20160202,12.5500,12.6800,12.0700,12.1200,3635306,0
20160203,12.2600,12.6500,11.9400,12.2400,3527151,0
20160204,12.2200,12.4950,12.1600,12.2100,6047832,0
20160205,11.4300,11.7900,10.9600,11.1000,9533686,0
20160208,10.9700,11.0900,10.2600,10.5600,6507065,0
20160209,10.3700,10.6501,10.2900,10.4900,4649939,0
20160210,10.5200,10.7700,10.4700,10.6000,5278402,0
20160211,10.4400,10.4800,10.2100,10.4000,3846567,0
20160212,10.5300,10.9946,10.4700,10.7500,3961890,0
20160216,10.9200,11.1000,10.6400,10.9400,3766571,0
20160217,11.0200,11.2697,10.9300,11.0000,3093190,0
20160218,11.0200,11.0500,10.8300,10.8500,2953015,0
20160219,10.8000,11.0600,10.7500,10.9200,4679180,0
20160222,11.0400,11.1900,11.0200,11.1000,2513241,0
20160223,11.0200,11.1700,10.8800,10.8900,3875655,0
20160224,10.4900,10.8550,10.4900,10.7900,5384109,0
20160225,10.8100,10.8800,10.5800,10.8700,2864880,0
20160226,10.9500,11.0400,10.8200,10.9200,2525372,0
20160229,10.9100,11.1689,10.8000,10.8200,2382508,0
20160301,10.9000,10.9400,10.6900,10.7700,4031790,0
20160302,10.7300,10.9400,10.7100,10.8900,5886962,0
20160303,10.8900,10.9700,10.7700,10.9100,7358256,0
20160304,10.9200,11.1250,10.8300,11.0000,10705400,0
20160307,10.8700,11.3500,10.8400,11.3100,5425155,0
20160308,11.2200,11.2700,10.8700,10.9200,3362456,0
20160309,11.0000,11.3500,10.8800,11.0900,5974628,0
20160310,11.1700,11.1900,10.8700,11.0900,5918928,0
20160311,11.2500,11.7700,11.0500,11.7500,4729576,0
20160314,11.6900,11.9199,11.3500,11.5600,2983444,0
20160315,11.5100,11.6200,11.3400,11.5700,2319264,0
20160316,11.5300,12.1300,11.5300,12.0600,6617816,0
20160317,12.0700,12.6600,12.0700,12.4400,5466828,0
20160318,12.4900,12.5900,12.2100,12.3100,3639012,0
20160321,12.2900,12.4400,12.1800,12.3800,2207783,0
20160322,12.3300,12.6500,12.3000,12.6400,3620102,0
20160323,12.6100,12.7500,12.5200,12.5400,5571931,0
20160324,12.4400,12.5400,12.2900,12.5000,3095864,0
20160328,12.5200,12.8600,12.4900,12.8500,3438717,0
20160329,12.8200,12.9000,12.6100,12.8600,2779867,0
20160330,12.9400,12.9400,12.6250,12.7500,2105611,0
20160331,12.7400,12.8800,12.6100,12.7700,2070884,0
20160401,12.6800,13.0500,12.5100,13.0300,3252443,0
20160404,13.0000,13.0600,12.7400,12.7600,2726333,0
20160405,12.6900,12.8700,12.5300,12.6100,2802048,0
20160406,12.6600,12.8100,12.4910,12.7700,3114747,0
20160407,12.7300,12.8500,12.4600,12.5900,4949475,0
20160408,12.6900,12.6900,12.3300,12.4100,2507834,0
20160411,12.4200,12.4900,12.2900,12.2900,2359299,0
20160412,12.3500,12.5500,12.2601,12.4700,2137311,0
20160413,12.5400,12.7100,12.4900,12.7000,1708870,0
20160414,12.7500,12.8550,12.7100,12.7300,1595230,0
20160415,12.7300,12.7500,12.5900,12.7000,1368908,0
20160418,12.5900,12.6500,12.4300,12.4600,5529608,0
20160419,12.4600,12.6800,12.3900,12.5400,3123399,0
20160420,12.5600,12.6700,12.4750,12.5400,2863272,0
20160421,12.5400,12.9100,12.4850,12.7400,3575523,0
20160422,12.7600,12.9100,12.7300,12.8000,2452310,0
20160425,12.7600,12.8200,12.5200,12.6200,1516216,0
20160426,12.6400,12.8350,12.5500,12.7900,1156767,0
20160427,12.7900,12.8800,12.5800,12.6700,1206159,0
20160428,12.6000,12.7900,12.4950,12.5400,1592056,0
20160429,12.4800,12.5800,12.2200,12.4200,1802653,0
20160502,12.4500,12.6900,12.3900,12.6100,1695318,0
20160503,12.4900,12.5300,12.1800,12.2300,2539483,0
20160504,12.1600,12.3050,12.0650,12.1500,1988006,0
20160505,12.2200,12.2300,12.0700,12.1700,2132182,0
20160506,11.8300,12.7300,11.8300,12.7000,4799555,0
20160509,12.4600,12.6700,12.0800,12.2800,3600270,0
20160510,12.3400,12.3600,12.1400,12.3200,1833655,0
20160511,12.2400,12.3200,12.1800,12.2000,1654294,0
20160512,12.2300,12.2700,11.8900,11.9400,1978706,0
20160513,11.9300,12.0100,11.6500,11.6500,1733450,0
20160516,11.6600,11.7700,11.6200,11.7500,2266533,0
20160517,11.7400,11.9100,11.6536,11.6900,2376654,0
20160518,11.8600,11.8600,11.3100,11.6100,6167491,0
20160519,11.5200,11.6500,11.4800,11.5200,3080204,0
20160520,11.5700,11.9200,11.5300,11.8500,2410955,0
20160523,11.8400,11.9600,11.5708,11.7000,1398191,0
20160524,11.8000,11.8800,11.7100,11.8100,1682901,0
20160525,11.8500,12.0900,11.8300,12.0300,1367855,0
20160526,12.0000,12.0600,11.8500,11.8600,1200674,0
20160527,11.8600,11.9500,11.7400,11.9100,2752131,0
20160531,11.9100,12.0000,11.7600,11.9600,2531212,0
20160601,11.9100,12.0700,11.8300,12.0200,2224543,0
20160602,11.9900,12.1400,11.9300,12.1400,2385725,0
20160603,12.0800,12.0800,11.8100,11.9700,1567224,0
20160606,11.9900,12.2100,11.9550,12.1600,1282655,0
20160607,12.1300,12.1900,11.8100,11.8700,4454727,0
20160608,11.8700,11.9400,11.7600,11.8000,3163155,0
20160609,11.7400,11.8200,11.5950,11.6900,5961448,0
20160610,11.6000,11.6200,11.3100,11.5100,6459977,0
20160613,11.4800,11.7250,11.4300,11.5500,3711277,0
20160614,11.5300,11.6150,11.2500,11.4500,6434724,0
20160615,11.3900,11.8700,11.3900,11.6700,4112215,0
20160616,11.5800,11.6600,11.3000,11.4000,2774121,0
20160617,11.3800,11.4000,11.2000,11.2800,2547662,0
20160620,11.4100,11.5500,11.3100,11.4100,2129425,0
20160621,11.4100,11.5600,11.2600,11.5500,2798088,0
20160622,11.5700,11.8300,11.5400,11.6600,2065514,0
20160623,11.7900,12.0400,11.7600,11.8600,2290478,0
20160624,11.3000,11.3300,11.0700,11.1300,4974641,0
20160627,11.0600,11.1600,10.5400,10.6200,3681390,0
20160628,10.7300,10.8300,10.5700,10.7300,2302156,0
20160629,10.8500,11.2500,10.6000,11.2300,5070558,0
20160630,11.3000,11.4300,11.1950,11.3500,3028892,0
20160701,11.3600,11.6200,11.3000,11.4800,2280207,0
20160705,11.4500,11.4500,11.1001,11.2400,2920091,0
20160706,11.1900,11.2650,11.0500,11.2300,3271030,0
20160707,11.2300,11.4500,11.2300,11.3600,2182582,0
20160708,11.4700,11.7200,11.4400,11.6700,3018923,0
20160711,11.7200,11.8700,11.7000,11.8500,1845794,0
20160712,11.9800,12.1700,11.9300,12.1300,1845528,0
20160713,12.1800,12.3399,12.1300,12.2600,3058891,0
20160714,12.3500,12.4600,12.2100,12.3300,2598398,0
20160715,12.4000,12.4000,12.1400,12.3000,1513576,0
20160718,12.3000,12.5600,12.0700,12.4400,1865009,0
20160719,12.4100,12.5300,12.2800,12.5000,2046101,0
20160720,12.5600,12.5800,12.2900,12.4800,1455577,0
20160721,12.2300,12.5400,12.2300,12.4000,2436553,0
20160722,12.4500,12.6200,12.4100,12.6200,2040410,0
20160725,12.6300,12.6700,12.5500,12.6100,3096596,0
20160726,12.6300,12.8300,12.6200,12.8000,1676740,0
20160727,12.7700,12.9100,12.6200,12.7400,2835082,0
20160728,12.4300,12.7800,12.4300,12.7800,1530447,0
20160729,12.5400,13.0200,12.5400,12.9700,2278203,0
20160801,12.9500,13.0800,12.7900,12.8600,2679354,0
20160802,12.8300,12.8400,12.5800,12.6800,2624531,0
20160803,12.6800,12.8100,12.6100,12.6600,3250433,0
20160804,12.6600,12.7600,12.6500,12.7400,1610078,0
20160805,12.7900,13.0100,12.7600,12.8300,2170905,0
20160808,12.8700,13.0300,12.7450,12.8400,1879519,0
20160809,12.8000,13.4000,12.7000,13.3200,5906246,0
20160810,13.3700,13.3800,13.0200,13.1500,4367712,0
20160811,13.2100,13.4600,13.1900,13.3900,2885061,0
20160812,13.4100,13.5400,13.4100,13.5100,2533187,0
20160815,13.5500,13.7200,13.4500,13.6500,2954146,0
20160816,13.5500,13.7300,13.4228,13.6800,4215472,0
20160817,13.6900,13.7700,13.6400,13.7600,2803984,0
20160818,13.7300,13.8800,13.7000,13.7500,3130222,0
20160819,13.7500,13.7900,13.6200,13.7400,1833372,0
20160822,13.6600,13.8350,13.5800,13.8200,2882908,0
20160823,13.9400,13.9400,13.8100,13.8500,2539781,0
20160824,13.9000,13.9500,13.8200,13.8400,3026466,0
20160825,13.8500,13.9400,13.7300,13.8900,2692727,0
20160826,13.9700,14.1150,13.8300,13.9800,2589401,0
20160829,14.0500,14.1200,13.9600,14.0400,2189081,0
20160830,13.9400,14.1300,13.8800,14.0100,2348312,0
20160831,14.0300,14.0650,13.8400,14.0600,3011416,0
20160901,14.0900,14.1400,13.8250,13.9700,2600143,0
20160902,14.0500,14.1200,13.8050,13.9400,2895821,0
20160906,14.3400,14.3400,13.6700,13.7600,3779228,0
20160907,13.7400,13.8200,13.7100,13.7800,2816224,0
20160908,13.7500,14.0400,13.7100,13.8100,2939282,0
20160909,13.6900,13.7700,13.3600,13.3600,3240351,0
20160912,13.2200,13.9200,13.1800,13.9000,3627191,0
20160913,13.7500,13.7700,13.5800,13.6400,3777661,0
20160914,13.6500,13.7600,13.5650,13.7100,3272243,0
20160915,13.7200,13.7700,13.5800,13.6400,2534446,0
20160916,13.5200,13.6900,13.4700,13.6400,4291813,0
20160919,13.6800,13.7300,13.5400,13.6200,2170740,0
20160920,13.7300,13.7800,13.6400,13.7100,2584513,0
20160921,13.7300,13.9600,13.6800,13.9300,2030326,0
20160922,14.0200,14.1700,13.9600,14.1400,1757541,0
20160923,14.0000,14.2300,14.0000,14.0500,1291259,0
20160926,13.9900,13.9900,13.7800,13.8200,1929149,0
20160927,13.8300,13.9600,13.7600,13.9600,1793201,0
20160928,13.9600,14.0400,13.8500,14.0200,2439671,0
20160929,14.0300,14.0700,13.7700,13.8900,2503746,0
20160930,13.9100,14.1100,13.9000,13.9800,2922834,0
20161003,13.8900,14.5100,13.8900,14.4300,3874352,0
20161004,14.4400,14.5100,14.1850,14.2800,3855042,0
20161005,14.2900,14.6800,14.2250,14.6200,4702024,0
20161006,14.5700,14.6100,14.2500,14.5200,2832875,0
20161007,14.5000,14.5500,14.0300,14.1100,3340515,0
20161010,14.1700,14.3500,13.8900,13.9200,2288109,0
20161011,13.6400,13.9200,13.5550,13.6700,1923942,0
20161012,13.6800,13.7000,13.4600,13.4700,2677306,0
20161013,13.4000,13.5900,13.2800,13.5400,2231532,0
20161014,13.6200,13.6500,13.3400,13.3700,1747107,0
20161017,13.3800,13.4400,13.3100,13.3800,1288074,0
20161018,13.5400,13.6300,13.3600,13.5100,1941606,0
20161019,13.5200,13.7300,13.4600,13.6500,1275578,0
20161020,13.5900,13.6850,13.4100,13.5100,2332161,0
20161021,13.3700,13.5400,13.2601,13.4100,1353200,0
20161024,13.5300,13.5300,12.9600,12.9700,3262952,0
20161025,12.9600,12.9900,12.6201,12.6500,5342405,0
20161026,12.6300,12.9650,12.6200,12.9100,2034375,0
20161027,12.7000,12.7500,12.1200,12.2200,3457530,0
20161028,12.1600,12.4100,12.1200,12.1700,2289464,0
20161031,12.2600,12.3500,12.1200,12.1200,2426649,0
20161101,12.2200,12.2800,11.8500,12.0500,2600985,0
20161102,12.1000,12.1400,11.8100,11.8400,1870004,0
20161103,11.9200,11.9700,11.7800,11.8300,1979133,0
20161104,11.8800,12.0600,11.8300,11.8900,2303094,0
20161107,12.0700,12.3200,11.9550,12.2200,5418300,0
20161108,11.1500,11.9300,10.9900,11.6500,7324045,0
20161109,11.4600,12.1500,11.3190,11.9800,4088342,0
20161110,11.9500,12.1700,11.8500,11.9500,3951002,0
20161111,11.8700,12.1750,11.8100,12.1200,2967225,0
20161114,12.1700,12.3200,11.9800,12.1700,3652216,0
20161115,12.2000,12.2500,12.0000,12.0100,3102290,0
20161116,11.9800,12.0900,11.7900,12.0200,3809635,0
20161117,12.0600,12.1900,11.9200,12.0000,3489890,0
20161118,12.0200,12.0500,11.8700,11.8700,2306770,0
20161121,12.0100,12.0100,11.7300,11.7300,2164186,0
20161122,11.7700,11.8500,11.6400,11.6800,2565447,0
20161123,11.6300,11.8200,11.6300,11.8000,1737891,0
20161125,11.8300,11.9738,11.7800,11.8000,717357,0
20161128,11.7600,12.0200,11.7600,11.8400,2516427,0
20161129,11.8300,11.8700,11.4500,11.5400,3015683,0
20161130,11.5500,11.6900,11.4350,11.5600,3343256,0
20161201,11.5900,11.8000,11.5400,11.7600,3071690,0
20161202,11.7700,11.8200,11.6400,11.6600,2720396,0
20161205,11.7200,11.8300,11.6400,11.8100,2710518,0
20161206,11.8000,11.8150,11.6100,11.7900,3687781,0
20161207,11.8000,11.9400,11.5800,11.8300,3201830,0
20161208,11.8700,11.9900,11.8100,11.9200,1932668,0
20161209,11.9300,12.1300,11.9050,12.0500,3800421,0
20161212,12.0400,12.1079,11.9650,12.0100,3443667,0
20161213,12.0500,12.1500,11.7800,11.8800,2895685,0
20161214,11.8700,12.0400,11.8200,11.8800,2617112,0
20161215,11.9200,12.0050,11.6300,11.6900,2193857,0
20161216,11.7600,11.8300,11.5250,11.6100,3382310,0
20161219,11.6500,11.7800,11.5600,11.7300,1646441,0
20161220,11.7600,11.8100,11.6150,11.6500,1795475,0
20161221,11.6600,11.7700,11.5700,11.7200,1701739,0
20161222,11.7000,11.8000,11.6150,11.7400,1304545,0
20161223,11.7400,11.7700,11.6500,11.7300,1355468,0
20161227,11.7400,11.9100,11.7076,11.9100,1486880,0
20161228,11.9100,11.9200,11.6700,11.6900,2009284,0
20161229,11.6900,11.7300,11.5450,11.6600,1497643,0
20161230,11.6700,11.6900,11.4150,11.4600,1877842,0
20170103,11.5500,11.8400,11.5100,11.6900,1999568,0
20170104,11.7000,11.9000,11.7000,11.8700,1235316,0
20170105,11.8700,11.9750,11.7800,11.8900,2399116,0
20170106,11.8800,12.0000,11.7600,11.9300,1681459,0
20170109,11.9000,12.0500,11.8600,12.0000,2023553,0
20170110,12.0500,12.0700,11.9000,12.0000,2775427,0
20170111,12.0000,12.1700,11.9400,12.0400,2517028,0
20170112,12.0100,12.1800,11.8600,12.0200,2798109,0
20170113,12.0100,12.1000,11.9300,12.0500,1534680,0
20170117,11.9700,12.2575,11.8850,12.2300,2571681,0
20170118,12.2000,12.2150,12.0000,12.1400,2278098,0
20170119,12.1400,12.1400,11.9700,12.0400,2300839,0
20170120,12.0500,12.1200,11.9300,11.9700,1452058,0
20170123,11.9700,12.0100,11.8800,11.9600,1130016,0
20170124,11.9600,12.1650,11.9100,12.1100,1908943,0
20170125,12.1300,12.3600,12.1200,12.3100,1815591,0
20170126,12.3200,12.3650,12.0200,12.2200,1389914,0
20170127,12.1900,12.3700,12.1100,12.3600,1827829,0
20170130,12.3300,12.3400,12.1100,12.3300,1391544,0
20170131,12.2800,12.3200,12.0800,12.2900,1327836,0
20170201,12.2900,12.4100,12.1600,12.3600,1899631,0
20170202,12.3800,12.3800,12.1800,12.2200,2156553,0
20170203,12.2600,12.3000,12.1700,12.2700,2431297,0
20170206,12.2600,12.3500,12.2000,12.2200,1237901,0
20170207,12.2400,12.2400,12.0700,12.2000,1592105,0
20170208,12.2000,12.2900,12.0000,12.1600,2003723,0
20170209,12.2100,12.4050,12.1800,12.3900,2407303,0
20170210,12.5000,13.4150,12.1900,13.2900,4729127,0
20170213,13.3700,13.4800,13.0600,13.0800,2567070,0
20170214,13.1100,13.1650,12.9500,13.0800,3190874,0
20170215,13.0400,13.2200,12.9830,13.1000,2642852,0
20170216,13.0900,13.2800,12.9800,13.0500,2334367,0
20170217,13.0200,13.1400,12.8700,13.0800,2834234,0
20170221,13.0800,13.4650,13.0500,13.3300,2688644,0
20170222,13.3200,13.3600,13.1050,13.2900,2537370,0
20170223,13.2700,13.3800,13.0900,13.2400,3445550,0
20170224,13.2400,13.2500,12.9500,13.1000,2157838,0
20170227,13.1300,13.1700,13.0000,13.0600,1719849,0
20170228,13.0600,13.0600,12.7950,12.8200,2462231,0
20170301,12.9200,13.1050,12.8500,13.0900,1949642,0
20170302,13.1100,13.1100,12.8100,12.8400,1396342,0
20170303,12.7900,12.9300,12.7400,12.9000,2446914,0
20170306,12.7800,12.9700,12.7800,12.9500,2173771,0
20170307,13.0700,13.3350,12.6200,12.6600,2420897,0
20170308,12.6800,12.7100,12.4700,12.4900,2142407,0
20170309,12.4900,12.5600,12.3300,12.4100,1284940,0
20170310,12.4600,12.5100,12.2200,12.3800,1659537,0
20170313,12.2500,12.3700,12.2500,12.2800,1496110,0
20170314,12.2500,12.4000,12.2000,12.4000,1661018,0
20170315,12.4100,13.0700,12.3500,12.6000,1748154,0
20170316,12.5900,12.6500,12.5300,12.6400,1448706,0
20170317,12.6000,12.7100,12.5700,12.6500,2249203,0
20170320,12.6700,12.6700,12.5300,12.6300,1077621,0
20170321,12.7000,12.7600,12.4950,12.5200,3294646,0
20170322,12.5300,12.5900,12.4300,12.5200,1407180,0
20170323,12.5200,12.6200,12.4900,12.5500,1386377,0
20170324,12.5800,12.6550,12.5000,12.5500,1153674,0
20170327,12.5000,12.6100,12.5000,12.5800,1364807,0
20170328,12.5900,12.8700,12.5450,12.8400,1173690,0
20170329,12.8100,13.0300,12.7500,13.0000,1086356,0
20170330,12.9900,13.3100,12.9500,13.2400,2387029,0
20170331,13.0900,13.1000,12.8900,13.0000,2877946,0
20170403,12.9600,13.1900,12.7700,12.7900,1989038,0
20170404,12.8400,12.8900,12.7400,12.7700,1429369,0
20170405,12.8200,12.9100,12.5500,12.6300,2039746,0
20170406,12.5900,12.6700,12.5000,12.5700,1639770,0
20170407,12.5500,12.5700,12.5000,12.5100,2648164,0
20170410,12.5100,12.6300,12.4950,12.5300,1511250,0
20170411,12.5000,12.5600,12.4350,12.5000,1432163,0
20170412,12.4900,12.5650,12.4100,12.4900,1680911,0
20170413,12.4900,12.5200,12.3200,12.3300,1834892,0
20170417,12.3900,12.4400,12.3000,12.4100,1577102,0
20170418,12.3600,12.4500,12.1850,12.3300,1642415,0
20170419,12.3800,12.4800,12.3400,12.4300,1671109,0
20170420,12.4500,13.0100,12.4300,12.9400,2677686,0
20170421,12.9100,12.9900,12.7150,12.8900,2128155,0
20170424,13.0500,13.0892,12.9700,13.0400,1471273,0
20170425,13.0800,13.1300,13.0000,13.0700,1223657,0
20170426,13.0700,13.1400,12.9400,12.9400,1575726,0
20170427,12.9600,13.0300,12.8800,12.9600,1113408,0
20170428,12.9300,12.9800,12.5900,12.7200,1806730,0
20170501,12.7500,12.8600,12.6500,12.7400,1107200,0
20170502,12.7100,12.7500,12.5800,12.6200,1483464,0
20170503,12.5900,12.6125,12.4900,12.5700,1614541,0
20170504,12.6400,12.6400,12.4300,12.5700,2459192,0
20170505,12.5900,12.6900,12.5900,12.6900,913211,0
20170508,12.7000,12.9200,12.6600,12.7900,1862212,0
20170509,12.8100,13.1200,12.7550,13.1100,3292952,0
20170510,12.3000,13.3000,12.2600,12.7100,4165260,0
20170511,12.6700,12.7700,12.5600,12.6800,2213504,0
20170512,12.6700,12.7300,12.5900,12.7100,1608519,0
20170515,12.7800,12.9400,12.7600,12.8900,1987691,0
20170516,12.9600,12.9600,12.8100,12.9300,1760050,0
20170517,12.8400,12.8600,12.6500,12.6600,2399801,0
20170518,12.6900,12.7800,12.5800,12.7000,2313308,0
20170519,12.7200,12.8300,12.5100,12.8200,1666286,0
20170522,12.8600,13.1450,12.7100,13.1200,1791350,0
20170523,13.1700,13.2600,13.0600,13.1500,1384503,0
20170524,13.1900,13.2300,13.1200,13.2200,1000452,0
20170525,13.2900,13.3100,13.1700,13.2100,938720,0
20170526,13.2300,13.4300,13.1700,13.4200,1739670,0
20170530,13.3200,13.4300,13.1400,13.2900,1455377,0
20170531,13.3300,13.3900,13.1000,13.3800,2274634,0
20170601,13.5000,13.6200,13.3800,13.5700,1619276,0
20170602,13.5500,13.6400,13.4300,13.5800,1488553,0
20170605,13.6100,13.6100,13.4100,13.4400,1541795,0
20170606,13.4100,13.5000,13.2200,13.4800,1438245,0
20170607,13.5400,13.5500,13.3100,13.3600,1954943,0
20170608,13.3300,13.5300,13.1800,13.5100,1679025,0
20170609,13.5500,13.6800,13.4300,13.6500,1669771,0
20170612,13.6500,13.8350,13.6300,13.6700,1561924,0
20170613,13.6500,13.7000,13.5300,13.5600,1929540,0
20170614,13.5900,13.6300,13.4950,13.5800,2738799,0
20170615,13.5900,13.7200,13.4400,13.6100,1272256,0
20170616,13.6400,13.7750,13.5200,13.7300,1731639,0
20170619,13.7500,13.8500,13.6300,13.7800,803147,0
20170620,13.7500,13.7500,13.4800,13.4900,888207,0
20170621,13.5400,13.6100,13.4400,13.5300,1411826,0
20170622,13.5300,13.5500,13.2950,13.4500,1367591,0
20170623,13.4400,13.6200,13.3750,13.5900,1271644,0
20170626,13.6100,13.6800,13.5300,13.6600,908162,0
20170627,13.6100,13.7900,13.5800,13.6600,1170965,0
20170628,13.7200,13.9200,13.7000,13.8500,1753632,0
20170629,13.8500,13.9200,13.3900,13.6000,1733964,0
20170630,13.6300,13.7550,13.3500,13.7000,1661405,0
20170703,13.7400,13.9200,13.6500,13.8900,1072697,0
20170705,13.8900,13.8900,13.6800,13.7300,1767161,0
20170706,13.6700,13.6800,13.2250,13.2400,1986794,0
20170707,13.2800,13.3700,13.1750,13.3200,1568696,0
20170710,13.2800,13.4100,13.1400,13.1500,1726615,0
20170711,13.1400,13.3350,13.0700,13.2700,1563462,0
20170712,13.3200,13.4300,13.1800,13.2000,2709293,0
20170713,13.2300,13.3200,13.1800,13.2300,1203293,0
20170714,13.3000,13.6200,13.2350,13.5700,1517251,0
20170717,13.5700,13.7600,13.5200,13.6800,1092543,0
20170718,13.6500,13.6800,13.5200,13.6300,1089536,0
20170719,13.6800,13.9800,13.6800,13.9300,1325675,0
20170720,13.9100,14.0800,13.8800,13.9600,1164408,0
20170721,13.9000,14.0600,13.9000,13.9300,2462155,0
20170724,13.9500,14.0400,13.9200,13.9800,998209,0
20170725,14.0500,14.1700,13.8300,14.1200,1227281,0
20170726,14.1200,14.3400,14.1200,14.2300,1120050,0
20170727,14.2100,14.3500,14.2100,14.2700,1131682,0
20170728,14.2600,14.4850,14.2500,14.3900,1077568,0
20170731,14.4300,14.4300,14.2600,14.3100,1031102,0
20170801,14.3800,14.4550,14.2700,14.4300,945335,0
20170802,14.4000,14.4000,14.1900,14.2700,1478531,0
20170803,14.2800,14.3950,14.1750,14.2500,898288,0
20170804,14.2800,14.2800,14.1000,14.1200,1739144,0
20170807,14.1200,14.4300,14.1200,14.3400,936894,0
20170808,14.3200,14.3200,14.0900,14.2400,935611,0
20170809,14.1700,14.2150,14.0400,14.1700,866999,0
20170810,14.1300,14.1800,13.5900,13.6800,2540472,0
20170811,13.7600,14.0400,13.3950,13.4300,3467627,0
20170814,13.5400,13.6100,13.3000,13.3700,2243940,0
20170815,13.4100,13.4400,13.2800,13.3100,1008651,0
20170816,13.4100,13.4800,13.2100,13.2500,1497496,0
20170817,13.2000,13.4500,13.2000,13.2300,2193632,0
20170818,13.2500,13.4700,13.0450,13.2700,1981954,0
20170821,13.2100,13.3500,13.1900,13.3100,1523690,0
20170822,13.2800,13.4400,13.2800,13.3900,1181234,0
20170823,13.2900,13.3400,13.1150,13.1800,1536503,0
20170824,13.2100,13.2300,13.0900,13.2000,1149456,0
20170825,13.2800,13.4700,13.0695,13.4200,1444854,0
20170828,13.3700,13.4700,13.2900,13.4300,1535489,0
20170829,13.3600,13.3900,13.2350,13.3600,2134717,0
20170830,13.3600,13.3600,13.1600,13.3000,1590232,0
20170831,13.3200,13.4050,13.2700,13.3700,1126111,0
20170901,13.4000,13.5200,13.3800,13.4500,912177,0
20170905,13.4500,13.4600,13.1900,13.2800,1321552,0
20170906,13.3300,13.4850,13.2700,13.3900,2638997,0
20170907,13.4300,13.5800,13.3900,13.5300,1793835,0
20170908,13.5300,13.5400,13.1100,13.1400,2083052,0
20170911,13.2300,13.4050,13.1950,13.3400,2106121,0
20170912,13.3000,13.3500,13.1900,13.2600,1784232,0
20170913,13.2100,13.2100,12.8400,13.0000,1979769,0
20170914,13.0000,13.0900,12.9600,13.0500,1731124,0
20170915,13.0500,13.1600,12.9400,13.0900,2396584,0
20170918,13.1400,13.2200,12.9800,13.0900,1527002,0
20170919,13.1000,13.1600,12.9600,13.0500,1729409,0
20170920,13.1000,13.2100,13.0300,13.1700,1448432,0
20170921,13.1600,13.1900,13.0200,13.0800,1389666,0
20170922,13.0200,13.1200,12.9850,13.0300,1056525,0
20170925,13.0500,13.2250,13.0100,13.2000,1279406,0
20170926,13.2300,13.2300,13.0700,13.1100,1147008,0
20170927,13.1300,13.3000,13.0700,13.2600,1233667,0
20170928,13.2100,13.3500,13.1200,13.2600,2169288,0
20170929,13.2200,13.2600,13.1600,13.2600,878205,0
20171002,13.2900,13.3700,13.1900,13.2800,1628065,0
20171003,13.2900,13.4300,13.2400,13.3700,1556100,0
20171004,13.3800,13.4200,13.3000,13.3600,893282,0
20171005,13.4100,13.4600,13.3300,13.4300,1109597,0
20171006,13.4100,13.4400,13.2300,13.2900,1326145,0
20171009,13.2700,13.2900,13.1400,13.1800,798467,0
20171010,13.2600,13.5500,13.2500,13.5000,2161476,0
20171011,13.4600,13.5000,13.3500,13.4800,1128606,0
20171012,13.4600,13.5750,13.3700,13.5400,1671936,0
20171013,13.6100,13.7400,13.5200,13.6800,1395588,0
20171016,13.6800,13.7600,13.6100,13.6800,1656223,0
20171017,13.6400,13.6900,13.5700,13.6200,1261123,0
20171018,13.6200,13.7700,13.6100,13.7300,1202246,0
20171019,13.6500,13.7100,13.5500,13.6200,1298413,0
20171020,13.6900,13.7800,13.6600,13.7100,1281688,0
20171023,13.7200,13.7650,13.6650,13.7500,981914,0
20171024,13.7500,13.7800,13.5700,13.6300,1403039,0
20171025,13.6200,13.7100,13.5200,13.6600,1166848,0
20171026,13.6900,13.8200,13.6200,13.6800,1236397,0
20171027,13.6600,13.7300,13.4900,13.6900,1519562,0
20171030,13.6800,13.8300,13.6400,13.8100,1328919,0
20171031,13.8300,13.8300,13.6250,13.6600,1534847,0
20171101,13.7300,13.8652,13.6100,13.7100,1896725,0
20171102,13.6700,13.8300,13.5800,13.8000,1676166,0
20171103,13.7600,13.8700,13.7000,13.8700,2272466,0
20171106,13.8900,14.2800,13.8400,14.2800,3719040,0
20171107,14.2100,14.5250,14.0900,14.1500,2588608,0
20171108,14.0800,14.1500,14.0125,14.1400,1337118,0
20171109,14.1300,14.5600,14.0700,14.3600,2456886,0
20171110,14.6600,15.7900,14.5900,15.1000,5268706,0
20171113,15.1000,15.4100,15.0000,15.2300,2558065,0
20171114,15.1700,15.5000,15.1100,15.2700,2545524,0
20171115,15.2300,15.2800,15.1001,15.1900,1868366,0
20171116,15.1800,15.7300,15.1500,15.7200,2595326,0
20171117,15.6900,15.9300,15.5900,15.8400,2420341,0
20171120,15.8300,15.8300,15.6200,15.6700,2442462,0
20171121,15.7400,15.8200,15.6700,15.7900,2492484,0
20171122,15.8200,15.8700,15.7550,15.7700,2078064,0
20171124,15.8200,15.8200,15.7000,15.7700,844344,0
20171127,15.7600,15.8100,15.6500,15.7400,2352426,0
20171128,15.8000,16.1600,15.7300,16.1500,2682976,0
20171129,16.1000,16.4300,16.1000,16.3500,2188793,0
20171130,16.4000,16.4200,16.1000,16.1600,3247173,0
20171201,16.2400,16.3200,15.8900,16.2000,2903562,0
20171204,16.2600,16.8700,16.2000,16.5400,3543863,0
20171205,16.5900,16.6500,16.2700,16.4000,2491033,0
20171206,16.4000,16.5200,16.2350,16.3900,3070267,0
20171207,16.3800,16.3900,16.2500,16.3600,2361781,0
20171208,16.4200,16.5600,16.3600,16.5500,1862983,0
20171211,16.5600,16.7500,16.5000,16.5900,3295224,0
20171212,16.6100,16.6200,16.1400,16.2200,2289081,0
20171213,16.2700,16.3300,16.1700,16.2800,2813319,0
20171214,16.2800,16.4100,16.1200,16.2200,2984676,0
20171215,16.2300,16.2500,16.0000,16.0200,4438974,0
20171218,16.1100,16.3700,16.0700,16.3300,2752314,0
20171219,16.3900,16.4600,16.1800,16.2700,3553527,0
20171220,16.3400,16.4150,16.2200,16.2400,2037039,0
20171221,16.2700,16.5000,16.1700,16.3400,2034272,0
20171222,16.3200,16.4500,16.3100,16.4200,2705163,0
20171226,16.4200,16.4800,16.2950,16.3100,647997,0
20171227,16.3400,16.3800,16.2100,16.2500,1294431,0
20171228,16.2800,16.3400,16.1700,16.3300,1080546,0
20171229,16.3400,16.3800,16.2100,16.2100,1329423,0
20180102,16.3000,16.4500,16.2300,16.4300,2367143,0
20180103,16.4500,16.5300,16.4100,16.4900,2693899,0
20180104,16.5400,16.6900,16.5050,16.5900,2317896,0
20180105,16.8900,17.1000,16.5150,16.8000,1756013,0
20180108,16.8000,16.8500,16.6700,16.8300,3587178,0
20180109,16.8600,16.9700,16.7900,16.8800,2082121,0
20180110,16.8500,16.9000,16.7700,16.8500,2122180,0
20180111,16.8700,17.2200,16.8700,17.0800,2062780,0
20180112,17.1100,17.1750,16.9800,17.1500,1851876,0
20180116,17.2000,17.2600,16.9400,16.9700,1785471,0
20180117,16.9700,17.2900,16.9400,17.2100,1856568,0
20180118,17.1800,17.2300,17.0000,17.0100,1525735,0
20180119,17.0800,17.2800,16.9650,17.2200,2770451,0
20180122,17.1600,17.1900,16.9800,17.1800,1666534,0
20180123,17.1100,17.1200,16.9500,17.0700,1457579,0
20180124,17.1200,17.1900,16.9800,17.0900,1618996,0
20180125,17.1100,17.1500,16.9800,17.0400,1032116,0
20180126,17.1100,17.1600,16.9200,17.1400,1224074,0
20180129,17.1000,17.2350,17.0100,17.0600,1237777,0
20180130,17.0200,17.2100,16.9200,17.0500,1844175,0
20180131,17.0400,17.1400,16.9450,17.1100,1549824,0
20180201,17.0200,17.0950,16.8000,16.8200,2067996,0
20180202,16.7800,16.8300,16.3900,16.4100,2309459,0
20180205,16.4000,16.5900,15.8300,15.8300,3117052,0
20180206,15.6100,16.3100,15.2200,16.2900,4461982,0
20180207,16.2100,16.3550,15.9700,16.0600,2598297,0
20180208,16.0100,16.1400,15.6400,15.6500,2511663,0
