DATE, OPEN, HIGH, LOW, CLOSE, VOL, p
20120416,37.00,37.00,35.99,36.55,550150,0
20120417,36.40,36.75,36.00,36.00,179577,0
20120418,36.00,36.44,34.50,36.00,207074,0
20120419,36.00,37.22,35.80,36.00,598016,0
20120420,36.10,37.00,36.10,36.32,149660,0
20120423,36.24,36.24,35.42,35.68,95700,0
20120424,36.00,36.00,34.68,34.75,124488,0
20120425,34.80,35.50,34.50,34.75,266124,0
20120426,34.61,34.99,34.44,34.95,183833,0
20120427,35.25,35.25,33.97,34.11,535921,0
20120430,34.34,34.90,34.00,34.05,4105661,0
20120501,34.05,34.05,34.05,34.05,0,0
20120502,32.60,32.67,31.63,32.00,11287820,0
20120503,31.93,31.98,31.05,31.39,11794167,0
20120504,30.85,31.09,30.12,30.16,10880963,0
20120507,30.10,30.55,29.25,29.35,12257130,0
20120508,29.09,30.41,28.75,30.10,14602517,0
20120509,29.81,32.89,29.73,32.49,13991380,0
20120510,33.05,33.35,31.52,32.48,8862449,0
20120511,31.73,32.15,31.40,31.83,4462784,0
20120514,31.19,31.58,30.76,31.32,6398344,0
20120515,31.35,32.32,31.06,31.67,6362783,0
20120516,31.46,32.39,31.25,32.10,6119700,0
20120517,31.89,32.00,31.20,31.26,5850549,0
20120518,31.43,31.68,30.99,31.38,7940710,0
20120521,31.23,32.34,30.95,32.19,5481256,0
20120522,31.88,32.27,31.33,31.63,5415170,0
20120523,31.35,31.49,30.88,31.41,5268865,0
20120524,31.42,31.44,30.75,31.13,4210378,0
20120525,31.01,31.41,30.83,31.30,3217880,0
20120529,31.28,31.72,30.86,31.01,3980088,0
20120530,30.79,30.83,30.17,30.44,6000530,0
20120531,30.26,30.35,29.72,30.03,8098327,0
20120601,29.50,30.17,29.38,29.92,5701781,0
20120604,29.30,30.19,29.25,29.53,4845298,0
20120605,29.37,30.10,29.31,29.90,4046996,0
20120606,30.03,32.00,29.82,31.53,8609774,0
20120607,32.07,32.75,31.74,31.83,7694514,0
20120608,31.66,32.35,31.51,32.12,4302337,0
20120611,32.45,33.05,32.23,32.60,5998990,0
20120612,32.56,33.74,32.49,33.49,6809855,0
20120613,33.27,33.49,32.54,32.77,2876111,0
20120614,32.77,33.64,32.31,33.53,4460097,0
20120615,33.60,34.91,33.38,34.90,9914292,0
20120618,34.38,34.50,33.83,33.86,4254404,0
20120619,34.06,34.53,33.73,33.86,4873473,0
20120620,33.79,34.85,33.48,34.66,4628528,0
20120621,34.70,34.76,33.06,33.48,3489835,0
20120622,33.65,34.71,33.03,34.16,4369263,0
20120625,33.69,33.69,32.76,32.87,3518598,0
20120626,32.81,33.98,32.40,32.58,3274695,0
20120627,32.61,33.40,31.42,31.89,3615526,0
20120628,31.54,32.40,31.29,32.31,3115829,0
20120629,32.78,33.38,32.65,33.24,4599960,0
20120702,33.59,34.32,33.37,34.00,3868491,0
20120703,34.02,34.63,33.83,34.24,3647467,0
20120705,33.83,34.24,33.54,33.80,2711223,0
20120706,33.40,33.68,32.92,33.37,1907785,0
20120709,33.08,33.76,32.65,33.25,2264549,0
20120710,33.47,33.47,32.50,32.68,2972898,0
20120711,32.66,33.64,32.35,33.48,2582945,0
20120712,33.15,33.19,32.55,33.01,3505596,0
20120713,33.61,35.08,33.51,34.94,4801583,0
20120716,34.69,36.12,34.56,36.10,4895653,0
20120717,36.16,36.80,35.86,36.69,3604306,0
20120718,36.65,37.67,36.59,37.10,2839176,0
20120719,36.99,37.00,35.49,35.60,3758508,0
20120720,35.18,35.44,34.91,35.32,3289930,0
20120723,34.79,35.28,34.50,35.02,3245840,0
20120724,35.25,35.42,34.61,35.23,2351584,0
20120725,35.60,35.89,34.87,35.40,3551211,0
20120726,35.76,36.06,35.59,35.96,2951738,0
20120727,36.23,36.91,35.90,36.52,6159905,0
20120730,36.86,37.65,36.83,37.65,2830879,0
20120731,37.74,38.36,37.51,37.60,6957921,0
20120801,39.08,40.18,37.78,38.27,6640199,0
20120802,37.94,39.07,37.84,38.30,4434735,0
20120803,38.60,39.85,38.60,39.67,4515394,0
20120806,39.94,40.35,39.77,40.07,3405031,0
20120807,40.39,40.83,39.59,39.77,4636760,0
20120808,39.60,40.20,39.46,40.15,4002567,0
20120809,39.90,40.60,39.88,40.32,2888402,0
20120810,40.26,40.43,39.75,40.00,2107632,0
20120813,39.86,40.35,39.77,40.15,2213411,0
20120814,40.19,40.45,39.80,39.93,2535482,0
20120815,40.54,40.66,39.93,40.36,4009437,0
20120816,40.53,41.26,40.37,41.18,3862105,0
20120817,41.62,42.93,41.47,42.77,5536614,0
20120820,42.87,43.45,42.75,43.07,3809871,0
20120821,43.38,43.38,41.49,41.55,4469525,0
20120822,41.36,41.53,40.42,41.48,4384468,0
20120823,41.48,41.63,41.05,41.33,1996903,0
20120824,41.15,41.54,40.74,41.36,2562877,0
20120827,41.43,42.39,40.97,41.07,3779120,0
20120828,40.90,42.47,40.90,41.96,3770767,0
20120829,41.90,42.39,41.65,41.98,2674285,0
20120830,41.79,42.70,41.62,42.48,2523712,0
20120831,42.70,43.00,41.10,42.00,5791145,0
20120904,42.07,42.45,41.48,42.41,2620889,0
20120905,42.49,42.58,41.43,41.74,2881756,0
20120906,42.16,43.74,42.16,43.42,4222973,0
20120907,43.48,44.31,43.36,44.26,3458005,0
20120910,43.93,44.85,43.93,44.54,4417886,0
20120911,44.64,46.10,44.46,45.59,6305249,0
20120912,46.14,47.41,46.04,46.28,5269786,0
20120913,46.30,46.85,45.37,46.64,5292183,0
20120914,47.16,48.22,46.01,46.73,6718832,0
20120917,46.17,46.97,46.00,46.14,4835577,0
20120918,45.53,45.78,44.44,45.52,6109079,0
20120919,45.53,46.60,45.51,45.57,3505452,0
20120920,45.39,46.31,45.17,45.78,3233690,0
20120921,46.04,47.09,46.04,46.82,5960458,0
20120924,46.69,46.92,46.26,46.74,2454207,0
20120925,47.00,47.30,45.96,45.98,2912109,0
20120926,45.69,46.33,45.23,45.53,3626927,0
20120927,45.80,46.74,45.68,46.53,3180121,0
20120928,46.43,46.53,46.02,46.37,3254636,0
20121001,46.60,47.02,46.26,46.56,2785428,0
20121002,46.68,46.96,46.27,46.42,2911829,0
20121003,46.27,46.41,45.00,45.16,5392634,0
20121004,45.59,45.66,45.08,45.39,6199093,0
20121005,45.87,47.68,45.76,46.02,7658255,0
20121008,45.96,46.57,45.56,45.93,3415521,0
20121009,46.16,46.75,46.06,46.09,3668400,0
20121010,46.02,46.33,44.69,45.15,5564485,0
20121011,45.38,45.65,44.57,44.60,4600511,0
20121012,44.33,44.62,42.45,43.92,6634256,0
20121015,43.85,44.43,43.41,44.38,2722300,0
20121016,44.77,46.79,44.60,46.49,5743223,0
20121017,46.55,47.22,46.31,46.65,2841911,0
20121018,46.62,46.63,45.39,45.56,3402277,0
20121019,45.53,46.09,44.55,44.64,3002431,0
20121022,44.73,45.73,44.73,45.58,3421657,0
20121023,44.91,45.08,43.93,44.92,4079469,0
20121024,45.00,45.65,44.66,44.78,3478694,0
20121025,45.14,45.45,44.55,45.03,2903891,0
20121026,45.57,47.62,44.82,47.50,6123860,0
20121031,47.82,48.40,46.64,47.16,4791189,0
20121101,47.00,47.65,46.39,47.38,4292034,0
20121102,48.01,48.15,46.07,46.21,2825940,0
20121105,46.23,47.90,46.23,47.76,3024433,0
20121106,48.00,51.00,47.86,50.04,8221513,0
20121107,49.23,50.08,48.75,49.46,6709161,0
20121108,49.34,49.97,48.94,49.00,3699028,0
20121109,48.11,48.56,47.17,47.41,5424162,0
20121112,47.43,48.11,47.28,47.35,2699199,0
20121113,47.00,47.76,46.56,46.86,3129022,0
20121114,47.17,47.46,45.71,45.76,3542601,0
20121115,45.53,46.19,44.94,45.34,3805077,0
20121116,45.56,45.92,44.95,45.77,4591869,0
20121119,46.40,48.25,46.38,48.12,4341677,0
20121120,48.19,49.07,47.87,49.06,3493412,0
20121121,49.32,49.65,48.84,49.39,3805847,0
20121123,49.58,50.00,49.41,49.82,1698687,0
20121126,49.55,49.98,49.07,49.56,2944427,0
20121127,49.51,50.42,49.01,50.06,4638862,0
20121128,49.66,51.27,49.25,51.00,5404801,0
20121129,51.20,51.66,50.83,51.56,3951277,0
20121130,51.68,52.53,51.45,52.37,5325044,0
20121203,52.65,52.76,51.02,51.56,5669941,0
20121204,51.48,52.24,51.48,51.56,3726575,0
20121205,51.45,51.95,50.27,50.69,3332646,0
20121206,50.69,51.21,50.30,50.97,3405972,0
20121207,51.19,52.75,51.06,52.34,4854830,0
20121210,52.21,54.32,52.20,53.58,7741761,0
20121211,53.72,53.92,52.73,53.04,5205789,0
20121212,53.33,53.50,52.94,53.05,8429676,0
20121213,52.60,52.60,51.24,52.21,7136429,0
20121214,52.00,53.54,51.80,53.47,5120719,0
20121217,53.56,53.86,53.18,53.52,4292947,0
20121218,53.44,53.70,53.00,53.17,3922737,0
20121219,53.28,53.38,51.84,52.50,6409892,0
20121220,52.58,52.72,51.70,52.42,4391727,0
20121221,51.71,52.38,51.33,52.16,5053809,0
20121224,52.22,52.40,51.90,51.97,975106,0
20121226,52.16,52.62,51.32,51.36,2322886,0
20121227,51.50,51.71,50.40,51.56,2885361,0
20121228,51.06,51.50,50.52,50.57,2999362,0
20121231,50.40,53.22,50.40,53.10,4233083,0
20130102,54.25,55.31,53.23,55.26,5230767,0
20130103,55.03,55.17,52.87,53.19,5293064,0
20130104,53.12,53.67,52.29,53.14,4161031,0
20130107,52.48,52.48,50.77,51.36,6884099,0
20130108,51.20,51.78,51.08,51.59,3576109,0
20130109,51.56,52.15,51.02,51.32,4430231,0
20130110,51.64,51.84,51.22,51.51,3403346,0
20130111,51.28,51.70,50.36,50.58,4615796,0
20130114,50.67,51.42,50.12,51.35,5000840,0
20130115,51.35,52.33,51.20,52.24,4499582,0
20130116,52.13,54.55,52.07,54.52,8025560,0
20130117,54.98,55.83,54.19,55.15,5976768,0
20130118,55.21,55.74,54.58,55.07,5999212,0
20130122,55.24,55.24,53.92,54.61,4461942,0
20130123,54.72,56.19,54.20,55.52,4294571,0
20130124,55.50,56.95,55.37,56.12,4704870,0
20130125,56.50,56.89,56.11,56.81,3612623,0
20130128,57.09,57.68,56.50,57.09,4055966,0
20130129,58.00,60.45,57.96,59.88,8452889,0
20130130,62.38,62.91,60.65,60.76,7922446,0
20130131,60.37,61.05,59.91,60.57,5452274,0
20130201,62.00,63.25,61.22,62.75,4709584,0
20130204,62.13,62.25,61.16,61.22,3796773,0
20130205,61.72,61.98,60.98,61.01,4578981,0
20130206,60.79,62.50,60.71,61.72,5068678,0
20130207,61.88,63.34,61.00,63.26,4393613,0
20130208,63.41,65.24,63.22,64.02,4746271,0
20130211,64.00,64.66,63.72,64.18,3098615,0
20130212,64.62,64.78,63.78,64.43,3702321,0
20130213,64.50,64.50,63.85,64.11,2777089,0
20130214,63.77,64.92,63.75,64.83,3560119,0
20130215,64.55,65.38,63.53,64.17,3788421,0
20130219,64.02,64.89,63.54,64.76,3092383,0
20130220,64.75,64.94,62.54,62.64,4848653,0
20130221,62.32,62.92,61.22,62.29,5033132,0
20130222,62.78,64.12,62.51,64.11,3049275,0
20130225,64.49,64.74,61.31,61.34,4295033,0
20130226,61.48,61.69,59.94,61.23,4346822,0
20130227,61.30,63.12,61.00,62.99,2581416,0
20130228,62.86,64.26,62.00,62.96,4226784,0
20130301,62.71,63.93,62.19,63.90,3150179,0
20130304,63.84,65.74,63.54,65.68,3759112,0
20130305,66.04,66.05,64.52,65.77,3920271,0
20130306,66.00,66.97,65.40,66.05,2930455,0
20130307,65.89,66.12,64.79,65.87,3429702,0
20130308,66.08,66.28,65.60,66.03,4045212,0
20130311,65.90,66.08,63.94,65.69,4966759,0
20130312,65.66,66.40,65.21,66.22,4134693,0
20130313,65.88,66.04,64.20,64.55,4785309,0
20130314,64.96,65.45,64.29,64.95,3836975,0
20130315,64.49,65.24,64.11,64.15,5983383,0
20130318,63.32,65.29,63.01,65.03,3644747,0
20130319,64.88,66.35,64.66,65.41,4124338,0
20130320,66.00,68.44,65.95,67.54,5088263,0
20130321,67.00,67.84,66.11,66.82,3394838,0
20130322,66.97,67.79,66.84,67.55,2651543,0
20130325,67.94,68.70,66.65,66.86,3905333,0
20130326,66.98,67.41,66.37,67.24,3243532,0
20130327,67.13,68.29,66.46,68.27,3921471,0
20130328,68.38,70.52,67.96,69.97,6224846,0
20130401,70.00,70.19,68.73,69.36,3015491,0
20130402,70.17,70.20,66.71,66.84,5680256,0
20130403,66.84,66.88,61.47,62.46,14033826,0
20130404,62.57,63.95,61.94,62.39,6139078,0
20130405,61.26,62.97,60.20,62.31,5289787,0
20130408,62.29,63.80,61.90,63.62,3969301,0
20130409,63.95,65.23,62.86,64.66,4291901,0
20130410,64.78,65.21,63.05,63.86,6006488,0
20130411,63.81,63.86,61.81,62.01,6205726,0
20130412,61.37,61.74,59.07,60.67,8307864,0
20130415,59.18,59.99,57.08,57.52,7897962,0
20130416,58.15,59.32,57.77,59.28,5644287,0
20130417,58.55,58.79,57.16,57.99,4602098,0
20130418,57.92,58.54,56.13,57.23,4270153,0
20130419,58.14,58.14,56.46,57.84,5045419,0
20130422,58.12,60.34,58.07,59.43,3659439,0
20130423,59.59,61.42,59.36,61.15,5318970,0
20130424,61.41,63.05,61.31,61.82,4772100,0
20130425,62.04,63.09,61.78,61.90,4383971,0
20130426,61.85,62.08,61.14,61.60,3034655,0
20130429,61.97,62.30,61.48,61.80,3446189,0
20130430,61.93,62.19,60.02,60.95,5459070,0
20130501,61.11,61.94,59.55,59.67,5679845,0
20130502,60.07,60.68,59.16,60.30,4212394,0
20130503,60.80,62.66,60.49,62.18,4549157,0
20130506,62.49,64.24,62.32,63.87,3683260,0
20130507,64.25,65.34,64.02,64.48,4677576,0
20130508,64.23,64.47,62.85,63.41,3664569,0
20130509,63.23,63.27,61.88,62.13,3436857,0
20130510,61.73,62.20,61.00,61.38,5061030,0
20130513,61.13,62.28,60.39,61.97,3829450,0
20130514,62.06,64.18,62.00,64.08,6213983,0
20130515,63.73,65.48,63.73,64.95,5621625,0
20130516,64.71,65.41,63.70,63.84,3994641,0
20130517,64.20,65.92,64.18,65.46,5524472,0
20130520,65.32,66.85,65.32,65.96,4531833,0
20130521,66.10,66.71,64.89,65.42,4505475,0
20130522,65.30,66.62,64.80,65.39,4483176,0
20130523,64.44,65.56,63.90,65.25,2380415,0
20130524,64.77,65.50,63.80,65.47,2518113,0
20130528,66.39,66.98,65.92,66.52,2792067,0
20130529,66.21,67.34,65.65,66.84,3135140,0
20130530,66.35,67.11,65.68,66.77,2896399,0
20130531,66.64,67.89,66.28,66.57,3507163,0
20130603,67.04,67.08,64.28,66.08,4023502,0
20130604,65.80,66.18,64.30,65.18,2829698,0
20130605,64.94,65.35,63.53,63.61,3064153,0
20130606,63.68,65.15,63.35,65.00,2637249,0
20130607,65.44,66.20,65.18,65.87,2774635,0
20130610,65.93,66.39,65.01,65.11,2372421,0
20130611,64.05,64.73,63.70,63.96,3202324,0
20130612,64.88,65.21,63.18,63.31,3967661,0
20130613,63.09,64.82,62.37,64.51,3336236,0
20130614,64.71,64.97,63.77,63.81,1835118,0
20130617,64.20,64.69,63.98,64.26,3341858,0
20130618,64.48,65.00,64.25,64.39,2336823,0
20130619,64.27,64.87,63.51,63.63,3341463,0
20130620,62.58,62.69,60.06,60.39,5087343,0
20130621,61.02,61.23,58.06,59.25,6359506,0
20130624,58.46,58.77,56.84,57.19,4938443,0
20130625,58.29,59.71,58.29,59.41,3455588,0
20130626,60.10,60.96,59.56,59.72,2711791,0
20130627,60.32,60.41,58.45,59.22,3885729,0
20130628,59.14,59.75,58.77,58.91,3574205,0
20130701,59.24,60.24,58.67,58.90,3486847,0
20130702,58.85,59.21,56.61,57.08,5000238,0
20130703,56.75,57.71,54.80,57.68,6190955,0
20130705,57.84,57.89,55.41,57.24,3653196,0
20130708,57.71,59.17,57.64,58.75,3069847,0
20130709,59.02,59.37,58.41,58.51,3271264,0
20130710,58.41,58.63,55.94,56.09,5864402,0
20130711,57.05,57.90,56.02,57.76,5355425,0
20130712,56.90,59.64,56.90,59.09,6113213,0
20130715,59.45,59.85,58.78,59.23,4204651,0
20130716,59.21,59.42,57.15,57.64,6290651,0
20130717,57.82,58.42,57.10,58.04,3527468,0
20130718,58.19,58.28,56.71,56.92,4329181,0
20130719,57.44,57.83,56.72,57.49,3960977,0
20130722,57.88,58.44,57.18,57.97,4093674,0
20130723,58.47,59.71,58.35,59.49,3939227,0
20130724,59.65,59.65,57.70,58.84,4042399,0
20130725,58.68,59.70,58.24,59.42,4550994,0
20130726,59.25,59.84,58.71,59.00,2603809,0
20130729,59.12,59.29,58.56,58.96,2744303,0
20130730,59.05,59.25,57.91,58.47,4077632,0
20130731,57.32,61.97,57.13,61.50,8187479,0
20130801,61.87,61.91,60.32,60.52,3919487,0
20130802,60.13,60.13,58.07,58.41,5613273,0
20130805,58.28,58.30,57.30,57.80,4126075,0
20130806,57.64,59.15,57.64,58.31,4863373,0
20130807,58.24,58.69,57.56,57.96,3826541,0
20130808,58.02,59.36,57.90,59.00,3254798,0
20130809,59.00,59.31,58.57,58.92,3178512,0
20130812,58.44,58.98,57.72,58.17,3295142,0
20130813,58.39,59.19,58.00,59.09,3180801,0
20130814,59.00,59.18,58.38,58.79,2358451,0
20130815,58.27,58.43,57.04,57.15,3496233,0
20130816,56.89,56.99,56.07,56.30,3478972,0
20130819,56.28,56.85,55.25,55.34,3212024,0
20130820,55.23,57.69,54.90,57.01,3871180,0
20130821,56.73,58.49,56.30,57.95,3784582,0
20130822,57.98,58.87,57.52,58.11,3009342,0
20130823,58.45,59.24,57.94,58.11,2953417,0
20130826,58.17,59.09,57.88,58.13,2846178,0
20130827,57.71,58.00,57.09,57.10,2986342,0
20130828,57.20,58.30,57.20,58.03,2220259,0
20130829,57.87,58.47,57.38,57.72,2119323,0
20130830,57.95,58.50,56.94,57.10,2662377,0
20130903,57.76,58.44,57.33,58.11,3045722,0
20130904,57.92,59.32,57.58,59.03,4080252,0
20130905,58.68,59.10,57.79,57.80,3849762,0
20130906,57.91,58.11,56.90,57.42,2800446,0
20130909,57.07,57.92,57.02,57.47,3102606,0
20130910,57.44,57.44,56.68,56.79,3476502,0
20130911,56.83,57.03,56.06,56.93,2598070,0
20130912,56.99,57.34,56.33,56.45,2662766,0
20130913,56.64,57.73,56.57,57.13,2420831,0
20130916,57.62,57.70,56.71,56.83,2524371,0
20130917,56.71,56.80,55.81,56.05,3887584,0
20130918,56.05,57.50,56.02,57.25,3873288,0
20130919,58.34,59.21,57.90,58.15,4668981,0
20130920,58.21,59.30,57.69,57.93,4948283,0
20130923,57.73,57.73,56.90,57.41,3067970,0
20130924,57.24,58.55,57.03,57.77,3432679,0
20130925,57.82,58.55,57.53,58.05,3053822,0
20130926,58.01,59.00,58.01,58.48,2713944,0
20130927,58.10,58.87,58.10,58.53,3027849,0
20130930,58.01,58.09,56.88,57.82,4410313,0
20131001,57.65,58.22,57.19,57.90,2601212,0
20131002,57.59,59.31,57.33,59.18,4150386,0
20131003,58.86,59.83,58.60,59.56,4244425,0
20131004,59.00,59.35,58.39,59.17,3550709,0
20131007,58.76,58.90,57.90,57.90,3345691,0
20131008,57.92,58.09,56.50,56.89,4211731,0
20131009,56.82,57.28,56.51,56.90,3466676,0
20131010,57.67,58.79,57.62,58.57,4396865,0
20131011,58.55,60.81,58.47,59.93,5680746,0
20131014,59.57,60.72,59.25,60.48,2892026,0
20131015,60.39,60.85,59.34,59.50,3602623,0
20131016,60.02,60.75,59.86,60.73,2993344,0
20131017,60.57,62.39,60.50,62.22,3405038,0
20131018,62.51,63.50,62.25,63.48,3813897,0
20131021,63.77,64.19,63.49,63.91,2986061,0
20131022,64.34,65.24,64.16,64.88,4265681,0
20131023,64.37,65.40,64.33,64.66,4215644,0
20131024,64.54,64.60,62.70,63.23,4249959,0
20131025,63.32,63.72,62.75,63.40,2206843,0
20131028,63.77,64.42,63.14,63.28,3071613,0
20131029,63.39,64.32,63.23,64.14,3214537,0
20131030,64.10,65.64,63.05,65.23,4687922,0
20131031,64.98,65.53,64.41,64.43,3786337,0
20131101,64.47,64.83,63.29,64.13,2747014,0
20131104,64.28,64.54,63.39,64.44,2729592,0
20131105,64.25,64.81,63.62,64.27,3184087,0
20131106,64.75,65.56,64.15,64.36,2984816,0
20131107,64.28,64.86,63.62,63.84,3084232,0
20131108,63.92,65.39,63.66,65.36,3252743,0
20131111,65.15,65.58,64.79,65.49,2438341,0
20131112,64.93,66.23,64.83,65.41,3230192,0
20131113,65.28,66.06,64.53,66.05,3427049,0
20131114,66.24,68.36,66.23,67.56,4088469,0
20131115,67.30,67.62,66.52,67.10,4106330,0
20131118,67.62,68.05,67.05,67.21,2723267,0
20131119,67.14,68.54,66.92,67.77,3246116,0
20131120,68.22,68.39,66.80,67.03,2923586,0
20131121,67.06,67.64,65.84,67.50,2933400,0
20131122,67.85,68.80,67.54,68.48,3108299,0
20131125,68.48,69.35,68.13,68.64,2808260,0
20131126,68.79,69.23,68.13,68.75,3094352,0
20131127,68.60,71.00,68.40,70.12,4526359,0
20131129,70.03,70.72,69.41,69.61,1688148,0
20131202,70.00,71.75,69.67,71.36,3900870,0
20131203,71.06,71.27,69.54,70.60,4299499,0
20131204,69.70,70.48,68.33,69.59,5377722,0
20131205,69.82,70.50,69.17,69.73,3978767,0
20131206,70.33,72.50,70.00,71.24,5174174,0
20131209,72.30,73.17,71.70,71.83,4297266,0
20131210,71.25,72.43,69.54,71.61,4233663,0
20131211,71.64,71.69,70.29,70.85,3890338,0
20131212,70.80,71.69,70.44,71.22,2773014,0
20131213,71.25,72.02,70.57,71.60,2711460,0
20131216,71.68,73.26,71.53,72.61,2746270,0
20131217,72.61,73.27,72.25,72.60,2440123,0
20131218,72.56,74.12,72.21,73.98,3961267,0
20131219,73.55,74.39,72.70,72.92,3506065,0
20131220,73.20,74.53,73.05,74.03,4906820,0
20131223,74.50,75.39,74.28,74.41,2563662,0
20131224,74.74,74.97,74.29,74.74,1064980,0
20131226,75.00,75.29,74.68,75.12,1186977,0
20131227,75.14,75.18,74.19,74.75,1688796,0
20131230,75.01,75.60,74.69,74.72,2252460,0
20131231,75.27,77.29,75.18,77.13,2993958,0
20140102,77.17,77.32,76.36,76.45,2861834,0
20140103,76.36,76.99,76.15,76.29,1958161,0
20140106,76.51,77.49,76.40,77.01,2819578,0
20140107,77.07,77.83,76.67,77.02,4012670,0
20140108,77.25,77.41,76.15,76.87,4499972,0
20140109,77.01,78.25,76.88,78.13,4197844,0
20140110,78.39,79.00,77.24,78.00,3020914,0
20140113,78.20,78.20,75.49,75.81,3061318,0
20140114,76.15,76.71,75.80,76.49,3359138,0
20140115,76.50,76.53,74.75,75.54,3705929,0
20140116,75.31,75.73,74.67,75.39,3231899,0
20140117,74.87,76.62,74.85,76.02,3901615,0
20140121,76.03,77.40,76.03,76.90,2791986,0
20140122,77.30,77.60,76.09,77.10,2754224,0
20140123,77.52,78.10,76.04,77.20,4105669,0
20140124,76.22,76.35,73.60,74.44,4742237,0
20140127,74.57,75.70,73.78,74.90,3408700,0
20140128,73.92,75.46,73.92,75.08,2792193,0
20140129,74.03,76.90,70.81,74.18,5942040,0
20140130,74.44,74.97,73.37,73.56,4595404,0
20140131,73.10,74.58,72.75,73.09,5799904,0
20140203,73.12,73.58,71.14,71.36,5630267,0
20140204,71.51,71.75,68.78,71.14,4647450,0
20140205,70.75,71.55,69.11,70.67,6079314,0
20140206,71.30,73.62,70.89,73.30,5388975,0
20140207,73.70,74.43,72.91,74.28,3344294,0
20140210,74.35,74.69,72.03,72.27,3749016,0
20140211,72.30,74.26,72.24,74.09,3711935,0
20140212,74.17,74.60,73.36,73.64,3045312,0
20140213,72.75,74.92,72.63,74.65,3234445,0
20140214,74.47,75.98,74.26,75.93,2421841,0
20140218,76.21,76.99,75.27,75.38,2819125,0
20140219,75.22,76.95,75.02,75.27,3700371,0
20140220,75.02,75.76,74.75,75.29,3165048,0
20140221,75.08,75.69,74.81,74.95,3215484,0
20140224,75.01,77.77,75.01,76.25,3646536,0
20140225,76.23,78.31,75.90,77.53,4208275,0
20140226,77.44,77.93,76.45,76.76,3389079,0
20140227,76.48,76.80,74.33,74.74,5639991,0
20140228,74.78,78.89,74.38,74.86,4209100,0
20140303,74.65,75.77,74.37,74.86,2672187,0
20140304,75.55,76.20,74.90,76.08,2386646,0
20140305,75.80,76.93,75.45,76.81,2818984,0
20140306,76.98,78.79,76.95,78.14,3704833,0
20140307,78.50,78.78,77.35,78.08,2243466,0
20140310,78.00,79.20,77.82,78.66,2376002,0
20140311,78.63,79.38,78.01,79.08,3068060,0
20140312,79.09,80.29,79.06,80.00,3444417,0
20140313,80.07,80.39,77.72,78.14,3439148,0
20140314,78.03,79.41,78.00,78.69,2760014,0
20140317,78.86,79.72,78.74,79.35,2646438,0
20140318,79.32,80.36,78.91,80.35,3002023,0
20140319,80.24,80.25,77.92,78.43,2894754,0
20140320,78.07,78.96,77.53,78.50,3108177,0
20140321,80.12,80.12,77.82,77.95,4628594,0
20140324,78.37,78.70,77.02,77.42,3291945,0
20140325,77.24,78.74,77.24,78.20,3046623,0
20140326,78.47,78.80,76.92,77.21,2663890,0
20140327,77.29,77.67,76.73,76.86,3430618,0
20140328,77.00,77.40,76.51,76.65,3014078,0
20140331,77.30,77.56,76.87,77.06,3071528,0
20140401,77.22,79.64,76.93,79.58,4031182,0
20140402,79.17,79.50,77.89,79.24,3083054,0
20140403,79.67,80.91,79.67,80.60,3328587,0
20140404,81.01,81.43,79.15,79.57,3326459,0
20140407,79.10,79.95,77.88,77.95,3224368,0
20140408,78.06,78.67,77.01,77.56,3342311,0
20140409,78.03,78.71,77.23,78.33,2522337,0
20140410,78.27,79.38,76.67,76.69,3875445,0
20140411,76.63,78.06,76.18,76.75,5550335,0
20140414,77.11,78.03,76.64,78.01,2673880,0
20140415,77.76,78.71,76.74,78.68,3654567,0
20140416,79.42,81.15,78.63,81.11,3801498,0
20140417,80.67,81.35,80.00,80.28,4517150,0
20140421,80.36,82.15,80.19,81.82,2946213,0
20140422,81.33,82.47,80.73,81.98,2987199,0
20140423,81.85,82.95,81.50,82.30,2083922,0
20140424,82.60,83.05,81.76,82.57,2592177,0
20140425,82.53,83.10,82.03,82.59,2545455,0
20140428,82.89,84.40,81.87,84.05,3864273,0
20140429,84.53,84.85,83.34,83.75,2732546,0
20140430,83.91,84.50,83.11,83.22,2860209,0
20140501,83.27,84.67,83.09,84.05,2602303,0
20140502,83.99,84.55,83.43,83.53,2095707,0
20140505,83.14,83.99,82.65,83.93,2101334,0
20140506,84.13,85.42,83.66,84.26,2668968,0
20140507,84.67,85.25,83.47,85.03,2584177,0
20140508,84.21,84.75,82.49,82.92,3057537,0
20140509,82.72,83.19,80.82,81.91,3687698,0
20140512,82.64,84.08,82.56,83.54,3181107,0
20140513,83.78,84.74,83.47,84.26,2566689,0
20140514,84.06,84.68,82.96,83.56,3143608,0
20140515,83.01,83.01,81.29,82.01,11589592,0
20140516,81.85,82.37,81.23,81.86,2305184,0
20140519,81.99,83.10,81.86,82.73,2907867,0
20140520,82.45,83.24,81.86,81.97,2316611,0
20140521,82.24,82.62,80.90,81.59,6323738,0
20140522,81.69,82.86,81.59,82.38,2433438,0
20140523,82.35,82.71,82.03,82.03,2541109,0
20140527,82.26,82.41,81.46,82.18,3004268,0
20140528,82.05,83.45,82.04,82.99,3497250,0
20140529,83.24,84.41,82.82,84.32,2451596,0
20140530,84.36,85.12,84.17,84.79,4140886,0
20140602,84.99,85.45,84.41,85.24,2519999,0
20140603,84.89,85.18,84.38,84.54,2335675,0
20140604,84.06,84.66,83.55,83.70,2451579,0
20140605,84.07,84.64,83.42,83.52,3736572,0
20140606,83.95,84.60,83.55,84.36,2492783,0
20140609,84.18,84.51,83.34,83.73,2048642,0
20140610,83.60,83.90,82.44,82.83,2034405,0
20140611,82.36,83.16,82.19,82.89,2039096,0
20140612,83.37,83.71,82.43,82.80,2882818,0
20140613,82.80,83.57,82.40,83.49,4330049,0
20140616,83.52,83.65,82.94,83.44,2279736,0
20140617,83.01,84.10,82.50,84.07,2965854,0
20140618,83.88,84.55,82.93,84.50,2616983,0
20140619,84.71,85.54,84.62,85.26,2954384,0
20140620,85.59,86.28,85.25,85.94,7281922,0
20140623,86.25,86.82,85.92,86.33,2316727,0
20140624,86.02,87.05,84.67,84.94,2801855,0
20140625,80.95,82.66,79.16,81.36,10144987,0
20140626,81.92,82.46,81.09,82.10,5311006,0
20140627,81.68,82.07,81.02,81.49,5490153,0
20140630,81.06,81.19,80.05,80.43,3405925,0
20140701,80.60,80.83,79.94,80.60,3132014,0
20140702,80.64,81.51,80.60,81.00,2443287,0
20140703,81.20,81.95,81.00,81.50,1712333,0
20140707,81.33,81.44,79.94,80.50,2226450,0
20140708,80.31,80.53,79.03,79.28,3010578,0
20140709,79.66,80.19,78.53,79.81,3278434,0
20140710,78.72,80.09,78.68,79.73,2722712,0
20140711,79.55,80.55,79.50,80.29,2235240,0
20140714,80.88,80.90,79.63,79.95,8390124,0
20140715,79.74,81.50,79.42,81.12,8653555,0
20140716,81.21,81.87,80.41,80.84,2894078,0
20140717,80.40,80.98,79.40,79.54,2370164,0
20140718,79.91,81.04,79.45,80.86,3127235,0
20140721,80.40,80.80,80.00,80.16,2102776,0
20140722,80.74,81.15,80.24,80.50,2733868,0
20140723,80.55,81.73,80.45,81.27,2118401,0
20140724,81.73,82.83,81.30,82.10,3517441,0
20140725,82.14,82.87,81.83,82.65,2064047,0
20140728,83.00,83.00,81.66,82.61,2359493,0
20140729,82.92,83.25,82.47,82.47,3173331,0
20140730,82.19,83.41,81.31,81.72,2664734,0
20140731,81.14,82.51,80.56,81.11,3119964,0
20140801,80.62,81.01,79.25,80.54,4488019,0
20140804,80.81,82.04,80.24,81.88,2934430,0
20140805,81.44,81.65,80.58,81.01,2735480,0
20140806,80.75,82.90,80.75,82.28,2730150,0
20140807,82.50,83.03,81.17,81.52,2532085,0
20140808,82.00,83.17,81.31,83.05,2290420,0
20140811,83.51,83.85,82.30,82.39,2293695,0
20140812,82.58,82.93,82.14,82.56,2113321,0
20140813,82.56,82.88,81.97,82.78,2411161,0
20140814,82.95,83.91,82.55,83.69,2849886,0
20140815,83.85,84.37,83.50,84.11,4763546,0
20140818,84.27,86.08,84.27,85.61,3353823,0
20140819,85.61,86.40,85.34,86.09,2676860,0
20140820,85.99,86.79,85.65,86.60,2133080,0
20140821,86.70,86.72,86.01,86.24,1767584,0
20140822,86.05,86.28,85.47,86.09,1633893,0
20140825,86.38,87.10,86.12,86.90,1903517,0
20140826,86.87,87.10,86.26,86.67,1869274,0
20140827,86.70,87.00,86.03,86.44,1832071,0
20140828,86.03,86.92,85.82,86.61,1188238,0
20140829,86.58,87.15,86.44,87.02,2150342,0
20140902,86.91,87.20,86.02,86.95,2375976,0
20140903,87.20,87.98,86.80,87.24,2881088,0
20140904,87.22,87.87,86.54,86.88,3331976,0
20140905,86.94,87.66,86.06,87.51,2241378,0
20140908,87.45,87.60,87.02,87.06,2060227,0
20140909,87.00,87.54,85.95,86.47,2492647,0
20140910,86.13,86.41,83.90,85.14,4598645,0
20140911,84.58,85.11,83.57,84.01,3321134,0
20140912,83.88,84.24,82.55,83.02,3337574,0
20140915,83.04,84.02,82.69,83.90,2420309,0
20140916,83.78,86.68,83.50,85.78,5220294,0
20140917,85.94,86.38,85.29,85.69,4135200,0
20140918,85.71,86.39,85.37,85.89,3497398,0
20140919,86.04,86.38,85.58,85.75,3614223,0
20140922,85.50,85.53,83.69,83.84,2576411,0
20140923,83.85,84.85,83.14,83.26,2168686,0
20140924,82.95,83.34,81.61,82.69,2514075,0
20140925,82.83,82.83,81.74,81.74,2429249,0
20140926,81.60,82.52,81.60,82.23,3274516,0
20140929,81.37,82.30,81.08,81.77,2076417,0
20140930,81.50,81.88,80.68,81.31,5203533,0
20141001,81.31,82.00,79.56,79.63,4192316,0
20141002,79.18,79.39,75.94,77.76,8948755,0
20141003,78.23,78.28,77.04,77.64,4846260,0
20141006,77.70,78.12,76.70,77.35,2580065,0
20141007,77.59,78.80,77.15,77.35,3654549,0
20141008,77.83,79.21,76.52,79.16,4384453,0
20141009,78.97,79.37,76.56,76.61,3570416,0
20141010,76.75,77.73,74.81,76.32,4702024,0
20141013,75.98,77.14,72.85,73.05,5176656,0
20141014,73.52,74.16,70.11,70.59,9369186,0
20141015,69.82,70.86,66.24,67.89,11407686,0
20141016,67.46,70.52,66.12,69.71,8930411,0
20141017,70.69,73.15,70.19,72.21,8218504,0
20141020,71.76,72.90,71.66,72.35,3495516,0
20141021,74.35,77.08,72.93,76.81,6745193,0
20141022,76.75,77.55,75.35,75.39,5186762,0
20141023,76.42,77.07,75.96,76.12,3223058,0
20141024,76.15,76.57,74.85,76.49,2924537,0
20141027,75.65,76.11,74.53,75.48,4295499,0
20141028,75.85,77.72,75.17,77.53,7580212,0
20141029,78.56,78.97,75.61,76.39,4319840,0
20141030,76.35,77.57,75.63,77.40,3857541,0
20141031,77.70,78.76,76.65,78.50,3848811,0
20141103,78.46,78.85,76.38,76.68,5523687,0
20141104,76.02,76.44,73.48,74.49,6013035,0
20141105,74.90,76.37,73.68,74.74,5429520,0
20141106,75.18,75.64,74.32,75.42,4054378,0
20141107,75.30,75.59,74.28,74.70,5463968,0
20141110,75.00,75.60,74.38,74.50,3332246,0
20141111,74.89,75.15,73.23,73.64,3975985,0
20141112,72.97,74.21,72.85,73.04,3703774,0
20141113,72.63,72.72,70.22,70.83,5418429,0
20141114,70.94,71.84,70.80,71.78,7638911,0
20141117,71.79,73.12,71.79,72.78,4327599,0
20141118,73.15,74.54,72.82,73.96,4730122,0
20141119,74.14,76.08,73.79,75.77,4721125,0
20141120,75.52,77.99,75.50,77.83,4789859,0
20141121,79.01,80.32,78.22,79.42,5331185,0
20141124,79.13,79.90,79.06,79.42,2976658,0
20141125,79.76,80.17,79.02,79.54,3458691,0
20141126,79.57,79.65,78.70,79.28,4383944,0
20141128,78.41,78.60,72.76,73.02,5301853,0
20141201,73.00,73.73,71.07,71.86,7524333,0
20141202,71.75,74.29,71.75,73.76,5166718,0
20141203,73.81,75.26,73.79,74.83,3270568,0
20141204,74.33,75.24,73.62,74.97,3914586,0
20141205,74.82,75.19,72.92,73.02,4252350,0
20141208,72.23,72.63,68.71,68.93,6709007,0
20141209,68.56,69.13,67.56,68.81,5270192,0
20141210,67.63,68.35,66.42,67.11,5589714,0
20141211,67.11,68.12,66.62,66.82,4743700,0
20141212,66.30,67.12,65.31,65.68,4427777,0
20141215,66.65,67.42,64.87,65.09,9156041,0
20141216,64.60,68.63,64.02,67.04,6209392,0
20141217,66.78,69.15,66.62,68.36,4530127,0
20141218,69.90,70.30,66.83,69.03,5258512,0
20141219,69.60,71.89,69.08,71.81,6677042,0
20141222,71.06,71.65,70.30,71.23,3540110,0
20141223,71.49,72.73,71.30,72.56,3717548,0
20141224,72.10,72.59,71.31,72.10,2090093,0
20141226,72.34,73.34,72.10,72.65,1842876,0
20141229,73.01,73.37,72.10,72.82,2980001,0
20141230,72.80,73.61,72.19,72.92,3143999,0
20141231,72.70,73.03,71.66,71.70,2655643,0
20150102,71.61,72.45,70.95,72.29,2545240,0
20150105,71.24,71.59,67.14,67.92,5885961,0
20150106,67.66,68.76,66.02,66.02,5795753,0
20150107,66.77,67.89,65.90,66.31,5558227,0
20150108,67.10,68.90,66.60,68.89,5432708,0
20150109,68.31,68.50,66.70,67.31,4438018,0
20150112,66.48,66.52,63.83,64.24,5232286,0
20150113,64.31,64.79,61.37,61.50,8886398,0
20150114,60.64,60.98,57.33,59.42,11611127,0
20150115,60.24,60.50,58.68,59.09,5531113,0
20150116,59.00,61.08,59.00,60.83,4978583,0
20150120,61.79,63.71,61.09,63.62,7995203,0
20150121,64.27,66.62,63.70,66.25,7108999,0
20150122,66.84,67.59,65.97,67.31,5501532,0
20150123,67.47,69.18,66.97,68.52,4667599,0
20150126,68.64,69.04,67.61,68.40,4149653,0
20150127,67.70,69.78,67.52,69.60,4407871,0
20150128,69.80,70.06,68.32,68.37,6039348,0
20150129,69.95,70.69,68.65,70.48,5810118,0
20150130,69.73,71.27,68.84,70.32,5793500,0
20150202,71.31,72.80,70.07,72.80,4818851,0
20150203,73.72,74.94,73.33,74.88,6683035,0
20150204,73.83,75.13,72.77,74.42,5352983,0
20150205,75.30,75.89,74.33,75.21,3014419,0
20150206,75.32,76.62,75.10,76.10,3592204,0
20150209,76.27,76.62,75.69,75.93,2783088,0
20150210,75.20,75.86,73.84,75.67,3340610,0
20150211,74.93,75.01,73.34,74.19,4125583,0
20150212,74.73,75.32,74.08,75.11,2812748,0
20150213,75.76,76.65,75.32,76.62,3479176,0
20150217,76.38,77.28,75.87,76.90,3523757,0
20150218,76.01,76.61,75.48,75.95,3997772,0
20150219,75.47,77.88,74.94,77.43,4599027,0
20150220,77.52,78.17,76.27,77.34,4566555,0
20150223,76.75,79.46,76.75,79.33,3785462,0
20150224,79.71,80.07,78.33,80.00,4442873,0
20150225,79.88,80.59,78.90,79.09,2959703,0
20150226,78.99,80.18,78.38,80.06,4279905,0
20150227,80.10,80.44,78.44,78.46,4296563,0
20150302,78.11,78.40,76.16,77.00,5976240,0
20150303,77.53,78.38,77.48,78.09,3361523,0
20150304,77.70,78.08,77.08,77.96,2199910,0
20150305,78.20,78.35,76.86,76.88,2722044,0
20150306,76.16,77.30,75.14,75.36,3681706,0
20150309,75.44,77.47,75.44,76.29,3630475,0
20150310,75.84,75.84,74.02,74.03,3496350,0
20150311,74.28,75.00,74.16,74.55,2422360,0
20150312,75.10,75.90,74.01,74.16,2960806,0
20150313,74.14,74.76,73.54,74.64,2848944,0
20150316,74.32,76.32,74.06,76.29,2471621,0
20150317,75.59,76.29,74.74,75.95,2634270,0
20150318,75.64,78.59,75.35,78.12,4731244,0
20150319,77.22,77.87,76.69,77.51,2647415,0
20150320,77.70,78.88,77.00,78.86,5172273,0
20150323,79.00,79.49,78.52,78.53,2747407,0
20150324,78.38,78.53,77.38,77.63,2198386,0
20150325,78.59,80.08,78.33,79.00,4135083,0
20150326,79.70,79.93,78.40,78.44,2035792,0
20150327,78.61,78.84,77.32,77.61,1979020,0
20150330,78.26,80.04,78.15,79.56,3035697,0
20150331,78.45,79.39,78.40,78.60,2715708,0
20150401,79.07,80.29,78.94,79.94,3257472,0
20150402,79.28,80.07,77.94,78.17,4424716,0
20150406,78.49,79.33,77.82,78.55,3260642,0
20150407,78.64,78.85,77.70,77.77,2776119,0
20150408,78.06,78.80,77.17,77.41,2352452,0
20150409,77.28,77.91,76.80,77.81,3572685,0
20150410,78.00,78.54,77.56,78.34,2306277,0
20150413,78.45,78.48,76.43,76.93,3996764,0
20150414,77.58,78.24,77.28,77.83,3443902,0
20150415,77.95,79.18,77.90,78.94,2990007,0
20150416,78.82,79.46,78.13,79.24,2545740,0
20150417,78.67,78.78,77.75,78.01,2411018,0
20150420,78.26,79.66,78.12,79.30,2620139,0
20150421,79.30,79.64,78.70,79.50,2458132,0
20150422,79.92,81.07,79.34,80.92,2822370,0
20150423,81.14,81.72,80.84,81.23,2919041,0
20150424,81.38,81.84,80.90,81.59,2067713,0
20150427,81.87,81.93,81.01,81.07,2039966,0
20150428,81.23,81.99,81.05,81.61,2265009,0
20150429,81.43,81.94,80.89,81.00,2855579,0
20150430,80.90,81.17,78.90,79.31,4829420,0
20150501,79.41,81.66,79.14,81.61,3061894,0
20150504,82.00,82.19,80.74,80.84,2833678,0
20150505,81.10,81.40,80.35,80.44,2279344,0
20150506,80.55,80.70,79.61,79.82,3398718,0
20150507,79.80,80.12,78.91,79.94,4047619,0
20150508,80.40,81.82,79.44,81.63,3008871,0
20150511,81.98,81.98,80.26,80.54,2406418,0
20150512,80.28,80.80,79.65,80.50,2245805,0
20150513,80.95,81.18,80.11,80.77,2343143,0
20150514,80.41,81.68,80.40,81.63,2658355,0
20150515,81.54,81.54,80.86,81.05,1824551,0
20150518,81.11,81.56,80.52,81.33,2015663,0
20150519,80.90,81.10,80.23,80.70,2549160,0
20150520,80.74,81.22,80.14,80.52,2551703,0
20150521,80.69,81.38,80.27,81.00,2289441,0
20150522,80.62,81.08,80.51,80.97,1734980,0
20150526,80.17,80.38,78.87,79.36,3202850,0
20150527,79.82,80.38,78.87,79.19,3369594,0
20150528,78.94,79.67,77.98,79.56,3302186,0
20150529,79.56,80.54,78.90,79.12,3734321,0
20150601,79.55,80.25,79.20,79.35,3007512,0
20150602,79.38,79.50,78.47,79.10,3281629,0
20150603,78.79,78.86,77.72,78.30,3198839,0
20150604,77.71,78.07,77.18,77.38,2622961,0
20150605,77.24,78.61,77.17,78.05,1934356,0
20150608,77.11,77.76,76.84,77.18,3344564,0
20150609,77.34,77.81,76.73,76.79,3383298,0
20150610,77.41,78.35,77.18,77.80,3600154,0
20150611,77.98,79.29,77.48,78.67,3126404,0
20150612,78.16,78.34,76.94,77.65,2574633,0
20150615,77.70,78.09,77.16,78.08,2546597,0
20150616,78.00,78.44,77.27,78.39,2511046,0
20150617,79.15,79.66,77.92,78.84,2799328,0
20150618,78.91,80.48,78.80,80.03,2508081,0
20150619,79.58,80.62,79.58,79.67,3030710,0
20150622,80.02,80.02,78.94,79.60,3152950,0
20150623,79.80,80.60,79.56,80.31,2453100,0
20150624,79.70,80.12,78.96,79.19,3106393,0
20150625,79.19,79.52,78.80,78.89,2347771,0
20150626,78.80,79.67,78.56,79.62,8753563,0
20150629,78.75,79.41,78.46,78.49,4888279,0
20150630,79.24,81.36,79.18,80.56,4716790,0
20150701,80.64,81.86,80.52,81.30,3779633,0
20150702,81.47,82.18,81.00,81.45,3388871,0
20150706,80.39,81.79,79.75,81.54,3978710,0
20150707,81.98,82.63,79.92,82.35,4170671,0
20150708,81.85,81.86,78.06,78.50,4513141,0
20150709,79.60,80.00,79.19,79.45,3839194,0
20150710,79.86,81.84,79.66,81.49,3236138,0
20150713,82.04,84.24,82.04,83.42,4148869,0
20150714,82.89,84.39,82.89,83.52,4884483,0
20150715,82.79,83.35,81.42,81.77,3737683,0
20150716,82.42,83.44,82.02,83.21,3018197,0
20150717,83.21,83.30,82.10,83.24,2502249,0
20150720,83.13,83.25,82.24,82.33,3095162,0
20150721,82.30,83.00,81.48,81.98,2214957,0
20150722,81.84,82.86,81.20,81.83,3725551,0
20150723,82.11,82.48,81.22,81.39,2110277,0
20150724,81.34,81.56,78.30,79.03,5377096,0
20150727,78.00,78.04,75.44,76.72,7687943,0
20150728,76.80,79.07,76.42,78.65,4784224,0
20150729,78.55,80.18,78.44,80.03,4379968,0
20150730,79.49,79.98,78.38,79.12,4040972,0
20150731,78.47,80.63,77.91,79.50,3615751,0
20150803,78.67,80.22,78.25,78.68,4085467,0
20150804,79.11,79.44,78.09,78.26,3601251,0
20150805,79.57,80.45,78.19,78.28,3102653,0
20150806,78.45,79.86,77.94,79.64,4605267,0
20150807,79.27,80.61,78.97,79.62,2969386,0
20150810,80.07,82.53,80.00,82.52,3876738,0
20150811,81.07,83.81,80.90,83.70,3584090,0
20150812,83.37,84.85,82.13,84.32,5056435,0
20150813,83.20,84.40,82.49,83.08,4177415,0
20150814,82.70,83.52,81.82,82.30,3276953,0
20150817,81.92,83.13,81.65,83.06,2586758,0
20150818,82.68,83.57,82.38,83.25,2516812,0
20150819,82.70,82.93,80.37,80.80,4913553,0
20150820,80.24,81.78,79.42,79.53,3737812,0
20150821,78.69,79.08,75.67,75.74,7353245,0
20150824,71.93,74.07,69.79,71.66,7050117,0
20150825,73.62,74.12,70.40,70.55,4731512,0
20150826,72.50,73.37,70.56,73.30,4573119,0
20150827,75.03,76.54,73.17,75.02,5814346,0
20150828,75.14,77.26,75.10,77.23,4889932,0
20150831,79.50,80.14,77.28,79.07,8614317,0
20150901,78.13,78.42,76.81,77.59,5302245,0
20150902,79.14,79.18,76.85,78.56,3621875,0
20150903,79.10,80.06,77.77,78.46,3358267,0
20150904,77.50,78.01,76.71,77.20,4266706,0
20150908,78.21,79.97,77.01,79.88,6212467,0
20150909,80.06,82.75,79.96,80.65,6346146,0
20150910,81.21,82.07,80.11,81.02,4424868,0
20150911,80.83,80.98,79.72,80.60,3950677,0
20150914,80.53,80.53,78.05,78.21,4261239,0
20150915,78.40,79.64,77.73,79.21,4053905,0
20150916,79.40,79.59,78.25,79.19,4018391,0
20150917,79.48,80.76,78.38,79.31,4060333,0
20150918,78.09,79.56,77.80,78.59,12950806,0
20150921,78.81,80.50,78.48,79.26,3399079,0
20150922,78.12,78.75,77.76,78.17,2957193,0
20150923,78.55,79.53,77.82,77.85,2485190,0
20150924,77.61,78.42,76.51,77.65,3727522,0
20150925,78.18,78.80,77.26,77.94,3193094,0
20150928,77.46,78.07,73.93,74.11,4161945,0
20150929,74.81,75.99,74.25,74.51,4335367,0
20150930,76.21,77.28,75.45,76.84,3900993,0
20151001,77.63,78.48,76.52,77.93,3044029,0
20151002,77.11,79.48,76.45,79.48,2467099,0
20151005,79.94,82.29,79.88,81.82,3449624,0
20151006,81.71,83.49,81.62,82.58,5355152,0
20151007,82.93,83.79,81.26,83.24,4017284,0
20151008,82.97,84.87,82.37,84.58,3179529,0
20151009,84.61,84.79,82.51,83.52,3104270,0
20151012,83.75,84.00,82.73,83.87,1791057,0
20151013,83.00,83.96,82.01,82.16,3322231,0
20151014,82.16,83.39,81.67,82.47,2173054,0
20151015,83.03,83.89,81.86,83.49,2289667,0
20151016,84.03,84.77,83.44,84.12,2678980,0
20151019,83.42,83.70,81.48,81.62,3054068,0
20151020,81.32,81.83,80.08,81.60,2896029,0
20151021,81.88,81.90,80.23,80.50,2347867,0
20151022,81.33,82.85,80.73,82.61,3323812,0
20151023,82.61,84.45,82.41,83.35,2523733,0
20151026,83.31,83.68,82.41,83.00,3124300,0
20151027,82.34,83.56,82.06,83.56,2595766,0
20151028,83.69,85.33,83.34,84.89,2672455,0
20151029,84.52,86.92,84.52,86.43,3568939,0
20151030,88.32,90.82,87.30,89.05,7125367,0
20151102,88.39,91.50,88.30,90.60,4939666,0
20151103,90.72,93.29,90.18,92.67,3636646,0
20151104,93.00,94.12,92.50,93.33,3933932,0
20151105,93.34,93.95,92.61,93.68,3115249,0
20151106,93.21,93.72,92.04,92.75,2447058,0
20151109,92.75,94.00,91.39,92.01,2730452,0
20151110,91.39,92.94,90.91,92.10,2299178,0
20151111,91.81,92.72,90.41,90.59,2590000,0
20151112,89.96,89.96,88.41,89.24,2692300,0
20151113,89.26,89.96,87.92,89.08,3079995,0
20151116,88.98,91.10,88.33,91.07,2743470,0
20151117,90.77,91.98,90.49,91.12,2306671,0
20151118,91.28,92.72,91.26,92.54,1857450,0
20151119,92.36,92.98,91.63,92.38,2367397,0
20151120,92.55,92.99,91.52,91.67,2758692,0
20151123,90.49,92.50,90.48,92.17,2725744,0
20151124,92.10,93.91,91.54,93.13,2807360,0
20151125,93.07,94.06,92.76,92.77,1949525,0
20151127,92.29,93.31,92.11,92.76,769914,0
20151130,93.09,93.46,91.34,91.53,4113066,0
20151201,92.33,92.95,91.21,92.67,2580520,0
20151202,92.16,93.00,90.08,90.44,3024720,0
20151203,91.00,91.28,88.20,88.57,2834604,0
20151204,90.35,90.67,88.69,90.20,3025884,0
20151207,88.62,89.46,85.72,86.69,5261622,0
20151208,85.57,87.43,85.11,86.45,3427267,0
20151209,86.51,87.85,85.20,86.09,2916822,0
20151210,86.48,87.55,85.68,86.75,2694463,0
20151211,85.46,85.91,82.52,82.78,4232834,0
20151214,82.32,82.83,80.28,81.40,5113503,0
20151215,82.42,83.30,81.42,81.78,5233067,0
20151216,81.55,83.40,81.55,83.06,3981581,0
20151217,83.00,83.34,81.76,81.78,3147685,0
20151218,81.50,81.78,79.68,80.56,6246566,0
20151221,81.02,81.27,79.47,80.62,2809418,0
20151222,80.92,82.28,80.67,81.70,2623061,0
20151223,82.71,84.85,82.14,84.80,3113811,0
20151224,84.53,84.98,83.81,84.36,1054240,0
20151228,83.18,83.56,81.91,82.46,1690520,0
20151229,83.72,83.87,82.58,82.77,1906144,0
20151230,82.31,83.41,81.87,82.01,1527677,0
20151231,81.50,82.41,81.21,81.80,2095784,0
20160104,81.21,81.89,79.36,80.08,3251429,0
20160105,80.37,81.19,80.05,81.00,2849946,0
20160106,79.12,80.00,77.60,78.03,4273268,0
20160107,76.67,78.11,75.95,76.45,6357978,0
20160108,76.92,77.18,75.15,75.21,6009952,0
20160111,75.86,77.51,74.37,76.18,4355962,0
20160112,76.71,78.38,76.00,77.82,5370143,0
20160113,78.91,78.93,74.54,75.25,6500193,0
20160114,75.93,80.08,74.32,79.28,5363508,0
20160115,76.92,78.60,76.61,78.47,5343180,0
20160119,80.38,80.64,77.48,78.67,4574336,0
20160120,76.90,78.21,75.37,76.93,5169864,0
20160121,76.71,77.23,75.29,76.04,4360681,0
20160122,78.45,80.90,77.60,80.03,4035575,0
20160125,79.07,79.74,76.17,76.23,4273699,0
20160126,76.91,77.80,76.19,77.76,3177606,0
20160127,77.14,79.77,76.42,77.73,4782135,0
20160128,79.24,80.00,77.00,78.70,5160954,0
20160129,78.10,80.23,75.80,80.15,7448393,0
20160201,79.68,80.66,77.82,79.48,4487703,0
20160202,78.58,79.44,77.80,78.50,4295444,0
20160203,79.51,79.94,76.76,79.10,7337489,0
20160204,79.09,80.92,78.60,79.88,5657732,0
20160205,79.63,80.48,77.92,78.33,4650378,0
20160208,78.33,78.33,73.30,76.28,7979823,0
20160209,75.77,76.62,74.67,75.44,4348610,0
20160210,76.02,77.10,74.67,75.29,5693361,0
20160211,73.53,75.04,71.74,72.90,7720776,0
20160212,74.00,75.32,73.84,75.20,4217731,0
20160216,76.76,78.28,75.86,78.25,5690327,0
20160217,79.09,80.89,78.88,80.59,4465360,0
20160218,81.34,81.75,78.89,79.44,4608951,0
20160219,78.75,80.18,78.39,80.09,3173455,0
20160222,81.05,81.42,80.11,80.87,3278059,0
20160223,80.40,80.61,78.53,78.56,3323355,0
20160224,77.52,79.15,77.35,79.09,3667194,0
20160225,79.25,79.33,77.62,78.76,3297210,0
20160226,79.52,80.19,78.92,79.10,2490116,0
20160229,79.40,80.38,78.93,79.39,3106395,0
20160301,80.01,83.79,79.70,83.41,6029010,0
20160302,83.15,84.64,82.84,84.57,3585456,0
20160303,84.94,86.58,84.55,86.09,3831310,0
20160304,86.50,86.60,84.84,85.78,2891051,0
20160307,85.38,87.83,85.07,87.41,3741780,0
20160308,86.89,87.75,84.75,84.80,3514423,0
20160309,85.52,87.23,85.20,86.09,3076768,0
20160310,86.07,86.07,84.12,85.43,2464552,0
20160311,86.25,86.73,85.11,86.43,2914715,0
20160314,85.67,86.50,85.29,86.18,2028610,0
20160315,85.00,86.67,84.90,86.60,2208874,0
20160316,86.63,87.90,86.37,87.57,2351820,0
20160317,88.01,88.66,86.44,88.38,2463452,0
20160318,88.80,89.65,88.13,89.41,5398225,0
20160321,89.15,89.96,89.11,89.69,2170176,0
20160322,89.62,90.87,89.03,90.16,2171351,0
20160323,89.94,89.94,87.88,88.12,2012458,0
20160324,86.97,88.12,86.57,88.06,2547273,0
20160328,87.87,88.13,87.07,87.49,2083466,0
20160329,86.80,87.73,86.02,87.43,1974603,0
20160330,88.19,88.61,86.98,87.62,1850859,0
20160331,87.27,87.81,86.21,86.59,2810570,0
20160401,85.60,85.96,84.88,85.67,2639102,0
20160404,85.70,86.66,85.29,85.73,1817392,0
20160405,85.08,85.69,84.21,84.81,2126096,0
20160406,85.35,85.62,83.26,85.02,3171957,0
20160407,84.60,85.02,83.83,84.51,1751829,0
20160408,85.80,86.81,85.27,86.06,2741333,0
20160411,86.50,86.85,84.56,84.58,2158143,0
20160412,84.67,86.09,84.06,85.98,2587521,0
20160413,86.48,87.10,85.80,87.01,2089163,0
20160414,87.11,87.63,86.57,86.92,1735350,0
20160415,86.66,86.66,84.85,84.85,2723372,0
20160418,84.01,85.73,83.91,85.65,2454626,0
20160419,85.72,86.50,85.29,86.42,1935777,0
20160420,85.91,87.21,84.81,86.69,2344321,0
20160421,86.84,87.65,86.08,87.40,2270687,0
20160422,87.64,88.46,87.38,87.98,2038942,0
20160425,87.90,88.24,86.89,87.93,1730672,0
20160426,88.45,88.85,87.82,88.40,1655285,0
20160427,88.85,89.31,88.01,88.95,2451686,0
20160428,88.36,89.06,87.34,87.79,3038950,0
20160429,85.21,86.03,81.15,82.11,7296812,0
20160502,82.44,82.50,79.98,82.20,4486779,0
20160503,80.70,80.98,79.45,80.01,4397146,0
20160504,79.90,80.39,78.49,79.32,2996820,0
20160505,80.02,80.82,78.44,79.08,2830547,0
20160506,78.71,80.18,78.27,78.52,3802843,0
20160509,78.50,78.53,76.88,78.32,3064621,0
20160510,78.76,79.69,78.66,79.25,2236539,0
20160511,79.16,80.36,78.62,79.39,2652238,0
20160512,80.00,80.10,77.84,78.25,2603518,0
20160513,78.25,79.14,77.91,78.34,3029415,0
20160516,78.22,78.80,77.20,78.68,3107039,0
20160517,78.56,79.30,78.04,78.31,2235778,0
20160518,78.29,79.48,77.71,78.13,2508410,0
20160519,77.55,77.96,76.68,77.65,2240859,0
20160520,78.15,78.46,77.49,77.90,2352347,0
20160523,77.51,78.63,77.40,77.82,2498894,0
20160524,78.60,80.00,78.49,79.70,3454470,0
20160525,80.09,80.47,79.47,80.13,2917433,0
20160526,80.42,80.60,79.12,80.04,3572054,0
20160527,80.05,80.80,79.75,80.63,2319509,0
20160531,80.90,81.08,79.86,80.36,5908462,0
20160601,79.90,80.96,79.39,80.85,3022463,0
20160602,80.57,81.43,80.52,80.83,2303665,0
20160603,80.61,80.89,79.39,80.13,2985053,0
20160606,80.61,80.77,80.08,80.76,2184989,0
20160607,80.87,81.58,80.54,81.32,2708366,0
20160608,81.58,82.42,81.01,82.37,3595808,0
20160609,81.65,81.89,80.88,81.13,3298236,0
20160610,80.25,80.66,79.63,80.07,1889766,0
20160613,79.73,79.94,78.67,78.80,3347663,0
20160614,78.63,79.34,77.63,78.90,2638688,0
20160615,78.63,79.97,78.11,79.14,2321731,0
20160616,78.47,79.57,78.10,79.43,1867433,0
20160617,79.34,79.46,78.28,78.50,4086541,0
20160620,79.53,80.24,78.96,79.06,2748324,0
20160621,79.30,79.58,78.23,79.35,2331131,0
20160622,79.37,80.30,79.15,79.54,1842146,0
20160623,80.02,80.87,79.60,80.87,2097293,0
20160624,78.29,79.74,78.29,78.62,6031822,0
20160627,78.19,78.52,76.40,76.90,3506150,0
20160628,78.00,78.79,77.07,78.75,2479020,0
20160629,79.21,80.01,79.08,79.70,2348748,0
20160630,79.40,79.49,77.71,79.34,3505627,0
20160701,79.07,79.91,78.96,79.78,2660976,0
20160705,78.97,79.32,77.40,77.93,3063859,0
20160706,77.26,77.33,74.84,76.37,5344944,0
20160707,76.59,77.10,73.67,74.27,6056071,0
20160708,74.54,75.47,74.06,74.85,4058233,0
20160711,74.85,75.58,74.76,75.21,2704869,0
20160712,75.99,77.19,75.72,76.40,3309169,0
20160713,76.08,76.51,74.82,76.25,3586505,0
20160714,76.36,76.81,76.06,76.61,2901024,0
20160715,76.91,76.91,75.50,75.66,2977617,0
20160718,75.77,76.07,75.00,75.65,2418444,0
20160719,75.73,75.94,75.32,75.74,2017963,0
20160720,75.74,76.02,75.00,75.34,2144549,0
20160721,75.55,76.17,74.95,75.12,2659814,0
20160722,75.12,75.40,74.61,75.39,1688333,0
20160725,75.03,75.12,73.97,74.47,3318175,0
20160726,74.47,76.30,74.37,76.23,2901651,0
20160727,76.43,76.87,75.27,75.40,3108500,0
20160728,75.69,76.38,75.09,76.25,4051947,0
20160729,75.38,76.16,73.82,76.06,5548760,0
20160801,75.30,75.63,74.02,74.26,3399555,0
20160802,74.53,76.33,74.51,76.15,4528320,0
20160803,76.60,78.74,76.30,78.66,4582417,0
20160804,78.37,78.83,77.31,77.54,2692882,0
20160805,77.71,78.61,77.50,78.28,1619100,0
20160808,78.89,79.52,78.48,78.58,2327864,0
20160809,78.76,78.79,76.58,76.72,3052659,0
20160810,76.89,77.86,76.50,76.95,2228220,0
20160811,77.42,78.47,77.00,78.16,1962223,0
20160812,78.39,78.90,78.00,78.81,2454488,0
20160815,79.15,79.25,78.22,78.59,2808007,0
20160816,78.12,78.25,77.71,77.98,1624772,0
20160817,78.06,78.21,77.26,77.71,2642887,0
20160818,77.98,78.18,77.18,77.95,3632135,0
20160819,77.63,78.69,77.51,78.05,2400507,0
20160822,77.52,77.66,76.80,76.97,2251984,0
20160823,77.17,78.19,76.96,77.82,1724100,0
20160824,77.80,78.23,77.20,77.68,1655653,0
20160825,77.89,79.45,77.83,79.07,3665977,0
20160826,79.10,79.70,78.17,78.62,2061254,0
20160829,78.86,79.30,78.65,78.88,1782335,0
20160830,79.46,79.79,78.91,79.33,1980763,0
20160831,79.15,79.37,78.11,78.45,2648761,0
20160901,78.93,78.93,77.66,78.29,2165433,0
20160902,78.97,79.03,78.48,78.87,1561062,0
20160906,79.28,79.34,78.76,79.11,2729878,0
20160907,79.24,79.99,79.15,79.59,3312504,0
20160908,79.80,80.46,79.47,80.08,2001807,0
20160909,79.39,79.41,77.86,77.86,2834238,0
20160912,77.49,79.21,77.17,78.84,2224665,0
20160913,78.00,78.05,77.12,77.25,4007808,0
20160914,77.14,78.23,76.76,76.97,3115078,0
20160915,77.43,79.53,77.10,79.10,2885369,0
20160916,78.32,79.29,78.23,79.09,7599569,0
20160919,79.76,80.88,79.18,80.35,3205516,0
20160920,80.35,80.47,79.58,79.58,2218367,0
20160921,79.82,80.19,79.37,80.07,2133865,0
20160922,80.50,81.08,80.01,80.03,1728471,0
20160923,79.69,79.95,79.06,79.58,2065066,0
20160926,79.78,80.27,79.39,79.47,2351038,0
20160927,79.02,79.82,78.92,79.41,2274587,0
20160928,79.73,81.31,79.30,81.19,2954548,0
20160929,81.05,81.19,78.86,79.28,4121844,0
20160930,79.92,80.96,79.55,80.55,2819914,0
20161003,80.42,80.77,79.81,80.41,1702832,0
20161004,80.34,81.27,79.74,79.82,1985396,0
20161005,80.59,81.41,80.36,81.09,2358077,0
20161006,81.18,81.50,80.04,80.77,1829430,0
20161007,81.00,81.07,80.00,80.39,1614694,0
20161010,80.86,81.44,80.80,81.30,1338460,0
20161011,81.24,81.34,80.18,80.56,1581621,0
20161012,80.56,80.56,79.51,79.81,1664585,0
20161013,79.18,79.46,78.06,79.15,2185345,0
20161014,79.74,80.12,79.21,79.31,1420794,0
20161017,79.31,79.72,78.75,79.14,2397018,0
20161018,79.73,79.99,79.30,79.59,1339334,0
20161019,79.91,80.11,79.45,79.67,1737639,0
20161020,79.40,79.92,78.91,79.74,1407272,0
20161021,79.21,80.43,78.80,80.35,2070785,0
20161024,80.53,81.03,79.87,80.59,1490343,0
20161025,80.29,81.08,79.94,80.76,2263743,0
20161026,80.28,81.51,80.11,81.06,2064854,0
20161027,81.12,81.26,79.86,79.99,2434359,0
20161028,79.23,81.76,79.00,80.13,2977358,0
20161031,80.20,81.99,80.02,81.15,2819839,0
20161101,82.35,83.21,79.47,80.25,4351308,0
20161102,79.50,79.81,78.01,78.34,2959294,0
20161103,78.59,79.80,77.66,79.08,2530774,0
20161104,78.88,79.55,78.26,78.60,1568468,0
20161107,79.62,80.23,79.52,79.93,2051387,0
20161108,79.72,80.73,79.61,79.89,1621737,0
20161109,79.29,83.16,78.93,82.45,4490364,0
20161110,82.34,83.76,82.19,83.09,3188492,0
20161111,82.90,83.09,81.87,82.22,2186207,0
20161114,82.22,83.50,82.03,83.36,2602384,0
20161115,83.36,83.78,82.50,83.70,2991091,0
20161116,83.65,83.82,82.78,83.00,1601300,0
20161117,83.72,84.61,83.30,83.83,2294762,0
20161118,83.89,84.18,83.53,83.64,2220294,0
20161121,84.48,84.93,83.97,84.86,2118374,0
20161122,84.96,85.63,84.17,84.88,2853882,0
20161123,84.84,85.60,84.48,85.06,2684207,0
20161125,84.82,84.92,84.51,84.89,972150,0
20161128,84.80,85.03,84.02,84.09,3389337,0
20161129,83.36,83.50,82.30,82.39,2150536,0
20161130,83.10,83.81,82.33,83.08,4999424,0
20161201,83.92,85.80,83.60,84.98,3535515,0
20161202,84.75,85.70,84.70,84.88,2104372,0
20161205,85.38,85.89,84.89,85.44,2811297,0
20161206,85.13,85.43,84.56,84.91,2564249,0
20161207,85.08,87.10,84.94,87.01,2686951,0
20161208,87.06,87.97,86.92,87.63,2240682,0
20161209,87.69,87.69,86.86,87.16,1512953,0
20161212,88.00,88.48,86.73,87.30,1844194,0
20161213,87.74,88.87,87.33,88.17,1976932,0
20161214,87.65,88.06,86.35,86.42,2667510,0
20161215,86.12,87.09,85.93,86.57,2133767,0
20161216,86.80,87.56,86.54,87.46,2295796,0
20161219,87.19,87.44,86.85,87.17,1516758,0
20161220,87.38,87.49,86.67,86.94,1483707,0
20161221,87.11,87.23,86.56,86.78,1513013,0
20161222,86.70,87.93,86.44,87.56,1456734,0
20161223,87.28,87.90,87.28,87.72,948879,0
20161227,87.87,88.14,87.61,87.74,926581,0
20161228,87.73,87.96,87.03,87.12,1359762,0
20161229,87.01,87.49,86.36,86.65,1035733,0
20161230,86.65,87.05,86.01,86.41,1374802,0
20170103,87.31,87.92,86.65,86.79,2257922,0
20170104,87.17,88.26,87.08,87.26,2306937,0
20170105,87.26,88.12,86.66,86.74,2056344,0
20170106,86.78,86.97,85.28,85.40,1989419,0
20170109,84.91,84.91,83.75,84.02,2581885,0
20170110,84.00,85.18,83.59,83.76,3697739,0
20170111,83.91,85.60,83.80,84.89,3543458,0
20170112,85.09,85.12,83.51,84.34,2169405,0
20170113,84.06,84.16,83.07,83.29,2242898,0
20170117,83.21,84.65,83.08,83.56,2379722,0
20170118,83.52,84.51,83.50,84.13,1967628,0
20170119,83.95,84.08,82.68,82.99,1929621,0
20170120,83.49,84.03,82.58,83.04,2068209,0
20170123,83.28,83.37,82.02,82.20,2033681,0
20170124,82.64,84.46,82.55,84.19,2398491,0
20170125,84.71,85.29,84.47,85.00,1707908,0
20170126,85.18,85.34,84.03,84.24,1619017,0
20170127,84.01,84.35,82.50,82.77,2099317,0
20170130,82.50,82.75,81.69,82.33,2374950,0
20170131,82.00,82.37,81.15,81.62,2740239,0
20170201,82.11,82.32,80.36,80.75,3030209,0
20170202,80.93,81.26,80.23,81.05,3387510,0
20170203,80.50,81.20,78.82,79.95,3672491,0
20170206,80.00,80.19,79.00,79.14,3016713,0
20170207,79.10,79.14,77.81,78.55,3255417,0
20170208,78.25,79.02,77.81,78.86,3042751,0
20170209,79.40,79.63,78.98,79.25,2597146,0
20170210,79.42,79.98,79.38,79.86,2030723,0
20170213,79.86,80.12,79.57,79.90,2112045,0
20170214,79.98,80.10,79.15,79.98,2544690,0
20170215,79.73,80.39,79.66,80.08,2272772,0
20170216,79.60,79.69,78.40,78.50,2940016,0
20170217,78.49,79.24,78.35,78.66,2219168,0
20170221,79.08,79.39,78.76,79.03,2833653,0
20170222,79.00,79.00,78.22,78.38,2017469,0
20170223,79.00,79.35,78.36,78.61,1865089,0
20170224,78.39,78.49,77.69,78.03,2225522,0
20170227,78.20,79.19,78.00,78.86,2648387,0
20170228,78.78,79.14,78.11,78.19,3243107,0
20170301,78.91,80.03,78.88,79.37,3204506,0
20170302,79.28,79.35,78.16,78.33,2550421,0
20170303,78.50,79.03,78.18,78.34,1737930,0
20170306,78.16,78.89,78.01,78.72,1848209,0
20170307,78.61,78.81,77.39,77.48,2679247,0
20170308,77.61,78.31,77.13,77.25,2817632,0
20170309,77.02,77.40,76.28,76.84,2684671,0
20170310,77.18,78.98,76.59,78.86,5038065,0
20170313,78.91,79.49,78.71,79.01,2178741,0
20170314,78.50,78.77,78.16,78.51,2343693,0
20170315,78.94,80.28,78.94,80.15,2411826,0
20170316,80.06,80.10,79.42,79.69,2474603,0
20170317,79.86,80.09,79.63,79.94,2799639,0
20170320,79.88,79.99,79.10,79.41,2285424,0
20170321,79.49,79.78,78.26,78.60,4631257,0
20170322,78.30,78.94,77.84,78.83,3026800,0
20170323,78.57,79.19,78.43,78.48,2211959,0
20170324,78.42,78.67,77.12,77.27,2359690,0
20170327,76.97,77.79,76.66,77.25,2089275,0
20170328,77.41,78.11,77.09,77.92,2388518,0
20170329,77.81,78.50,77.54,78.32,2281974,0
20170330,78.38,78.85,77.94,78.59,3241537,0
20170331,78.49,79.43,78.41,79.22,2744101,0
20170403,79.09,79.22,78.00,78.29,1711561,0
20170404,78.50,78.55,77.67,78.43,1368917,0
20170405,78.74,79.48,77.53,77.57,2867189,0
20170406,77.59,77.65,76.65,76.88,3322439,0
20170407,76.96,77.66,76.53,77.15,2484263,0
20170410,77.51,78.65,77.50,78.05,2503943,0
20170411,77.81,77.97,77.15,77.88,2042898,0
20170412,78.13,78.26,77.26,77.38,2006083,0
20170413,77.26,77.69,76.46,76.67,2606552,0
20170417,76.66,77.01,76.57,77.01,1548803,0
20170418,76.65,76.99,75.64,75.93,2326290,0
20170419,75.94,76.15,75.14,75.33,2511332,0
20170420,75.50,76.37,75.33,75.75,1682321,0
20170421,75.60,76.59,75.60,76.35,2561086,0
20170424,77.12,77.59,76.74,77.51,2483300,0
20170425,77.60,78.18,77.25,78.08,2632776,0
20170426,77.93,78.89,77.66,78.11,2977500,0
20170427,78.01,78.13,76.93,78.05,3001820,0
20170428,79.60,80.94,79.07,79.56,5260849,0
20170501,79.52,80.35,79.32,79.56,2633401,0
20170502,79.93,80.07,79.06,79.26,2202879,0
20170503,78.91,79.75,78.74,79.59,1946311,0
20170504,79.30,79.30,78.00,78.24,2163789,0
20170505,78.33,79.43,78.32,79.35,1763959,0
20170508,79.07,79.73,78.79,79.64,1867766,0
20170509,79.54,80.11,79.38,79.60,1455814,0
20170510,79.77,80.04,79.46,79.75,1690966,0
20170511,79.90,80.02,79.21,79.52,1440444,0
20170512,79.47,79.98,79.30,79.79,1439949,0
20170515,80.29,80.68,79.83,80.12,1725817,0
20170516,79.44,79.48,78.22,78.54,2011809,0
20170517,78.33,78.78,77.63,77.67,2208679,0
20170518,77.38,77.94,76.81,77.55,2534383,0
20170519,77.66,78.53,77.35,78.25,2293207,0
20170522,78.31,78.79,78.21,78.55,1386580,0
20170523,78.75,78.79,78.09,78.14,2977040,0
20170524,78.11,78.61,77.91,78.28,1425679,0
20170525,78.51,78.88,77.22,77.42,2765114,0
20170526,77.63,77.91,77.15,77.44,2300404,0
20170530,77.28,77.68,76.82,77.00,1920204,0
20170531,76.90,77.23,76.00,76.11,3842345,0
20170601,76.38,76.71,75.90,76.62,2503838,0
20170602,76.17,76.81,75.85,76.37,2150859,0
20170605,76.19,77.23,76.19,76.86,2251922,0
20170606,76.69,77.10,76.32,77.04,1707166,0
20170607,76.64,77.16,76.35,76.96,2555987,0
20170608,76.83,77.94,76.80,77.40,2434728,0
20170609,77.36,79.70,77.30,79.57,2832784,0
20170612,79.63,80.48,79.59,80.21,2971158,0
20170613,80.29,80.73,79.90,80.63,1843073,0
20170614,80.59,80.64,78.75,78.78,2810765,0
20170615,78.61,79.38,78.53,79.08,2157299,0
20170616,79.43,80.98,79.21,80.94,4870857,0
20170619,80.99,81.52,80.85,81.24,2757432,0
20170620,80.30,80.60,78.91,79.55,2299676,0
20170621,79.55,79.77,78.63,78.89,2073891,0
20170622,79.02,79.41,78.63,78.91,1016070,0
20170623,78.82,80.37,78.80,80.27,2696625,0
20170626,80.28,80.65,80.06,80.24,1512907,0
20170627,80.39,81.30,80.24,80.54,1653917,0
20170628,81.00,82.13,80.99,81.79,2317543,0
20170629,82.10,82.82,81.79,81.87,2513955,0
20170630,82.32,83.11,81.92,82.69,2458693,0
20170703,82.97,83.87,82.92,83.34,1076858,0
20170705,83.25,83.25,82.15,82.33,1974184,0
20170706,82.40,82.60,81.69,81.89,1590807,0
20170707,81.92,82.82,81.55,82.60,1710804,0
20170710,82.48,82.87,82.33,82.46,1498681,0
20170711,82.28,82.75,81.91,82.36,1366121,0
20170712,82.83,83.10,81.91,82.24,1605978,0
20170713,81.94,82.25,81.11,81.72,2319003,0
20170714,81.86,82.35,81.65,82.20,1435779,0
20170717,81.92,82.22,81.64,81.81,1843814,0
20170718,82.09,82.13,81.51,81.96,1339117,0
20170719,81.95,82.94,81.86,82.92,1666164,0
20170720,82.97,83.12,81.99,82.36,1167740,0
20170721,82.31,83.33,81.98,82.85,2190624,0
20170724,82.69,83.02,82.52,82.65,1417890,0
20170725,83.21,84.68,83.21,84.45,2335573,0
20170726,84.69,84.72,83.62,83.70,1754183,0
20170727,83.53,84.93,83.34,84.51,2188391,0
20170728,84.24,84.65,83.49,83.65,2169434,0
20170731,83.88,84.39,83.75,83.75,3641465,0
20170801,84.04,85.81,84.00,85.63,2696710,0
20170802,85.45,87.30,85.38,86.67,2952526,0
20170803,86.77,87.12,85.59,85.65,2430478,0
20170804,85.69,86.19,85.58,85.60,2087492,0
20170807,85.53,85.59,84.88,85.07,2187167,0
20170808,84.84,85.31,84.53,85.02,1847981,0
20170809,85.00,85.56,84.32,84.49,2297079,0
20170810,84.42,84.75,83.48,83.64,1850474,0
20170811,83.09,83.80,82.96,83.44,1858217,0
20170814,83.60,84.30,83.44,83.88,1758701,0
20170815,83.75,84.08,83.24,83.68,1907632,0
20170816,83.31,83.48,82.76,83.03,2138380,0
20170817,82.67,83.01,80.89,80.89,2359120,0
20170818,80.80,82.17,80.73,81.56,2288852,0
20170821,81.41,82.04,81.14,81.90,1686896,0
20170822,82.12,82.60,81.99,82.23,1709073,0
20170823,81.97,82.65,81.88,82.36,1159758,0
20170824,82.06,84.41,82.06,83.87,2463215,0
20170825,84.30,84.84,83.37,83.42,1778851,0
20170828,84.11,84.60,83.52,83.65,2285609,0
20170829,83.50,83.99,83.25,83.50,1697342,0
20170830,83.50,83.74,82.95,83.60,1853829,0
20170831,83.97,83.98,83.12,83.81,2445980,0
20170901,83.87,84.61,83.19,84.43,2048819,0
20170905,84.32,84.40,82.66,83.24,2491360,0
20170906,83.64,83.95,83.18,83.36,1885884,0
20170907,83.48,84.20,83.11,84.04,1853228,0
20170908,84.03,85.11,83.96,84.70,1936653,0
20170911,84.90,85.42,84.43,85.19,1508877,0
20170912,85.20,85.84,85.08,85.73,1567276,0
20170913,85.89,86.46,85.52,86.35,1748362,0
20170914,86.18,86.76,85.95,86.24,2002274,0
20170915,86.30,87.82,86.29,87.67,4363635,0
20170918,87.61,88.35,87.50,88.31,1815947,0
20170919,88.37,89.31,88.02,89.09,1928572,0
20170920,89.03,89.51,88.77,89.07,2279024,0
20170921,88.90,89.71,88.80,89.14,2035665,0
20170922,89.14,90.10,89.02,89.89,2036645,0
20170925,89.97,91.50,89.85,91.01,2039664,0
20170926,91.15,91.68,90.91,91.35,1986464,0
20170927,91.39,92.08,90.58,91.80,2468192,0
20170928,91.98,92.19,91.29,91.79,2197416,0
20170929,91.66,92.08,91.35,91.61,1947346,0
20171002,91.36,92.67,91.21,92.38,1929524,0
20171003,93.80,94.69,93.25,93.63,2606137,0
20171004,93.39,93.71,92.76,93.43,2214339,0
20171005,93.53,94.12,93.10,93.33,2046375,0
20171006,92.77,93.33,92.41,92.82,1769365,0
20171009,93.45,93.76,93.04,93.32,1202706,0
20171010,93.66,94.00,93.32,93.47,1074164,0
20171011,93.47,93.95,92.92,93.68,1536106,0
20171012,93.45,94.46,93.33,94.34,1682956,0
20171013,94.69,95.00,94.22,94.43,1572909,0
20171016,93.50,93.79,90.70,90.87,3548100,0
20171017,90.69,91.10,90.40,90.63,2368102,0
20171018,90.74,90.88,89.90,90.24,1801777,0
20171019,89.71,90.58,89.26,90.39,1874364,0
20171020,90.79,91.03,90.39,90.80,2053988,0
20171023,90.89,91.76,90.70,91.24,1847298,0
20171024,91.28,91.89,90.67,91.83,1327334,0
20171025,91.82,92.35,91.23,91.71,2052749,0
20171026,91.51,92.00,90.80,91.18,1649886,0
20171027,91.05,92.08,90.20,91.99,1941386,0
20171030,91.58,92.32,90.99,91.02,1725728,0
20171031,90.94,91.44,90.29,91.08,1366088,0
20171101,91.03,92.65,90.92,92.30,2125537,0
20171102,92.21,93.60,91.91,93.46,1732738,0
20171103,93.33,94.42,93.06,93.58,1846996,0
20171106,93.59,94.95,93.29,94.43,1651297,0
20171107,94.67,94.87,93.95,94.57,1319348,0
20171108,94.52,94.67,94.02,94.55,1540721,0
20171109,93.61,94.63,93.61,94.42,1515882,0
20171110,94.31,94.51,93.32,93.66,1337734,0
20171113,93.66,94.21,93.20,93.32,1234092,0
20171114,92.59,93.39,92.39,92.83,1725822,0
20171115,92.20,93.06,91.45,92.57,1721579,0
20171116,92.00,92.74,91.54,92.46,2087461,0
20171117,92.24,93.19,91.97,92.65,1226669,0
20171120,92.49,92.98,92.15,92.62,900298,0
20171121,92.93,94.04,92.86,93.62,1410890,0
20171122,93.67,93.96,92.70,93.29,1328150,0
20171124,93.33,93.86,93.29,93.64,598585,0
20171127,93.54,93.64,92.55,92.81,2007371,0
20171128,93.46,94.22,92.84,94.05,1290896,0
20171129,94.05,95.04,94.05,94.91,1973173,0
20171130,95.00,97.69,94.92,97.56,2856196,0
20171201,97.98,98.16,95.35,97.57,2127015,0
20171204,96.99,99.35,96.99,97.53,1856870,0
20171205,97.75,99.35,97.54,98.27,1761974,0
20171206,98.12,98.62,97.29,97.59,1570329,0
20171207,97.50,98.29,97.32,97.86,1330089,0
20171208,98.52,99.87,98.20,99.55,1748526,0
20171211,99.37,100.25,99.37,99.72,1277114,0
20171212,99.88,100.13,99.00,99.07,1522751,0
20171213,99.33,100.39,98.99,99.99,1806806,0
20171214,99.85,100.46,99.55,99.55,1398181,0
20171215,100.00,100.41,99.58,99.92,2579096,0
20171218,99.92,100.42,99.67,99.98,1628625,0
20171219,100.04,100.14,99.07,99.14,1319815,0
20171220,99.65,100.98,99.22,100.72,2158025,0
20171221,100.67,100.84,99.91,100.08,2190013,0
20171222,100.65,101.28,100.31,100.89,1060187,0
20171226,101.14,101.81,100.86,101.64,822152,0
20171227,101.81,102.43,101.27,102.06,1020256,0
20171228,102.10,102.16,101.42,101.96,1198452,0
20171229,102.25,102.29,101.15,101.15,1233279,0
20180102,101.66,101.83,101.07,101.75,1196451,0
20180103,101.45,102.80,101.41,102.43,1326466,0
20180104,102.40,102.72,101.82,102.15,1082353,0
20180105,102.20,102.35,101.64,102.16,1696835,0
20180108,102.50,102.50,101.46,102.06,1039530,0
20180109,101.90,102.25,101.37,101.72,1261235,0
20180110,101.92,102.41,101.30,102.08,937460,0
20180111,102.62,102.62,101.51,102.37,1284014,0
20180112,102.54,105.09,102.50,104.97,1809839,0
20180116,104.54,104.89,103.17,103.50,2322317,0
20180117,103.95,106.91,103.83,106.16,2287077,0
20180118,106.43,106.43,104.55,105.29,1397515,0
20180119,105.53,105.65,104.82,105.63,1545160,0
20180122,105.59,106.82,105.39,106.66,1257063,0
20180123,106.90,107.34,106.56,106.90,1393237,0
20180124,107.22,107.47,103.80,104.63,1870546,0
20180125,105.01,105.33,103.97,104.17,1692745,0
20180126,104.62,106.92,104.52,106.59,2361362,0
20180129,106.12,106.44,103.95,104.25,2460348,0
20180130,103.05,103.69,101.89,102.28,1969637,0
20180131,102.60,102.95,101.64,102.40,3057138,0
20180201,102.33,102.99,99.67,100.86,3151994,0
20180202,101.10,101.10,96.08,97.01,4310708,0
20180205,95.82,99.57,93.55,95.21,4122703,0
20180206,92.88,97.00,92.70,96.88,2854300,0
20180207,96.82,98.09,95.59,95.61,2137214,0
20180208,95.49,95.52,92.41,92.44,2620594,0
