DATE, OPEN, HIGH, LOW, CLOSE, VOL, p
20100616,37.00,37.00,34.60,34.75,62700,0
20100617,34.25,34.55,33.80,34.00,19900,0
20100618,34.25,34.50,34.25,34.50,300,0
20100621,34.31,34.75,33.50,33.75,12000,0
20100622,33.85,33.85,32.30,32.30,81870,0
20100623,32.17,32.27,31.74,32.27,7260,0
20100624,32.47,34.24,31.98,32.00,420240,0
20100625,32.25,32.95,32.08,32.51,562333,0
20100628,32.71,32.71,32.10,32.25,361700,0
20100629,32.00,32.00,30.07,30.31,818809,0
20100630,30.25,31.15,30.15,30.83,7171103,0
20100701,30.83,30.83,30.83,30.83,0,0
20100702,30.83,30.83,30.83,30.83,0,0
20100706,30.83,30.83,30.83,30.83,0,0
20100707,28.51,29.63,27.90,29.54,2222356,0
20100708,29.95,31.09,29.91,30.30,2271411,0
20100709,30.32,31.21,30.09,30.44,1732721,0
20100712,30.44,30.44,30.00,30.19,1356308,0
20100713,30.39,30.67,30.33,30.47,1379902,0
20100714,30.25,30.57,30.02,30.47,896484,0
20100715,30.42,30.61,29.69,30.53,1659982,0
20100716,30.22,30.54,29.25,29.72,1342544,0
20100719,29.86,30.32,29.55,29.80,1046405,0
20100720,29.51,30.51,29.11,30.43,1201607,0
20100721,30.56,30.56,29.39,29.72,861512,0
20100722,30.01,30.37,29.81,30.02,852835,0
20100723,29.99,29.99,29.05,29.27,662492,0
20100726,29.18,29.60,28.95,29.58,888827,0
20100727,30.20,31.00,29.51,30.16,1705730,0
20100728,30.42,31.01,30.35,30.91,1706632,0
20100729,31.49,33.16,31.34,32.50,3203176,0
20100730,32.41,35.15,31.68,34.42,2745767,0
20100802,34.31,34.32,33.62,33.90,1547370,0
20100803,33.97,34.79,33.40,34.56,805883,0
20100804,34.61,34.99,34.24,34.90,833481,0
20100805,34.71,35.06,34.30,34.89,605487,0
20100806,34.83,34.83,33.01,33.97,1409697,0
20100809,34.08,34.46,33.14,34.30,554221,0
20100810,34.21,34.28,33.39,33.61,852991,0
20100811,32.92,32.92,31.57,31.78,860216,0
20100812,31.50,31.50,30.06,30.89,1094844,0
20100813,30.75,31.25,29.92,30.14,1841342,0
20100816,30.07,30.63,29.63,30.32,935629,0
20100817,30.64,31.93,30.29,31.60,1117356,0
20100818,31.42,31.90,30.79,31.50,980416,0
20100819,31.29,31.46,30.76,31.34,442005,0
20100820,30.93,31.37,30.77,31.01,724259,0
20100823,31.09,31.48,30.58,31.17,497884,0
20100824,30.66,30.93,30.33,30.65,893521,0
20100825,30.55,30.90,30.16,30.54,758713,0
20100826,30.71,31.04,30.16,30.41,1206199,0
20100827,30.62,30.68,29.76,30.38,730669,0
20100830,30.34,30.61,29.44,29.45,736597,0
20100831,29.21,29.72,28.57,29.03,1402267,0
20100901,29.50,30.80,29.30,30.76,929198,0
20100902,30.84,31.55,30.33,31.31,546176,0
20100903,31.68,31.85,31.11,31.75,617129,0
20100907,31.47,31.74,31.25,31.31,378754,0
20100908,30.85,31.30,30.26,30.55,874344,0
20100909,30.76,31.03,30.00,30.08,383748,0
20100910,30.08,30.22,29.83,30.07,986777,0
20100913,30.49,30.49,29.01,29.76,1569612,0
20100914,29.78,29.85,29.27,29.76,937873,0
20100915,29.62,29.89,29.40,29.87,463364,0
20100916,29.61,30.07,29.51,29.70,872759,0
20100917,29.86,30.16,29.06,29.19,2999853,0
20100920,29.31,30.00,28.85,29.77,834512,0
20100921,29.70,29.71,28.65,29.24,1686989,0
20100922,29.36,29.58,28.99,29.30,1443446,0
20100923,29.17,29.48,29.07,29.30,1345495,0
20100924,29.54,29.73,29.24,29.34,1139463,0
20100927,29.30,29.50,29.13,29.17,616764,0
20100928,29.15,29.88,28.74,29.84,569886,0
20100929,29.81,30.05,29.61,29.88,887035,0
20100930,29.94,30.75,29.81,30.14,951226,0
20101001,30.29,30.89,30.21,30.35,1063105,0
20101004,30.32,30.48,29.94,30.04,560073,0
20101005,30.23,30.57,30.19,30.39,898056,0
20101006,30.39,30.83,30.15,30.79,1242135,0
20101007,30.82,30.98,30.23,30.45,778705,0
20101008,30.46,30.72,30.29,30.35,967050,0
20101011,30.28,30.43,30.10,30.20,508218,0
20101012,30.08,30.18,29.54,29.68,1136509,0
20101013,29.86,30.60,29.69,30.49,1629003,0
20101014,30.38,30.80,30.15,30.53,1097935,0
20101015,30.65,31.19,30.45,31.15,1338027,0
20101018,31.09,32.00,30.97,31.87,1076488,0
20101019,31.25,31.67,30.71,31.48,1201600,0
20101020,31.60,32.00,31.34,31.62,798339,0
20101021,31.62,32.24,31.05,31.78,584668,0
20101022,31.92,31.92,31.42,31.80,469079,0
20101025,31.98,32.04,31.38,31.45,439185,0
20101026,32.09,32.70,31.73,32.39,1620737,0
20101027,30.11,32.20,30.11,31.75,1151356,0
20101028,31.89,32.50,31.69,32.41,910411,0
20101029,32.35,33.49,32.28,33.03,926112,0
20101101,33.39,33.82,32.35,32.89,794343,0
20101102,33.17,33.61,32.67,33.41,741609,0
20101103,33.76,34.01,33.07,34.01,683088,0
20101104,34.45,34.73,33.77,34.18,860364,0
20101105,34.18,34.29,33.03,33.46,1057946,0
20101108,33.35,33.53,32.56,33.31,1025059,0
20101109,33.64,34.80,33.03,33.51,1833053,0
20101110,33.39,33.82,32.93,33.66,514731,0
20101111,33.37,34.00,33.34,33.85,512895,0
20101112,33.54,33.76,32.55,32.99,530428,0
20101115,33.20,34.24,33.20,33.26,1207540,0
20101116,33.12,33.28,32.25,32.88,584441,0
20101117,32.99,34.01,32.91,33.62,1073813,0
20101118,34.01,34.70,33.82,34.26,1023730,0
20101119,34.34,34.81,33.78,34.77,947663,0
20101122,34.69,35.93,34.34,35.54,1358764,0
20101123,35.21,35.28,33.94,34.32,799315,0
20101124,34.52,35.70,34.08,35.55,1082806,0
20101126,35.27,35.49,34.62,34.91,217235,0
20101129,34.77,35.41,34.12,35.23,357883,0
20101130,34.84,35.57,34.42,35.13,1094211,0
20101201,35.68,36.81,35.68,36.45,1537476,0
20101202,36.43,37.00,36.35,36.91,1181336,0
20101203,36.91,37.12,36.71,37.01,1264319,0
20101206,36.92,37.44,36.92,37.36,1040386,0
20101207,37.74,38.31,37.73,38.12,1523131,0
20101208,38.10,38.33,37.06,37.21,740010,0
20101209,37.47,37.60,37.01,37.29,701570,0
20101210,37.25,37.55,36.85,37.07,861844,0
20101213,37.48,38.06,37.19,37.91,1261394,0
20101214,37.81,38.11,37.24,37.49,583821,0
20101215,37.31,37.77,36.41,36.51,1168957,0
20101216,36.49,36.93,36.23,36.77,726906,0
20101217,36.72,36.80,36.03,36.71,1629122,0
20101220,36.66,37.00,36.07,36.63,1197488,0
20101221,36.84,37.52,36.19,37.43,740139,0
20101222,37.44,37.70,37.05,37.17,559588,0
20101223,36.87,37.09,36.65,36.95,578979,0
20101227,36.75,36.77,35.97,36.27,544650,0
20101228,36.41,36.46,35.97,36.19,503581,0
20101229,36.31,36.66,36.15,36.23,441133,0
20101230,36.26,36.50,35.65,36.01,591453,0
20101231,35.92,36.96,35.85,36.31,817788,0
20110103,36.58,36.71,36.33,36.52,1262950,0
20110104,36.83,36.83,35.78,36.51,1180337,0
20110105,36.30,36.88,35.85,36.58,833049,0
20110106,36.52,36.95,36.05,36.59,973614,0
20110107,36.02,36.94,36.02,36.92,1059189,0
20110110,36.65,37.46,36.13,37.19,794949,0
20110111,37.31,37.99,37.09,37.83,1104998,0
20110112,38.19,39.39,38.19,39.25,1899731,0
20110113,39.13,39.18,38.28,38.55,1158480,0
20110114,38.54,38.54,37.65,38.24,1058855,0
20110118,38.29,38.70,37.97,38.65,641655,0
20110119,38.77,38.93,37.60,37.89,1082212,0
20110120,37.90,38.10,37.26,37.90,1098321,0
20110121,38.09,38.91,37.25,37.51,1909839,0
20110124,37.61,38.65,37.58,38.61,1016605,0
20110125,38.44,38.82,38.02,38.79,885920,0
20110126,38.91,39.49,38.32,39.29,1077523,0
20110127,39.36,39.66,38.97,39.58,1301819,0
20110128,39.58,39.64,38.82,38.96,936050,0
20110131,39.09,41.04,39.08,40.64,1714408,0
20110201,40.88,41.97,40.64,41.50,1742873,0
20110202,41.40,41.74,40.42,40.82,1560029,0
20110203,40.68,41.03,40.27,40.50,1523798,0
20110204,40.52,40.61,39.89,40.28,751814,0
20110207,40.42,40.61,40.06,40.29,863811,0
20110208,40.28,40.28,39.42,39.76,889786,0
20110209,39.54,39.60,38.54,38.92,1208406,0
20110210,38.52,38.68,37.73,37.85,2217803,0
20110211,37.77,38.64,37.38,38.51,1443649,0
20110214,38.60,39.65,38.57,39.22,1120233,0
20110215,39.13,39.30,38.58,38.78,740718,0
20110216,38.97,39.59,38.22,39.35,1267307,0
20110217,39.44,40.26,38.95,39.30,1178157,0
20110218,39.31,39.31,38.47,39.09,1245422,0
20110222,39.15,40.00,38.53,38.89,2068896,0
20110223,38.88,39.20,37.66,38.82,1580494,0
20110224,37.67,38.89,36.91,37.94,2248821,0
20110225,38.07,39.14,37.76,39.07,1277869,0
20110228,39.21,39.86,39.16,39.55,1639746,0
20110301,39.80,39.80,38.37,38.51,882930,0
20110302,38.47,38.95,37.90,38.42,1261070,0
20110303,38.97,39.05,38.21,38.59,792201,0
20110304,38.57,38.65,37.94,38.40,927457,0
20110307,38.60,38.93,37.61,38.07,495751,0
20110308,38.10,38.65,37.83,38.01,833426,0
20110309,37.70,38.63,37.36,37.78,1095101,0
20110310,37.15,37.84,36.11,37.30,1192874,0
20110311,36.87,38.08,36.61,37.80,680061,0
20110314,37.46,38.73,37.13,38.57,1324273,0
20110315,37.37,37.70,36.70,37.40,1806087,0
20110316,37.48,37.92,36.79,37.45,1689184,0
20110317,38.40,39.05,38.05,38.91,930977,0
20110318,39.30,39.39,38.45,39.15,2577777,0
20110321,39.65,41.28,39.55,40.68,1507209,0
20110322,40.73,41.00,40.28,40.39,1067215,0
20110323,40.36,40.76,40.01,40.35,677510,0
20110324,40.70,41.58,40.43,41.27,1031769,0
20110325,41.41,42.00,41.18,41.26,1609108,0
20110328,41.40,41.73,40.00,40.03,1188717,0
20110329,40.11,40.26,39.43,40.18,1471828,0
20110330,40.45,41.20,40.00,40.11,1552652,0
20110331,40.12,40.73,40.00,40.54,1948335,0
20110401,41.15,41.64,40.68,41.04,1647904,0
20110404,41.22,42.33,41.21,41.85,1310445,0
20110405,41.89,42.22,41.08,41.13,932136,0
20110406,41.34,41.57,39.98,40.04,1195443,0
20110407,39.94,40.27,39.45,40.13,2552066,0
20110408,40.34,40.62,39.66,39.93,1370631,0
20110411,39.93,40.04,39.12,39.18,1032691,0
20110412,39.03,39.63,37.28,38.03,2020948,0
20110413,38.32,38.72,37.76,38.05,1297193,0
20110414,37.77,38.04,37.11,37.85,1330871,0
20110415,38.00,38.63,37.71,38.32,989943,0
20110418,37.83,38.20,37.35,38.01,1245380,0
20110419,38.01,38.57,37.89,37.93,1050599,0
20110420,38.69,39.53,38.38,39.52,1353539,0
20110421,39.57,40.54,39.54,40.48,1194345,0
20110425,40.53,41.13,40.02,40.17,1386019,0
20110426,40.64,40.82,38.99,39.57,1945391,0
20110427,39.62,41.38,39.53,40.97,1860542,0
20110428,40.75,41.54,40.30,41.48,996445,0
20110429,41.46,42.86,40.98,42.73,1675400,0
20110502,42.99,43.19,42.03,42.32,1667161,0
20110503,42.14,42.14,40.56,41.00,1534860,0
20110504,40.99,41.17,40.14,40.85,1357379,0
20110505,40.35,41.16,39.92,40.39,1479848,0
20110506,40.91,42.11,40.74,41.19,1552882,0
20110509,41.28,42.17,41.28,41.92,765020,0
20110510,41.95,42.34,41.57,41.91,640108,0
20110511,41.74,41.74,39.92,40.32,1139020,0
20110512,40.21,40.26,38.94,39.97,1937425,0
20110513,40.07,40.89,39.86,40.40,839362,0
20110516,40.30,41.37,40.22,40.81,1541962,0
20110517,40.52,41.37,40.48,40.99,1138380,0
20110518,41.05,41.63,40.85,41.04,790045,0
20110519,41.25,41.41,40.51,41.30,688133,0
20110520,41.30,42.25,40.61,41.90,766700,0
20110523,40.96,41.80,40.74,41.50,1102138,0
20110524,41.67,42.94,41.47,41.50,818743,0
20110525,41.32,42.50,40.85,42.15,887170,0
20110526,42.10,42.58,41.70,42.53,894742,0
20110527,42.83,43.17,41.92,42.52,937429,0
20110531,42.90,43.54,42.64,43.50,1561392,0
20110601,43.49,43.70,41.95,42.10,1096480,0
20110602,42.06,42.43,41.48,42.02,988948,0
20110603,41.49,42.52,41.00,42.06,999119,0
20110606,41.94,42.21,40.30,40.33,1186375,0
20110607,40.74,40.84,39.92,39.97,1076679,0
20110608,40.03,40.64,39.72,39.95,1647647,0
20110609,40.10,40.40,39.89,39.96,1088173,0
20110610,40.45,40.83,39.66,39.88,1246051,0
20110613,39.93,40.41,39.00,39.36,1453979,0
20110614,39.79,40.61,39.75,40.06,868543,0
20110615,39.59,39.98,38.90,39.20,1164395,0
20110616,39.20,39.68,38.67,38.91,1059885,0
20110617,39.35,39.44,38.30,38.60,1631306,0
20110620,38.43,38.81,37.91,38.80,1386470,0
20110621,39.15,39.79,39.00,39.60,637220,0
20110622,39.44,40.28,39.22,39.59,1742701,0
20110623,38.56,39.99,38.47,39.93,1513913,0
20110624,40.02,40.68,39.85,40.52,2583459,0
20110627,40.29,41.07,40.05,40.82,1135730,0
20110628,41.06,41.74,40.93,41.65,1127271,0
20110629,41.71,42.33,41.35,41.76,1120135,0
20110630,41.99,42.26,41.70,41.83,823632,0
20110701,41.99,42.75,41.78,42.67,818595,0
20110705,42.65,42.95,41.94,42.20,976821,0
20110706,42.37,42.37,41.55,41.71,998867,0
20110707,42.19,42.70,42.03,42.50,1393063,0
20110708,41.90,42.46,41.82,41.94,1107800,0
20110711,41.29,41.35,40.33,40.48,614383,0
20110712,40.35,40.94,39.97,40.23,1144412,0
20110713,40.47,41.03,40.17,40.29,735234,0
20110714,40.76,41.11,39.93,39.95,1541850,0
20110715,40.51,41.77,40.51,41.53,2489187,0
20110718,41.31,41.36,40.32,40.91,1278370,0
20110719,41.21,41.94,41.06,41.87,1233732,0
20110720,42.00,42.56,41.87,42.53,1194790,0
20110721,42.67,44.02,42.66,43.89,2320011,0
20110722,43.82,45.19,43.62,44.68,2095315,0
20110725,44.23,45.18,44.06,45.00,1616142,0
20110726,44.92,45.20,44.40,45.15,1670366,0
20110727,44.13,45.03,41.23,43.00,5725121,0
20110728,43.12,44.03,43.07,43.80,1779985,0
20110729,43.29,44.16,43.17,43.83,1426898,0
20110801,44.38,44.49,43.76,44.12,1357404,0
20110802,43.81,44.55,42.46,42.51,1196568,0
20110803,42.61,42.72,41.21,42.64,1485751,0
20110804,41.95,41.95,38.54,38.75,2632898,0
20110805,39.25,39.77,35.94,37.36,2867119,0
20110808,36.26,36.68,33.47,33.99,2633870,0
20110809,35.00,36.18,33.96,36.07,2255884,0
20110810,35.05,36.53,34.47,34.59,1610252,0
20110811,34.87,36.96,34.34,36.36,1809792,0
20110812,36.72,37.26,35.59,35.84,1583073,0
20110815,36.25,37.07,36.14,36.98,1679127,0
20110816,36.57,37.30,35.89,36.54,1926186,0
20110817,36.82,37.57,35.87,36.17,1235834,0
20110818,35.07,35.40,33.39,33.82,2379122,0
20110819,33.16,34.68,32.96,33.89,1825248,0
20110822,34.75,34.89,33.19,33.83,1766386,0
20110823,34.00,34.79,33.45,34.75,1970506,0
20110824,34.57,34.99,33.75,34.87,1580839,0
20110825,35.05,35.43,33.29,33.38,1662095,0
20110826,33.15,34.89,32.49,34.08,1972682,0
20110829,34.62,34.79,34.14,34.60,1286536,0
20110830,34.37,34.91,33.92,34.62,1182622,0
20110831,34.95,35.67,34.77,35.21,1117615,0
20110901,35.56,36.12,35.04,35.12,1197002,0
20110902,34.16,34.42,33.64,34.04,1303296,0
20110906,32.76,33.80,32.17,33.73,1205658,0
20110907,34.14,35.06,34.01,35.03,1276247,0
20110908,34.60,34.69,33.75,34.45,1965793,0
20110909,33.65,34.04,32.74,32.95,1286262,0
20110912,32.31,32.82,31.86,32.69,1164475,0
20110913,32.72,33.02,32.27,32.80,1005348,0
20110914,32.86,33.85,32.47,33.31,1271786,0
20110915,33.70,34.28,33.32,34.12,1189821,0
20110916,34.54,34.68,33.46,33.77,1519489,0
20110919,33.00,33.11,32.40,32.89,868847,0
20110920,33.12,33.64,32.80,33.12,1035384,0
20110921,32.96,33.05,31.33,31.39,1438168,0
20110922,29.94,30.49,27.77,28.48,1871700,0
20110923,28.10,28.33,27.49,27.50,1609972,0
20110926,27.90,28.13,27.16,27.85,2532928,0
20110927,28.72,30.36,28.66,29.58,2597809,0
20110928,29.65,29.65,27.65,27.71,1961941,0
20110929,28.46,28.49,27.20,27.88,2147008,0
20110930,27.36,28.22,26.52,27.07,2830163,0
20111003,26.69,26.70,24.80,24.82,2378748,0
20111004,24.32,26.37,23.56,26.31,2999518,0
20111005,26.36,28.47,25.89,28.34,3403811,0
20111006,28.02,28.96,27.45,28.49,2801440,0
20111007,28.82,29.00,27.30,27.43,2067279,0
20111010,28.16,28.77,28.14,28.47,1652512,0
20111011,28.19,28.81,27.75,28.15,1848834,0
20111012,28.43,29.26,28.30,28.50,2055716,0
20111013,28.22,29.47,27.77,29.38,2239793,0
20111014,29.95,30.85,29.69,30.81,1494457,0
20111017,30.81,31.37,30.70,30.97,2754529,0
20111018,30.95,33.62,30.58,33.13,2787236,0
20111019,32.94,33.66,32.42,32.51,1838362,0
20111020,32.31,32.61,31.20,31.73,2187494,0
20111021,32.46,33.41,31.99,32.85,1990061,0
20111024,33.03,33.48,32.94,33.31,1210376,0
20111025,32.85,33.36,31.31,31.40,3358326,0
20111026,33.49,34.54,31.24,34.00,4651484,0
20111027,36.02,37.00,35.10,36.67,3600405,0
20111028,35.33,37.01,35.06,36.94,1819432,0
20111031,36.19,36.71,35.53,35.55,1826605,0
20111101,33.83,35.45,33.43,35.00,2872398,0
20111102,35.63,36.18,35.21,35.92,1672093,0
20111103,36.42,37.32,35.75,37.28,1634798,0
20111104,36.99,38.44,36.67,38.34,1872016,0
20111107,38.20,38.30,36.71,37.25,1913562,0
20111108,37.56,37.75,36.44,37.05,2290461,0
20111109,35.85,35.85,34.34,34.61,2492596,0
20111110,35.32,36.70,34.92,35.82,2080892,0
20111111,36.60,37.26,36.59,37.02,1460202,0
20111114,36.58,36.75,33.40,34.21,4125609,0
20111115,34.17,34.72,33.90,34.39,1452708,0
20111116,34.01,35.25,33.75,33.98,1232832,0
20111117,33.84,33.98,31.75,31.98,1927225,0
20111118,32.02,32.51,31.37,31.78,1845585,0
20111121,31.00,31.65,30.23,31.44,1716219,0
20111122,31.30,31.41,30.31,30.63,1308800,0
20111123,30.04,30.36,29.38,29.42,1753332,0
20111125,29.27,29.62,28.78,28.79,580708,0
20111128,30.21,31.23,30.12,30.60,1376203,0
20111129,30.84,31.25,30.41,30.73,1290905,0
20111130,32.38,32.99,32.02,32.65,1864020,0
20111201,32.48,32.96,31.89,32.00,1110537,0
20111202,32.38,32.53,31.65,31.73,1710142,0
20111205,32.35,32.99,32.17,32.74,1657622,0
20111206,32.73,32.75,32.09,32.36,1164177,0
20111207,32.19,32.62,31.77,32.48,1457067,0
20111208,32.18,32.52,31.15,31.31,1674109,0
20111209,31.48,32.16,31.36,32.03,1509300,0
20111212,31.47,31.52,30.35,30.73,1542536,0
20111213,30.88,31.56,29.39,29.81,2574594,0
20111214,29.41,29.56,28.08,28.25,2974330,0
20111215,28.63,28.91,28.37,28.51,1537321,0
20111216,28.85,29.25,28.54,28.87,1733303,0
20111219,29.04,29.04,27.67,27.77,1205043,0
20111220,28.50,29.32,28.46,29.18,1222886,0
20111221,29.21,29.35,28.73,29.24,733268,0
20111222,29.43,29.89,29.35,29.77,859612,0
20111223,29.90,29.99,29.61,29.86,660477,0
20111227,29.80,30.19,29.77,30.05,583413,0
20111228,30.01,30.08,29.05,29.09,701705,0
20111229,29.07,29.32,28.85,29.23,897122,0
20111230,29.29,29.64,29.15,29.30,529785,0
20120103,30.20,30.82,29.88,30.57,1407594,0
20120104,30.49,31.56,30.25,31.46,1552773,0
20120105,31.61,31.91,31.04,31.66,2041692,0
20120106,31.78,31.83,31.06,31.10,1556898,0
20120109,31.00,31.22,30.64,30.84,973261,0
20120110,31.46,31.56,30.71,30.89,1598144,0
20120111,30.68,30.69,28.79,29.11,3306367,0
20120112,29.06,29.06,28.26,28.40,2592499,0
20120113,27.88,28.21,26.73,26.90,3200163,0
20120117,27.30,27.41,26.75,27.00,1425236,0
20120118,27.00,27.67,26.90,27.64,1932277,0
20120119,27.70,27.89,27.30,27.45,1830506,0
20120120,27.34,27.57,26.81,27.45,3501953,0
20120123,27.60,29.09,27.60,28.88,2778133,0
20120124,28.50,29.11,28.20,28.90,2468246,0
20120125,28.75,30.06,28.46,30.00,2700805,0
20120126,30.20,30.20,28.72,28.96,3210265,0
20120127,28.82,29.46,28.77,29.22,1674794,0
20120130,28.80,29.33,28.45,29.23,1502095,0
20120131,29.50,29.57,28.55,28.64,1322824,0
20120201,29.00,29.15,28.49,28.90,1866820,0
20120202,29.02,29.33,28.89,29.18,1162271,0
20120203,29.50,29.89,29.33,29.74,1177453,0
20120206,29.48,29.91,29.07,29.89,1358768,0
20120207,29.75,29.92,29.15,29.84,1107641,0
20120208,29.83,30.46,29.55,30.41,2414720,0
20120209,30.44,31.66,30.21,31.46,2798184,0
20120210,31.00,31.11,30.13,30.39,2717597,0
20120213,30.80,31.00,30.44,30.90,1331039,0
20120214,30.91,31.25,30.64,31.00,1997470,0
20120215,31.30,31.77,31.00,31.27,1168305,0
20120216,31.15,32.65,30.95,32.12,2557845,0
20120217,32.40,32.75,31.95,32.53,1120155,0
20120221,32.80,32.83,32.36,32.49,1336433,0
20120222,32.19,32.55,31.32,31.57,2602180,0
20120223,32.71,34.92,32.71,34.03,4008692,0
20120224,34.13,34.45,33.90,34.32,1815967,0
20120227,34.25,35.48,34.08,34.90,2204056,0
20120228,34.90,35.61,34.72,34.76,2319881,0
20120229,34.81,34.87,33.95,34.14,1584007,0
20120301,32.73,34.29,32.73,33.83,1532758,0
20120302,33.67,33.93,32.74,32.84,1019791,0
20120305,32.85,32.85,31.88,32.22,1486481,0
20120306,31.73,32.03,30.88,31.98,1775879,0
20120307,32.09,32.55,31.68,32.01,1609542,0
20120308,32.40,32.62,31.84,32.32,922247,0
20120309,32.44,32.84,31.65,31.99,1492319,0
20120312,31.94,31.99,30.42,30.65,2257368,0
20120313,30.86,31.15,30.39,31.03,2235393,0
20120314,31.05,31.40,30.51,30.64,1885403,0
20120315,30.75,31.56,30.43,31.47,1688801,0
20120316,31.65,32.04,31.58,31.91,2616467,0
20120319,31.91,33.26,31.91,33.06,1803364,0
20120320,32.59,32.76,32.12,32.28,1380530,0
20120321,32.33,32.33,31.72,31.91,1252447,0
20120322,31.22,31.35,30.16,30.45,1820923,0
20120323,30.60,30.78,30.10,30.45,1361467,0
20120326,30.85,30.99,30.39,30.61,856224,0
20120327,30.63,30.63,30.13,30.25,1325837,0
20120328,30.10,30.13,29.31,29.61,1446224,0
20120329,29.33,29.78,28.93,29.72,1748450,0
20120330,29.89,30.72,29.76,30.50,1714151,0
20120402,30.46,32.03,30.21,31.55,2181599,0
20120403,31.50,31.63,30.70,31.16,1866316,0
20120404,30.65,30.79,30.05,30.40,1356641,0
20120405,30.13,30.50,29.56,29.70,1422622,0
20120409,29.13,29.42,28.65,29.15,1816932,0
20120410,29.06,29.30,28.22,28.24,2357703,0
20120411,28.63,28.98,27.88,27.98,1320428,0
20120412,28.05,29.04,28.01,28.99,1368620,0
20120413,28.84,28.91,28.18,28.42,1307088,0
20120416,28.65,28.76,27.85,28.40,1461114,0
20120417,28.73,29.99,28.68,29.75,1794412,0
20120418,29.52,29.63,29.02,29.35,889645,0
20120419,29.42,29.77,29.13,29.42,1099853,0
20120420,29.58,29.97,29.15,29.32,1106283,0
20120423,28.75,30.10,28.52,29.80,1847499,0
20120424,29.95,30.36,29.50,30.00,1825500,0
20120425,29.50,30.24,28.21,30.14,4590971,0
20120426,29.95,30.84,29.79,30.58,2427543,0
20120427,30.79,31.05,30.39,30.62,1609717,0
20120430,30.58,30.95,30.26,30.81,2444741,0
20120501,30.81,31.72,30.61,31.49,1710493,0
20120502,31.07,31.19,30.21,30.29,1957977,0
20120503,30.28,30.34,29.73,29.87,1788445,0
20120504,29.49,30.22,29.43,29.92,2347257,0
20120507,29.79,30.53,29.51,30.29,1748683,0
20120508,30.00,30.40,29.19,30.25,2344920,0
20120509,29.62,30.37,29.36,30.04,1404036,0
20120510,30.41,30.46,29.42,29.55,1352321,0
20120511,29.31,30.11,29.02,29.33,1027863,0
20120514,28.83,28.94,28.55,28.64,1345896,0
20120515,28.64,28.74,27.15,27.23,2092192,0
20120516,27.40,27.97,26.88,26.89,1210254,0
20120517,26.92,27.51,26.58,26.79,1971544,0
20120518,27.00,27.18,26.17,26.28,2185414,0
20120521,26.30,27.37,26.16,27.27,1494876,0
20120522,27.35,27.66,26.63,26.88,2389688,0
20120523,26.63,27.09,25.86,27.08,1918279,0
20120524,27.17,27.17,25.89,26.25,2194123,0
20120525,26.21,26.75,26.21,26.64,1108652,0
20120529,27.02,27.62,26.88,27.47,1056058,0
20120530,26.98,26.98,26.03,26.17,1085288,0
20120531,26.22,26.60,25.35,26.32,1685223,0
20120601,25.72,25.72,24.95,25.32,2149827,0
20120604,25.67,25.71,24.76,25.31,2043497,0
20120605,25.22,26.00,25.07,25.76,1340194,0
20120606,26.11,26.90,26.04,26.90,1197267,0
20120607,27.39,27.64,26.30,26.43,1170212,0
20120608,26.31,26.40,25.76,26.29,974993,0
20120611,26.63,26.72,25.73,25.77,937464,0
20120612,25.91,26.29,25.56,26.27,784321,0
20120613,25.99,26.50,25.50,25.65,1239468,0
20120614,25.76,26.55,25.54,26.43,2012549,0
20120615,26.55,27.55,26.39,27.50,1960833,0
20120618,27.20,27.57,26.92,27.48,2250110,0
20120619,27.62,27.91,27.22,27.49,1478311,0
20120620,27.45,27.69,26.45,26.65,1519748,0
20120621,26.70,26.76,25.01,25.06,2623454,0
20120622,25.28,25.61,24.60,25.43,3783989,0
20120625,24.99,25.06,24.34,24.52,1689953,0
20120626,24.49,25.78,24.49,25.50,1762469,0
20120627,25.63,27.74,25.62,27.55,2589758,0
20120628,27.31,28.60,27.18,28.34,3011699,0
20120629,29.11,30.01,28.98,29.97,2769561,0
20120702,29.89,29.99,29.00,29.37,1765866,0
20120703,29.59,30.07,29.49,30.00,1068612,0
20120705,29.81,30.00,29.27,29.36,951734,0
20120706,28.91,29.46,28.62,29.06,1283360,0
20120709,29.00,29.35,28.67,28.90,1207232,0
20120710,29.10,29.31,27.70,28.03,1944463,0
20120711,28.22,28.62,27.89,28.40,1493342,0
20120712,28.05,28.50,27.52,28.26,1067454,0
20120713,28.41,29.03,28.17,28.89,1213832,0
20120716,28.72,29.52,28.38,29.19,1192927,0
20120717,29.37,29.64,28.53,29.54,1281789,0
20120718,29.35,30.07,29.26,29.86,1707672,0
20120719,29.97,30.18,29.48,29.76,1617813,0
20120720,29.49,29.49,28.92,29.45,1405442,0
20120723,28.65,29.16,28.34,29.00,1310384,0
20120724,28.97,29.09,28.17,28.51,1340928,0
20120725,28.70,28.89,28.03,28.28,1446209,0
20120726,28.86,29.10,28.30,28.89,1669166,0
20120727,29.12,29.63,28.85,29.36,1997375,0
20120730,29.45,30.47,29.35,30.25,2077247,0
20120731,30.49,30.49,29.98,30.03,2459507,0
20120801,29.00,29.71,26.65,28.67,4061411,0
20120802,28.03,28.10,26.56,27.00,2939897,0
20120803,27.74,28.00,27.19,27.39,1682148,0
20120806,27.45,27.89,27.35,27.47,1608711,0
20120807,27.69,28.77,27.69,28.24,1508782,0
20120808,27.64,28.55,27.58,27.93,1969989,0
20120809,27.88,28.51,27.81,28.18,1410553,0
20120810,27.93,28.01,27.39,27.95,1362945,0
20120813,27.87,27.99,26.79,26.97,1419069,0
20120814,27.01,27.35,26.56,26.71,1426909,0
20120815,26.70,26.95,26.37,26.52,1917361,0
20120816,26.54,26.70,26.12,26.54,3057907,0
20120817,26.64,27.14,26.54,27.09,2865333,0
20120820,27.00,27.36,26.77,27.36,1733973,0
20120821,27.49,28.23,27.47,27.69,2499969,0
20120822,27.61,28.09,27.36,28.01,2283062,0
20120823,27.93,28.02,27.06,27.18,1647441,0
20120824,27.23,29.55,27.15,28.80,5382785,0
20120827,28.81,29.03,28.31,28.67,1994464,0
20120828,28.66,29.23,28.52,29.01,1454743,0
20120829,29.02,29.16,28.80,29.00,1502437,0
20120830,28.85,28.85,28.21,28.24,1935121,0
20120831,28.55,28.96,28.27,28.69,1497854,0
20120904,28.71,28.87,28.29,28.68,1261300,0
20120905,28.70,28.80,28.13,28.14,1484115,0
20120906,28.46,28.96,28.35,28.51,2136680,0
20120907,28.63,29.70,28.58,29.62,1650182,0
20120910,29.42,30.01,29.42,29.64,1530057,0
20120911,29.97,30.79,29.87,30.66,1866052,0
20120912,30.83,31.93,30.75,31.75,2270700,0
20120913,31.74,32.71,31.49,32.58,1517054,0
20120914,32.77,33.23,32.57,33.22,2326751,0
20120917,33.08,33.50,32.75,32.91,1253245,0
20120918,32.74,33.23,31.92,32.29,1682914,0
20120919,32.43,32.47,31.91,32.04,1845614,0
20120920,31.68,32.31,31.22,32.06,1492148,0
20120921,32.25,32.34,31.51,31.96,2428420,0
20120924,31.68,32.07,31.39,31.51,1464802,0
20120925,31.74,31.77,31.01,31.04,1122334,0
20120926,30.92,31.05,30.26,30.77,1192109,0
20120927,31.06,31.88,30.99,31.66,1035984,0
20120928,31.41,31.84,31.12,31.66,1007984,0
20121001,31.80,32.47,31.80,32.08,1761197,0
20121002,32.10,32.86,32.01,32.41,1382963,0
20121003,32.45,32.45,31.18,31.36,872387,0
20121004,31.67,32.44,31.62,32.08,1084133,0
20121005,32.50,32.50,31.32,31.67,964309,0
20121008,31.44,31.59,31.24,31.52,746753,0
20121009,31.61,32.12,31.48,31.76,1314524,0
20121010,31.69,32.02,31.45,31.82,972593,0
20121011,32.23,32.92,31.90,32.49,1223956,0
20121012,32.38,32.62,31.93,32.00,1036545,0
20121015,31.89,32.14,31.34,31.52,1119478,0
20121016,31.82,32.36,31.70,31.90,1158807,0
20121017,31.90,32.20,31.66,31.90,1420301,0
20121018,31.83,31.86,31.25,31.67,939982,0
20121019,31.66,32.10,31.40,31.79,2044638,0
20121022,31.73,32.04,30.95,31.35,1431975,0
20121023,30.76,31.04,30.33,30.92,950691,0
20121024,31.05,31.73,30.94,31.38,1822460,0
20121025,31.73,31.94,31.52,31.65,1354641,0
20121026,31.58,31.88,31.19,31.48,1944641,0
20121031,30.41,32.03,28.36,29.00,8593043,0
20121101,28.61,29.47,27.92,29.38,4039484,0
20121102,29.38,29.71,28.34,28.56,2731065,0
20121105,28.50,28.83,28.22,28.55,1290466,0
20121106,28.55,29.06,28.55,29.04,1972731,0
20121107,28.42,28.56,27.89,28.40,2570678,0
20121108,28.39,28.82,28.28,28.65,4248630,0
20121109,28.57,28.97,28.14,28.55,3689278,0
20121112,28.24,28.48,28.03,28.19,1573941,0
20121113,27.83,28.71,27.57,27.83,1672912,0
20121114,27.89,28.06,27.11,27.19,2450277,0
20121115,27.14,27.58,26.65,26.89,2154582,0
20121116,26.91,26.91,25.99,26.67,2257037,0
20121119,27.12,27.83,27.12,27.63,1911866,0
20121120,27.47,27.72,27.40,27.72,2064664,0
20121121,27.76,28.70,27.74,28.63,2444463,0
20121123,28.63,28.77,28.42,28.69,673562,0
20121126,28.44,28.75,28.21,28.59,1986871,0
20121127,28.34,28.72,28.20,28.30,2441855,0
20121128,28.02,28.16,27.57,28.15,1454964,0
20121129,28.34,28.52,28.12,28.21,936709,0
20121130,28.25,28.42,27.93,28.12,1847836,0
20121203,28.43,28.64,28.30,28.52,1635068,0
20121204,28.45,28.72,28.36,28.50,3026096,0
20121205,28.77,29.60,28.73,29.56,3032944,0
20121206,29.44,29.93,29.33,29.88,1778561,0
20121207,29.99,30.07,29.77,29.95,1002119,0
20121210,30.01,30.01,29.39,29.64,1301790,0
20121211,29.79,30.17,29.53,29.70,1447111,0
20121212,29.85,30.15,29.75,29.96,2001885,0
20121213,29.92,30.17,29.80,29.90,2250576,0
20121214,29.77,30.07,29.58,29.67,1648956,0
20121217,29.85,30.17,29.72,30.14,1328217,0
20121218,30.26,31.40,30.24,30.97,1785338,0
20121219,31.41,31.41,30.32,30.34,1753473,0
20121220,30.32,30.60,30.03,30.51,2287968,0
20121221,30.21,30.49,30.09,30.32,2095794,0
20121224,30.00,30.30,29.96,30.04,492281,0
20121226,30.21,30.41,29.84,29.92,998597,0
20121227,29.97,30.20,29.63,30.14,1297550,0
20121228,29.91,30.18,29.60,29.61,1928322,0
20121231,29.48,30.33,29.34,30.27,1398269,0
20130102,30.87,30.87,29.93,30.62,1346027,0
20130103,30.54,31.25,30.28,30.93,1104286,0
20130104,30.96,31.39,30.87,31.37,1207747,0
20130107,31.63,31.63,29.51,29.78,5401940,0
20130108,29.84,29.84,29.30,29.68,2279518,0
20130109,29.73,29.84,29.32,29.39,1323557,0
20130110,29.61,29.68,29.16,29.45,2430717,0
20130111,29.50,29.86,29.14,29.44,1822423,0
20130114,29.40,29.63,29.21,29.30,1056602,0
20130115,29.12,29.67,29.02,29.67,1171440,0
20130116,29.63,29.84,29.38,29.75,1172943,0
20130117,29.81,30.27,29.69,30.09,1152274,0
20130118,30.06,30.22,29.64,29.81,1428974,0
20130122,29.77,30.14,29.69,30.01,1854970,0
20130123,29.94,30.03,29.47,29.53,1109189,0
20130124,29.56,30.06,29.40,29.53,1275283,0
20130125,29.61,30.07,29.61,29.81,729634,0
20130128,30.00,30.00,29.10,29.21,1361240,0
20130129,29.15,30.30,29.13,30.16,2124002,0
20130130,30.19,30.64,29.53,29.64,1646527,0
20130131,29.53,29.79,29.20,29.35,1261876,0
20130201,29.63,29.96,29.30,29.79,974176,0
20130204,29.57,29.81,29.37,29.55,957702,0
20130205,29.76,29.98,29.65,29.80,1076912,0
20130206,29.61,29.80,29.16,29.65,1779058,0
20130207,29.72,30.00,29.54,29.57,1103612,0
20130208,29.55,29.79,29.43,29.65,1414607,0
20130211,29.59,29.68,29.38,29.51,885733,0
20130212,29.47,29.81,29.42,29.74,1177998,0
20130213,29.77,30.20,29.49,30.12,1859304,0
20130214,30.06,30.27,29.73,29.82,2314398,0
20130215,29.94,30.11,29.25,29.89,2709323,0
20130219,29.89,30.71,29.73,30.62,3382740,0
20130220,30.00,30.97,29.51,29.98,2632994,0
20130221,29.59,29.59,28.81,29.41,3121993,0
20130222,29.57,30.44,29.51,30.39,1972548,0
20130225,30.62,31.00,29.78,29.80,2482717,0
20130226,29.93,30.23,29.55,30.06,1413122,0
20130227,30.11,30.91,30.07,30.88,1222506,0
20130228,30.84,30.87,30.33,30.46,1473254,0
20130301,30.18,30.28,29.52,29.84,1822143,0
20130304,29.79,29.94,28.90,29.48,2467581,0
20130305,29.72,30.11,29.70,30.00,1461400,0
20130306,30.08,30.24,29.46,29.82,2419477,0
20130307,29.89,30.78,29.74,30.63,2230697,0
20130308,30.76,31.61,30.62,31.24,3163004,0
20130311,31.27,31.90,31.16,31.38,2291790,0
20130312,31.44,31.71,31.20,31.41,1790227,0
20130313,31.48,31.88,31.29,31.77,1286934,0
20130314,31.86,32.81,31.67,32.62,1992304,0
20130315,32.51,32.90,32.10,32.47,2555841,0
20130318,31.92,32.65,31.92,32.21,1260028,0
20130319,32.33,32.44,31.42,31.56,1806229,0
20130320,31.88,32.09,31.65,31.86,1246147,0
20130321,31.57,31.87,31.12,31.12,1409549,0
20130322,31.38,31.71,31.27,31.45,1007293,0
20130325,31.60,31.89,31.09,31.22,876322,0
20130326,31.37,31.98,31.37,31.75,1137013,0
20130327,31.58,32.02,31.35,31.65,1685901,0
20130328,31.66,32.20,31.55,31.84,4097776,0
20130401,31.71,31.75,31.21,31.35,1602500,0
20130402,31.48,31.53,31.13,31.20,2430422,0
20130403,31.23,31.23,29.60,29.76,2082704,0
20130404,29.73,30.43,29.35,29.51,2014795,0
20130405,29.11,30.16,29.08,29.80,2120036,0
20130408,30.11,30.89,29.78,30.87,1844584,0
20130409,30.98,31.52,30.88,31.27,2193088,0
20130410,31.32,31.56,31.09,31.35,1588898,0
20130411,31.49,31.60,31.23,31.41,2066316,0
20130412,31.24,31.25,30.42,30.80,1605209,0
20130415,30.46,30.56,28.81,28.84,2347542,0
20130416,29.23,29.70,28.90,29.47,1902872,0
20130417,29.24,29.37,28.41,28.86,1967062,0
20130418,28.95,29.47,28.51,29.12,1770107,0
20130419,29.16,29.19,28.14,28.41,1752760,0
20130422,28.50,28.64,27.85,28.32,1211897,0
20130423,28.44,28.44,27.75,28.01,1872416,0
20130424,28.06,28.50,28.03,28.41,2063892,0
20130425,28.49,29.07,28.13,28.22,2176435,0
20130426,28.18,28.30,27.51,27.77,2035968,0
20130429,28.01,28.77,27.92,28.68,2598496,0
20130430,28.68,29.03,28.38,28.71,2786542,0
20130501,26.92,28.10,26.24,26.95,5757895,0
20130502,27.09,27.34,26.81,26.86,2802057,0
20130503,27.47,27.87,27.26,27.83,2324931,0
20130506,27.87,28.09,27.60,27.74,1503292,0
20130507,27.85,28.05,27.36,27.54,1837136,0
20130508,27.61,27.82,27.29,27.78,1294784,0
20130509,27.81,28.48,27.54,28.36,2260101,0
20130510,28.48,30.05,28.29,29.88,4487706,0
20130513,29.74,29.92,29.12,29.34,2981264,0
20130514,29.38,29.79,29.35,29.47,1403932,0
20130515,29.31,29.59,28.87,29.17,910722,0
20130516,28.94,29.39,28.61,28.67,1365147,0
20130517,28.48,29.42,28.00,29.21,3891459,0
20130520,29.17,29.69,29.17,29.33,1462145,0
20130521,29.46,30.26,29.24,29.25,1762608,0
20130522,29.25,29.63,28.41,28.53,1996294,0
20130523,28.13,28.93,27.99,28.90,1597751,0
20130524,28.55,28.70,28.12,28.67,965985,0
20130528,29.23,29.31,28.65,28.72,1907262,0
20130529,28.52,29.06,28.42,28.95,1190128,0
20130530,28.99,29.10,28.69,28.77,1066925,0
20130531,28.67,28.92,28.35,28.36,1837697,0
20130603,28.42,28.74,28.17,28.63,1573889,0
20130604,28.87,29.91,28.81,29.37,2765183,0
20130605,29.56,29.94,29.37,29.56,1801131,0
20130606,29.51,29.76,29.13,29.67,1206924,0
20130607,29.87,30.21,29.52,30.00,1606814,0
20130610,30.06,30.24,29.73,30.01,1325137,0
20130611,29.49,29.66,29.23,29.46,1551682,0
20130612,29.75,29.76,28.91,29.02,862755,0
20130613,29.07,29.70,28.74,29.53,1612419,0
20130614,29.49,29.75,29.17,29.27,1109680,0
20130617,29.61,29.70,29.17,29.61,1469620,0
20130618,29.70,29.89,29.52,29.71,632258,0
20130619,29.59,29.76,28.90,28.97,1238591,0
20130620,28.50,28.58,27.82,28.05,1267273,0
20130621,28.27,28.40,27.54,28.24,1981448,0
20130624,27.76,28.43,26.99,28.06,2165289,0
20130625,28.35,28.58,27.87,28.21,1283866,0
20130626,28.49,28.66,27.94,28.02,1505869,0
20130627,28.28,28.65,27.93,27.95,884243,0
20130628,27.82,28.01,27.62,27.78,1980432,0
20130701,28.05,28.47,27.81,28.15,732590,0
20130702,28.21,28.88,28.19,28.51,1265832,0
20130703,28.55,28.69,28.24,28.60,582353,0
20130705,28.78,29.33,28.61,29.30,902269,0
20130708,29.54,29.75,28.96,29.20,1331701,0
20130709,29.28,29.51,29.06,29.29,847557,0
20130710,29.36,29.54,29.17,29.47,1057421,0
20130711,29.90,30.33,29.75,29.85,967746,0
20130712,29.80,29.93,29.13,29.62,1254441,0
20130715,29.69,29.72,28.76,29.17,2041027,0
20130716,29.20,29.32,28.58,28.82,957444,0
20130717,28.90,28.94,28.48,28.58,1084482,0
20130718,28.72,29.84,28.69,29.53,1192741,0
20130719,29.53,29.89,29.11,29.86,800623,0
20130722,29.83,30.33,29.71,29.92,931145,0
20130723,29.97,30.64,29.97,30.49,1107763,0
20130724,30.50,30.59,30.11,30.26,1573678,0
20130725,30.22,30.91,30.22,30.67,990428,0
20130726,30.47,30.60,30.08,30.46,690580,0
20130729,30.21,30.24,29.59,30.10,889075,0
20130730,30.15,30.21,29.72,30.01,816569,0
20130731,30.29,30.80,30.05,30.49,1414607,0
20130801,30.62,30.99,28.83,30.22,2988225,0
20130802,30.14,31.23,30.02,30.26,2694111,0
20130805,30.25,31.52,30.03,30.99,1907891,0
20130806,30.89,31.12,30.28,30.57,1457510,0
20130807,30.45,30.50,29.72,29.84,1180001,0
20130808,29.84,30.27,29.41,30.04,1308487,0
20130809,30.05,30.17,29.48,29.51,1144025,0
20130812,29.28,29.67,29.22,29.49,970000,0
20130813,29.61,29.61,28.97,29.01,1795366,0
20130814,29.11,29.16,28.73,29.10,2050233,0
20130815,28.79,29.01,28.66,28.98,947846,0
20130816,28.84,28.92,28.51,28.68,940435,0
20130819,28.66,28.81,28.16,28.18,749558,0
20130820,28.16,28.46,27.89,27.95,1284489,0
20130821,27.78,27.85,27.28,27.45,2661126,0
20130822,27.61,28.34,27.50,28.19,686475,0
20130823,28.29,28.47,27.94,28.20,1042476,0
20130826,28.27,28.49,27.88,27.99,950540,0
20130827,27.67,27.94,27.51,27.64,868112,0
20130828,27.71,27.92,27.62,27.70,1270620,0
20130829,27.57,27.72,27.40,27.58,1317526,0
20130830,27.61,27.69,27.23,27.32,692297,0
20130903,27.60,28.04,27.46,27.98,1658333,0
20130904,27.85,28.19,27.66,27.99,1384578,0
20130905,28.05,28.30,27.98,28.27,1257074,0
20130906,28.49,28.74,28.16,28.25,1158659,0
20130909,28.31,28.70,28.31,28.43,763867,0
20130910,28.47,28.48,28.02,28.21,782468,0
20130911,28.09,28.33,27.87,28.33,1017157,0
20130912,28.36,28.83,28.17,28.78,1135419,0
20130913,28.65,28.66,28.05,28.12,2131928,0
20130916,28.39,28.44,28.12,28.31,1067432,0
20130917,28.39,28.86,28.39,28.70,910950,0
20130918,28.75,29.24,28.40,29.02,1212820,0
20130919,29.04,29.17,28.41,28.55,970391,0
20130920,28.56,28.66,27.77,27.97,2392044,0
20130923,27.81,28.07,27.28,27.80,2440932,0
20130924,27.80,28.22,27.36,28.05,1842492,0
20130925,28.16,28.62,28.06,28.49,1620143,0
20130926,28.51,28.62,27.96,28.48,971561,0
20130927,28.29,28.33,27.80,27.98,772374,0
20130930,27.65,27.76,27.47,27.69,1261669,0
20131001,27.71,28.50,27.68,28.26,1111328,0
20131002,28.03,28.40,27.74,28.17,812538,0
20131003,28.14,28.26,27.70,28.02,923297,0
20131004,27.98,28.86,27.98,28.68,1261864,0
20131007,28.34,28.70,28.13,28.16,1057318,0
20131008,28.07,28.35,27.64,28.11,1699287,0
20131009,28.07,28.49,27.97,28.28,3876380,0
20131010,28.54,29.08,28.44,29.08,1367842,0
20131011,28.96,29.76,28.87,29.46,1495837,0
20131014,29.27,29.95,29.23,29.71,1539106,0
20131015,29.63,29.95,29.38,29.81,1857371,0
20131016,30.00,30.72,29.94,30.64,2192299,0
20131017,30.62,31.00,30.44,30.89,2402863,0
20131018,31.13,31.72,30.95,31.22,3458492,0
20131021,31.32,31.39,30.85,31.09,1520072,0
20131022,33.23,34.24,32.72,32.90,7278093,0
20131023,33.13,33.13,32.48,32.64,2175202,0
20131024,32.68,33.04,32.49,32.99,1381652,0
20131025,33.25,33.44,32.89,33.14,922454,0
20131028,33.05,33.20,32.83,32.92,1261612,0
20131029,33.10,33.49,33.07,33.29,1858458,0
20131030,33.32,33.49,32.66,33.05,1118698,0
20131031,33.11,33.29,32.81,33.06,2203210,0
20131101,32.90,33.07,32.11,32.80,2240337,0
20131104,32.89,33.49,32.84,33.45,2280210,0
20131105,33.30,33.46,32.87,33.28,2722053,0
20131106,31.75,32.62,31.59,32.42,7462853,0
20131107,32.47,32.57,31.49,31.81,6575331,0
20131108,31.81,32.62,31.77,32.42,2439362,0
20131111,32.45,32.99,32.38,32.94,1614954,0
20131112,32.80,32.96,32.03,32.06,2710704,0
20131113,31.82,33.40,31.77,32.51,6475195,0
20131114,32.60,33.73,32.59,33.36,3237586,0
20131115,33.50,33.87,33.25,33.48,2412883,0
20131118,33.76,33.81,32.55,32.64,2517343,0
20131119,32.64,32.95,32.20,32.80,1509564,0
20131120,32.88,33.25,32.60,32.93,1774594,0
20131121,33.08,33.53,32.98,33.23,1635100,0
20131122,33.43,33.45,33.00,33.41,1262309,0
20131125,33.25,33.25,32.33,32.83,1518297,0
20131126,32.78,33.03,32.54,32.72,1128918,0
20131127,31.99,32.60,31.97,32.10,975686,0
20131129,32.15,32.46,31.97,32.02,755025,0
20131202,32.13,32.51,31.89,32.32,1481460,0
20131203,33.07,33.45,32.19,32.26,6062584,0
20131204,32.22,32.47,31.48,32.17,3974792,0
20131205,32.06,32.20,31.65,31.79,3035760,0
20131206,32.15,32.29,31.33,31.43,2132943,0
20131209,31.50,31.58,29.60,30.96,5412448,0
20131210,31.00,31.44,30.46,30.76,3470138,0
20131211,30.80,30.98,29.95,30.06,2976543,0
20131212,30.12,30.16,29.55,29.65,3788827,0
20131213,29.77,30.80,29.68,30.69,3940244,0
20131216,30.62,31.01,30.53,30.63,2440228,0
20131217,30.81,30.81,30.32,30.59,2005219,0
20131218,30.61,30.70,30.03,30.28,2757661,0
20131219,30.07,30.51,29.94,30.46,1973419,0
20131220,30.38,30.50,29.91,30.01,5960604,0
20131223,30.22,30.90,30.22,30.51,2169580,0
20131224,30.52,31.05,30.43,30.97,712666,0
20131226,31.00,31.10,30.24,30.47,1429013,0
20131227,30.71,30.90,30.36,30.80,892860,0
20131230,30.80,31.10,30.51,30.58,1727359,0
20131231,30.52,30.80,30.47,30.65,1276864,0
20140102,30.47,30.68,29.98,30.18,1622203,0
20140103,30.26,30.47,30.00,30.24,1455145,0
20140106,30.25,30.31,29.92,29.93,1921165,0
20140107,30.12,30.25,29.58,29.76,2630108,0
20140108,29.75,29.98,29.48,29.72,2580029,0
20140109,29.78,29.84,29.06,29.35,3090425,0
20140110,29.44,29.78,29.23,29.55,2132217,0
20140113,29.44,29.75,29.29,29.33,2796592,0
20140114,29.40,30.23,29.40,29.99,3262922,0
20140115,29.99,30.11,29.67,29.70,1773701,0
20140116,29.68,30.20,29.65,30.14,2033171,0
20140117,30.25,30.39,29.90,29.98,1776209,0
20140121,30.20,30.84,29.93,30.80,1972008,0
20140122,30.78,31.36,30.72,31.30,2450245,0
20140123,31.08,31.35,30.98,31.32,2497673,0
20140124,31.09,31.20,30.68,30.84,1841481,0
20140127,30.72,30.75,29.93,30.27,1564190,0
20140128,30.39,30.68,30.34,30.61,1607137,0
20140129,30.31,31.28,30.08,30.99,2676044,0
20140130,30.85,32.32,30.85,31.29,2750942,0
20140131,30.73,31.34,30.51,30.89,2792957,0
20140203,30.80,31.01,30.04,30.13,2132198,0
20140204,30.56,31.30,30.38,30.76,3192549,0
20140205,30.80,30.80,29.81,29.87,2751513,0
20140206,29.96,30.92,29.96,30.77,2809176,0
20140207,30.96,31.18,30.49,30.64,2325919,0
20140210,30.55,30.94,30.12,30.89,2238545,0
20140211,31.12,31.70,30.91,31.55,1513119,0
20140212,31.77,31.99,31.56,31.67,1063319,0
20140213,31.41,31.83,31.18,31.74,859343,0
20140214,31.68,31.91,31.54,31.82,921024,0
20140218,31.98,32.20,31.59,32.03,1327087,0
20140219,31.88,32.67,31.88,32.01,1771955,0
20140220,31.96,32.15,31.48,31.88,1791373,0
20140221,31.77,32.01,31.58,31.66,1266083,0
20140224,31.88,33.32,31.80,32.38,2753610,0
20140225,32.40,32.53,31.41,32.02,3668389,0
20140226,27.71,29.02,25.93,28.81,21993165,0
20140227,28.86,28.86,28.21,28.43,3722385,0
20140228,28.37,29.09,28.25,28.93,2832646,0
20140303,28.76,29.17,28.32,28.43,3162637,0
20140304,28.57,29.00,28.52,28.78,2678056,0
20140305,29.14,29.43,28.66,28.82,3508023,0
20140306,28.84,29.06,28.69,28.90,2496165,0
20140307,29.16,29.34,28.91,29.31,3952309,0
20140310,29.10,29.26,28.70,28.96,2092985,0
20140311,29.05,29.16,28.47,28.61,1865502,0
20140312,28.37,28.90,28.29,28.88,1746432,0
20140313,28.81,28.89,28.12,28.39,2786202,0
20140314,28.31,28.61,28.11,28.45,1512597,0
20140317,28.51,28.78,28.24,28.56,1289996,0
20140318,28.53,29.04,28.33,29.00,1823931,0
20140319,28.91,29.00,28.55,28.74,2506524,0
20140320,28.93,29.09,28.70,29.07,1364142,0
20140321,29.29,29.42,28.83,28.96,4298797,0
20140324,29.05,29.25,28.86,29.05,1329138,0
20140325,29.06,29.18,28.79,28.97,1655028,0
20140326,29.07,29.47,28.97,29.00,2345556,0
20140327,29.07,29.73,28.98,29.40,1709197,0
20140328,29.59,29.87,29.49,29.71,1344327,0
20140331,29.74,29.77,29.30,29.44,1820767,0
20140401,29.67,30.20,29.59,30.20,2259634,0
20140402,30.17,30.72,30.17,30.70,1690257,0
20140403,30.72,31.28,30.40,31.06,2697038,0
20140404,31.43,31.70,31.22,31.38,2370568,0
20140407,31.22,31.39,30.70,30.84,2389541,0
20140408,30.84,31.41,30.76,31.36,2101681,0
20140409,31.29,31.51,30.95,31.38,1779124,0
20140410,31.41,31.68,30.99,31.11,1760078,0
20140411,31.04,31.35,30.75,30.78,1659586,0
20140414,31.02,31.12,30.69,31.00,2118458,0
20140415,30.93,31.40,30.86,31.29,2408763,0
20140416,31.40,31.80,31.38,31.61,2085193,0
20140417,31.77,32.59,31.66,32.32,4247964,0
20140421,32.38,32.65,32.19,32.32,2626868,0
20140422,31.86,31.86,31.25,31.41,3431008,0
20140423,31.51,32.24,31.51,32.11,2132119,0
20140424,32.18,32.49,31.64,32.18,2125038,0
20140425,32.03,32.12,30.89,31.18,2132542,0
20140428,31.33,31.65,31.14,31.43,2651025,0
20140429,31.56,31.93,31.10,31.18,2295195,0
20140430,31.08,31.12,30.67,30.69,2410100,0
20140501,30.75,30.94,30.24,30.44,1971757,0
20140502,30.47,30.78,30.23,30.25,2294171,0
20140505,30.11,30.35,29.95,30.06,2217875,0
20140506,30.00,30.54,29.98,30.47,2631317,0
20140507,30.70,30.87,30.20,30.86,3143437,0
20140508,31.75,32.50,31.04,31.17,4892034,0
20140509,31.15,31.29,30.75,31.00,3673259,0
20140512,31.06,31.46,30.83,31.16,2397662,0
20140513,31.17,31.22,30.81,31.00,1425820,0
20140514,31.03,31.10,30.79,30.89,1398382,0
20140515,30.93,30.99,30.40,30.79,2217300,0
20140516,30.71,30.80,30.28,30.51,1959118,0
20140519,30.57,30.75,30.43,30.64,1887155,0
20140520,30.69,31.00,30.55,30.95,1606052,0
20140521,31.00,31.29,30.90,31.13,2360225,0
20140522,31.09,31.17,30.57,30.61,1746700,0
20140523,30.71,30.83,30.50,30.57,1277278,0
20140527,30.68,30.90,30.42,30.82,1377960,0
20140528,30.95,31.56,30.76,31.50,2010797,0
20140529,31.55,31.96,31.53,31.92,1820716,0
20140530,31.86,32.00,31.59,31.94,1760623,0
20140602,31.94,31.94,31.32,31.47,1682302,0
20140603,31.40,31.71,31.11,31.58,1471259,0
20140604,31.53,31.77,31.30,31.47,1059978,0
20140605,31.55,31.78,31.30,31.74,762383,0
20140606,31.77,32.11,31.72,31.87,1046267,0
20140609,32.03,32.18,31.84,31.92,1207816,0
20140610,31.85,31.98,31.60,31.66,993733,0
20140611,31.51,31.78,31.35,31.66,947997,0
20140612,31.72,32.18,31.66,31.90,1234270,0
20140613,32.03,32.35,31.74,32.33,1375909,0
20140616,32.35,32.47,32.11,32.28,1323441,0
20140617,32.18,32.76,32.02,32.71,1534701,0
20140618,32.75,32.95,32.43,32.89,1569899,0
20140619,32.99,33.33,32.88,33.24,1447771,0
20140620,33.35,33.88,33.26,33.85,2232862,0
20140623,33.75,34.20,33.70,34.04,1629531,0
20140624,34.07,34.09,33.09,33.12,1551317,0
20140625,32.97,33.65,32.97,33.52,1821506,0
20140626,33.60,33.75,33.25,33.71,869575,0
20140627,33.75,34.48,33.73,34.43,2119982,0
20140630,34.53,34.60,34.18,34.50,1777518,0
20140701,34.42,34.64,34.01,34.20,1458575,0
20140702,34.06,34.35,33.70,33.97,1338210,0
20140703,33.96,34.04,33.55,33.71,770022,0
20140707,33.61,33.71,33.17,33.32,1125345,0
20140708,33.24,33.58,33.17,33.40,1055048,0
20140709,33.46,33.64,33.19,33.63,1869874,0
20140710,33.35,33.70,33.14,33.54,1136360,0
20140711,33.46,33.50,33.15,33.34,1396925,0
20140714,33.47,34.00,33.39,33.83,1464575,0
20140715,33.68,33.83,33.28,33.64,1894996,0
20140716,33.77,34.60,33.77,34.45,1776698,0
20140717,34.45,35.03,33.94,33.98,2402573,0
20140718,34.08,34.37,33.93,34.26,1054139,0
20140721,34.20,34.20,33.81,33.98,1331777,0
20140722,34.21,34.48,34.12,34.15,1175305,0
20140723,34.14,34.34,33.75,34.32,1308471,0
20140724,34.38,34.83,34.07,34.51,1363004,0
20140725,34.29,34.47,34.06,34.26,1204814,0
20140728,34.21,34.30,33.78,33.99,1100032,0
20140729,33.93,34.17,33.73,34.08,1224785,0
20140730,34.27,34.47,33.81,33.94,1875820,0
20140731,33.79,33.81,33.05,33.05,1962051,0
20140801,32.93,33.04,32.21,32.45,1735519,0
20140804,32.44,33.15,32.20,33.05,1480457,0
20140805,32.85,32.90,32.14,32.56,1379056,0
20140806,32.43,33.12,32.18,32.73,2391433,0
20140807,32.41,33.86,32.40,33.49,2785241,0
20140808,33.55,34.10,33.19,34.09,1825637,0
20140811,34.30,34.65,34.09,34.35,1574441,0
20140812,34.19,34.35,33.74,34.08,1774632,0
20140813,34.07,34.40,33.91,34.11,1286684,0
20140814,34.16,34.32,33.73,34.10,1006139,0
20140815,34.17,34.39,33.87,34.35,1388040,0
20140818,34.50,34.70,34.00,34.27,1661738,0
20140819,34.48,34.99,34.31,34.65,1622401,0
20140820,34.70,34.74,34.28,34.65,1534197,0
20140821,34.76,34.76,34.27,34.71,1393116,0
20140822,34.62,34.74,34.22,34.31,1283984,0
20140825,34.40,34.89,34.26,34.79,1235668,0
20140826,34.97,35.32,34.85,35.01,1361038,0
20140827,35.04,35.20,34.81,35.09,889517,0
20140828,35.08,35.48,34.99,35.27,961993,0
20140829,35.42,35.58,35.19,35.57,1015235,0
20140902,35.50,35.90,35.08,35.25,3180015,0
20140903,35.20,35.47,34.46,34.48,3365639,0
20140904,34.50,34.54,33.39,33.70,3873678,0
20140905,33.69,34.05,33.58,34.03,1680095,0
20140908,33.84,33.84,32.87,33.00,2656805,0
20140909,33.00,33.21,32.30,32.58,1812638,0
20140910,32.63,32.64,32.02,32.21,2823971,0
20140911,31.93,32.30,31.75,32.19,2385144,0
20140912,32.01,32.09,31.65,31.69,1829736,0
20140915,31.68,32.35,31.49,32.24,1732311,0
20140916,32.23,32.79,32.10,32.52,1658502,0
20140917,32.60,32.72,32.13,32.15,1395263,0
20140918,32.21,32.21,31.22,31.49,2252868,0
20140919,31.68,31.82,31.24,31.38,3215844,0
20140922,31.24,31.24,30.78,31.02,1500670,0
20140923,31.06,31.49,30.88,30.90,1199661,0
20140924,30.80,31.47,30.33,31.39,2307457,0
20140925,31.44,31.44,30.77,30.94,1825008,0
20140926,30.89,31.49,30.68,31.34,1639940,0
20140929,30.99,31.37,30.88,31.30,1630388,0
20140930,31.25,31.45,30.59,30.78,2114895,0
20141001,30.79,31.00,30.06,30.11,2161593,0
20141002,29.98,30.18,29.52,29.80,2346616,0
20141003,29.95,30.71,29.56,30.25,3858957,0
20141006,30.26,30.56,29.82,29.85,2681799,0
20141007,29.64,29.80,28.67,28.67,2849584,0
20141008,28.53,28.63,27.73,28.55,3023955,0
20141009,28.21,28.35,26.34,26.46,5223807,0
20141010,26.39,26.59,25.16,25.38,4553104,0
20141013,25.28,25.51,23.00,23.04,5769586,0
20141014,23.27,23.42,21.87,21.96,7704611,0
20141015,21.62,22.15,20.00,21.84,18634424,0
20141016,21.57,23.89,21.57,23.33,9205421,0
20141017,23.80,24.15,22.87,23.18,5896719,0
20141020,24.23,25.34,23.64,24.17,8860911,0
20141021,24.38,24.86,24.30,24.60,4571862,0
20141022,24.68,25.16,23.66,23.67,4558094,0
20141023,24.00,24.80,23.89,24.53,3050325,0
20141024,24.33,24.43,23.85,24.32,3027455,0
20141027,23.76,23.80,22.91,23.13,4955107,0
20141028,23.18,24.12,22.92,24.07,2991571,0
20141029,24.40,24.74,23.95,24.33,3308114,0
20141030,24.09,24.30,23.52,24.11,2490608,0
20141031,24.24,25.10,23.68,25.07,3851563,0
20141103,25.20,25.60,24.14,24.22,2949973,0
20141104,23.80,23.89,23.00,23.28,3527347,0
20141105,23.77,24.52,23.30,24.44,5257244,0
20141106,24.25,25.59,24.25,25.55,7330514,0
20141107,25.65,26.32,25.53,25.87,4027919,0
20141110,26.19,26.58,24.66,24.78,2861119,0
20141111,24.74,25.19,24.27,24.85,3195303,0
20141112,24.56,25.18,24.40,24.47,3062625,0
20141113,24.25,24.41,23.33,23.83,3140703,0
20141114,23.87,24.53,23.63,24.52,2224523,0
20141117,24.35,24.35,23.10,23.12,3710220,0
20141118,23.02,23.59,22.73,23.42,3160619,0
20141119,23.58,23.72,23.00,23.46,2589681,0
20141120,23.44,24.77,23.37,24.71,3179339,0
20141121,25.14,25.61,25.06,25.33,4304641,0
20141124,25.14,25.47,24.74,24.98,2830494,0
20141125,25.05,25.44,24.52,24.94,2819681,0
20141126,24.74,24.74,24.02,24.18,2689978,0
20141128,22.90,22.90,20.36,20.44,3130447,0
20141201,20.23,21.09,19.80,21.09,6457799,0
20141202,20.86,21.90,20.59,21.25,4850222,0
20141203,21.35,22.47,21.20,21.98,4593260,0
20141204,21.60,22.44,21.33,22.13,4262882,0
20141205,22.07,22.55,21.60,22.24,3317063,0
20141208,21.74,21.74,20.80,20.94,5545228,0
20141209,20.93,22.04,20.83,21.94,3797329,0
20141210,21.30,21.30,20.54,20.65,4329878,0
20141211,20.66,21.00,19.83,20.00,5385346,0
20141212,19.43,20.00,19.19,19.37,6555400,0
20141215,19.74,19.97,18.47,18.64,5288349,0
20141216,18.30,19.31,18.15,18.71,5828719,0
20141217,18.81,20.47,18.73,19.91,4534174,0
20141218,20.28,20.66,18.93,19.69,6332399,0
20141219,19.90,20.56,19.53,20.53,8458642,0
20141222,20.30,20.49,19.48,19.95,5252903,0
20141223,20.15,20.37,19.31,19.77,6657566,0
20141224,19.59,19.66,19.07,19.40,2426538,0
20141226,19.66,19.95,19.35,19.59,4555939,0
20141229,19.64,20.33,19.64,20.01,3391919,0
20141230,19.82,20.00,19.52,19.70,2926800,0
20141231,19.50,20.49,19.17,20.22,3584550,0
20150102,20.01,20.24,19.22,19.99,4301998,0
20150105,19.58,19.58,18.79,18.87,4106410,0
20150106,18.76,19.14,18.29,18.67,3743429,0
20150107,18.99,19.18,18.53,18.83,3024292,0
20150108,19.10,19.93,18.94,19.80,4622915,0
20150109,19.91,20.20,19.53,19.93,4023665,0
20150112,19.53,19.58,18.89,19.42,3504050,0
20150113,19.48,19.82,18.98,19.27,3549129,0
20150114,19.01,19.77,18.48,19.64,4283421,0
20150115,20.03,20.16,18.93,19.00,2657834,0
20150116,19.15,20.04,19.07,19.89,3562290,0
20150120,19.72,19.74,18.91,19.39,2984316,0
20150121,19.64,20.24,19.39,20.17,2927830,0
20150122,20.35,20.56,19.46,19.91,3235796,0
20150123,19.83,20.65,19.69,20.25,1996761,0
20150126,20.34,20.72,19.99,20.66,1625994,0
20150127,20.46,20.88,20.14,20.79,2297930,0
20150128,20.64,20.65,19.47,19.54,2641863,0
20150129,19.79,19.84,18.83,19.56,2718011,0
20150130,19.37,20.45,19.19,20.22,2233834,0
20150202,20.57,21.57,20.57,21.22,3278899,0
20150203,21.60,22.25,21.21,21.84,3716237,0
20150204,21.39,21.80,20.93,21.20,3416723,0
20150205,21.54,21.76,21.22,21.70,3304213,0
20150206,21.96,22.10,21.57,21.92,2945201,0
20150209,22.03,22.28,21.58,21.65,2770993,0
20150210,21.67,22.10,21.21,21.99,3482798,0
20150211,21.60,21.60,20.70,21.36,3190965,0
20150212,21.97,22.40,21.68,21.69,3470236,0
20150213,22.09,22.75,22.01,22.59,3512232,0
20150217,22.38,23.11,22.27,22.99,2387767,0
20150218,22.64,23.21,22.44,22.71,1954871,0
20150219,22.04,22.98,21.92,22.79,1706020,0
20150220,22.77,22.94,22.49,22.86,2542076,0
20150223,22.48,22.94,22.25,22.56,2220004,0
20150224,22.82,22.86,22.25,22.42,3428744,0
20150225,21.29,22.58,21.24,22.44,5879403,0
20150226,22.00,22.16,21.05,21.32,4699298,0
20150227,21.45,21.53,21.00,21.48,2949232,0
20150302,21.44,21.75,21.15,21.70,3287904,0
20150303,21.69,21.90,21.38,21.43,2426826,0
20150304,21.49,21.67,21.01,21.62,2070585,0
20150305,21.57,21.79,21.36,21.68,1044357,0
20150306,21.46,21.72,21.09,21.16,1756510,0
20150309,21.13,21.41,20.90,20.91,3013891,0
20150310,20.57,21.15,20.50,20.66,3572725,0
20150311,20.75,21.11,20.42,21.05,2457480,0
20150312,21.16,21.44,20.69,20.76,2784425,0
20150313,20.53,20.63,19.88,20.41,2716024,0
20150316,20.23,20.54,19.93,20.53,3002798,0
20150317,20.39,20.68,20.23,20.53,2022585,0
20150318,20.31,21.29,20.01,21.11,2456418,0
20150319,20.75,20.86,20.28,20.40,2338467,0
20150320,20.76,21.13,20.63,20.78,3073123,0
20150323,20.80,21.06,20.32,20.32,1684307,0
20150324,20.34,20.74,20.15,20.64,2780078,0
20150325,20.85,21.28,20.57,21.04,3154896,0
20150326,21.62,21.88,21.25,21.68,2953866,0
20150327,21.50,21.53,21.00,21.07,2189852,0
20150330,21.39,21.74,20.80,21.25,3206971,0
20150331,20.99,21.36,20.79,20.85,2872991,0
20150401,21.04,21.33,20.68,20.88,4070721,0
20150402,20.74,21.76,20.68,21.70,3283015,0
20150406,21.91,22.37,21.71,22.28,2416386,0
20150407,22.23,23.06,22.05,22.92,2528631,0
20150408,23.00,23.05,21.97,22.19,4357710,0
20150409,22.32,22.60,22.17,22.38,2814434,0
20150410,22.50,22.52,22.25,22.41,1675278,0
20150413,22.59,22.68,22.15,22.40,2520481,0
20150414,22.57,22.89,22.41,22.85,2211420,0
20150415,23.02,24.04,22.78,23.76,2683004,0
20150416,23.89,23.89,23.20,23.20,3440402,0
20150417,23.02,23.20,22.61,22.71,2718971,0
20150420,22.82,23.19,22.64,22.70,2258616,0
20150421,22.73,22.84,22.03,22.18,3191612,0
20150422,22.25,22.57,22.08,22.17,2591130,0
20150423,22.26,22.56,22.22,22.28,2164628,0
20150424,22.11,22.32,21.75,22.17,3192020,0
20150427,22.30,22.54,22.23,22.44,2599878,0
20150428,22.47,22.97,22.36,22.77,3095789,0
20150429,22.73,23.52,22.64,23.45,3555766,0
20150430,23.51,23.90,21.83,22.50,6736416,0
20150501,22.55,22.72,22.06,22.49,3566241,0
20150504,22.52,23.03,22.30,22.96,3898094,0
20150505,23.26,23.46,22.03,22.06,3227788,0
20150506,22.36,22.63,21.97,22.06,2821066,0
20150507,22.07,22.07,21.09,21.16,3671374,0
20150508,21.35,21.65,20.90,21.59,3244843,0
20150511,21.66,21.66,20.40,20.46,3731331,0
20150512,20.59,20.99,20.43,20.71,2472248,0
20150513,20.93,20.99,19.97,20.21,3551200,0
20150514,20.26,20.26,19.82,19.95,3002535,0
20150515,19.78,20.28,19.50,20.05,2512938,0
20150518,20.00,20.23,19.71,20.21,2266083,0
20150519,19.95,20.11,19.38,19.68,2941964,0
20150520,19.70,19.71,19.04,19.28,2987392,0
20150521,19.46,19.73,19.29,19.69,2091337,0
20150522,19.46,19.94,19.35,19.84,2838894,0
20150526,19.58,19.72,18.89,18.94,3577818,0
20150527,18.84,19.23,18.61,19.11,3551269,0
20150528,18.94,18.96,18.31,18.64,3767827,0
20150529,18.70,19.00,18.46,18.83,12284392,0
20150601,18.90,19.12,18.61,19.05,4451576,0
20150602,19.18,19.32,18.89,19.07,3489285,0
20150603,19.05,19.13,18.60,18.77,3161625,0
20150604,18.63,18.79,18.32,18.71,3595001,0
20150605,18.55,19.10,18.43,18.81,3203551,0
20150608,18.77,18.92,18.48,18.75,2428498,0
20150609,18.98,19.18,18.68,18.70,2172623,0
20150610,19.00,19.19,18.83,19.13,3183513,0
20150611,19.19,19.38,18.78,18.87,3233899,0
20150612,18.75,18.82,18.39,18.55,1980392,0
20150615,18.36,18.66,18.11,18.42,2577461,0
20150616,18.43,18.88,18.38,18.73,3081637,0
20150617,18.93,19.17,18.42,18.56,2750827,0
20150618,18.67,18.87,18.48,18.55,3285592,0
20150619,18.35,18.61,18.29,18.46,3989454,0
20150622,18.59,18.87,18.25,18.79,3135370,0
20150623,18.76,19.24,18.76,19.11,2032379,0
20150624,19.07,19.39,18.69,18.75,3591043,0
20150625,18.72,18.92,18.56,18.65,2939758,0
20150626,18.59,18.67,18.39,18.61,3905039,0
20150629,18.29,18.62,18.13,18.39,4298204,0
20150630,18.60,18.71,18.27,18.51,30775183,0
20150701,18.46,18.59,17.98,18.00,5748104,0
20150702,18.04,18.40,18.00,18.23,3664150,0
20150706,17.83,17.83,17.10,17.13,3563704,0
20150707,17.04,17.35,16.23,17.23,6334891,0
20150708,17.07,17.26,16.29,16.40,4694828,0
20150709,16.75,17.03,16.55,16.77,4421564,0
20150710,16.89,16.97,16.13,16.18,3380280,0
20150713,16.19,16.25,15.78,16.22,3948291,0
20150714,16.14,16.68,16.08,16.48,3539755,0
20150715,16.34,16.48,15.94,16.03,3801663,0
20150716,16.19,16.30,15.38,15.61,3941018,0
20150717,15.58,15.58,15.01,15.03,3670192,0
20150720,15.00,15.02,14.49,14.66,4018095,0
20150721,14.77,15.06,14.59,14.65,2709924,0
20150722,14.51,14.51,13.97,14.16,5873502,0
20150723,14.22,14.30,13.48,13.84,6764439,0
20150724,13.84,13.84,13.37,13.57,3284504,0
20150727,13.23,13.34,12.73,12.82,4184682,0
20150728,12.89,13.27,12.62,13.12,3970283,0
20150729,13.08,13.73,13.00,13.67,3883473,0
20150730,13.63,14.19,13.49,14.03,6354210,0
20150731,13.92,14.14,13.72,13.88,6437025,0
20150803,13.69,13.92,12.98,13.04,7312780,0
20150804,13.21,14.55,13.21,13.68,10755200,0
20150805,13.89,14.32,13.32,13.51,5827101,0
20150806,13.40,14.33,13.16,14.18,6057939,0
20150807,14.08,14.65,13.63,13.72,4560820,0
20150810,13.74,14.66,13.61,14.50,2740238,0
20150811,14.14,14.51,13.98,14.26,3169447,0
20150812,14.25,14.50,14.01,14.42,3735963,0
20150813,14.18,14.25,13.60,13.81,3919506,0
20150814,13.92,14.23,13.54,13.63,2150203,0
20150817,13.58,13.63,13.31,13.36,4168162,0
20150818,13.34,13.65,13.19,13.42,2280813,0
20150819,13.31,13.42,12.77,13.18,3833296,0
20150820,13.18,13.30,12.71,12.72,2975183,0
20150821,12.57,12.84,12.49,12.51,2711633,0
20150824,11.56,12.29,11.37,11.49,4402135,0
20150825,12.08,12.21,11.30,11.31,3922502,0
20150826,11.57,11.65,11.20,11.56,3636077,0
20150827,11.91,13.07,11.85,13.01,3792069,0
20150828,12.89,14.02,12.79,13.70,3404657,0
20150831,13.48,14.31,13.11,14.04,3052438,0
20150901,13.48,13.92,12.93,13.05,3883392,0
20150902,13.29,13.34,12.33,12.88,2500622,0
20150903,12.97,13.38,12.71,13.17,3980773,0
20150904,12.95,13.35,12.86,13.24,3191352,0
20150908,13.33,13.38,12.69,13.12,3438475,0
20150909,13.22,13.62,13.04,13.06,7935335,0
20150910,13.18,13.21,12.28,12.40,4877992,0
20150911,12.14,12.31,11.78,12.29,4033307,0
20150914,12.22,12.27,11.77,11.87,3420282,0
20150915,11.90,12.22,11.85,12.15,2481283,0
20150916,12.31,13.89,12.26,13.84,5163461,0
20150917,13.84,14.33,13.65,13.84,4845266,0
20150918,13.53,13.78,12.94,13.02,5461629,0
20150921,13.18,13.47,12.88,12.88,3420981,0
20150922,12.57,13.16,12.57,12.65,2997623,0
20150923,12.74,12.90,12.10,12.22,2424394,0
20150924,12.09,12.64,11.99,12.50,3392874,0
20150925,12.64,12.81,12.07,12.23,3222683,0
20150928,12.11,12.11,11.68,11.81,3353796,0
20150929,11.88,12.19,11.74,12.09,3208493,0
20150930,12.23,12.67,12.07,12.53,4601757,0
20151001,12.82,13.50,12.50,12.69,3764763,0
20151002,12.55,13.93,12.52,13.92,3381482,0
20151005,14.13,14.96,14.04,14.83,3531952,0
20151006,14.86,15.93,14.75,15.82,4999954,0
20151007,16.09,16.77,15.01,15.88,4812071,0
20151008,15.85,16.71,15.59,16.26,4686926,0
20151009,16.36,16.48,15.65,16.21,3108909,0
20151012,16.24,16.24,15.21,15.52,2776925,0
20151013,15.33,16.16,15.13,15.43,2613077,0
20151014,15.44,15.94,15.32,15.75,2736150,0
20151015,15.62,16.19,15.31,16.08,2767475,0
20151016,16.07,16.31,15.59,16.10,2635571,0
20151019,15.92,16.44,15.79,16.14,2519926,0
20151020,16.10,16.93,16.01,16.32,2656140,0
20151021,16.12,16.35,15.62,15.75,3034742,0
20151022,15.84,16.12,14.89,15.40,3747797,0
20151023,15.33,15.56,14.95,15.51,2669248,0
20151026,15.43,15.43,14.27,14.32,3167067,0
20151027,14.05,14.25,13.49,13.79,2961883,0
20151028,13.81,14.69,13.70,14.15,4117243,0
20151029,16.14,16.90,14.85,15.06,5213476,0
20151030,15.22,15.59,14.91,15.46,5124519,0
20151102,15.35,16.49,15.23,16.30,3846632,0
20151103,16.28,16.95,16.13,16.22,2519761,0
20151104,16.33,16.73,15.69,16.00,2519468,0
20151105,15.87,16.70,15.75,16.13,2527288,0
20151106,15.91,16.34,15.59,15.89,2868412,0
20151109,16.00,16.29,15.53,15.73,2171822,0
20151110,15.63,16.17,15.55,15.69,2895435,0
20151111,15.63,15.80,14.69,14.75,2554966,0
20151112,14.17,15.14,14.17,14.76,2711884,0
20151113,14.69,15.13,14.28,15.01,2897604,0
20151116,15.05,15.59,14.89,15.43,1685668,0
20151117,15.31,15.45,14.72,14.75,2095190,0
20151118,14.94,15.49,14.72,15.21,3061071,0
20151119,15.41,15.41,14.49,15.16,3202904,0
20151120,15.08,15.34,14.69,14.70,2001182,0
20151123,14.67,15.00,14.59,14.73,2053389,0
20151124,14.92,16.35,14.78,16.19,4093084,0
20151125,15.95,16.61,15.74,16.38,2912815,0
20151127,16.11,16.20,15.70,15.85,1045238,0
20151130,15.89,16.38,15.52,15.80,3505082,0
20151201,15.82,15.87,15.39,15.47,2472744,0
20151202,15.23,15.36,14.04,14.08,3898613,0
20151203,14.27,14.33,13.65,13.92,3256150,0
20151204,13.48,13.98,13.27,13.54,3621081,0
20151207,13.08,13.19,12.27,12.43,4111379,0
20151208,12.10,13.06,11.98,12.88,3288969,0
20151209,13.34,13.61,12.50,12.94,4014007,0
20151210,12.82,13.41,12.64,13.30,3099079,0
20151211,13.04,13.04,11.94,11.96,4310021,0
20151214,11.89,12.41,11.34,11.98,5805330,0
20151215,12.28,12.78,12.06,12.71,5219583,0
20151216,12.76,12.80,12.09,12.19,3985839,0
20151217,12.17,12.22,11.02,11.69,4719108,0
20151218,11.95,12.19,11.77,11.89,4639295,0
20151221,11.90,12.36,11.44,12.06,6367777,0
20151222,12.00,12.71,11.95,12.48,3966857,0
20151223,12.88,13.56,12.87,13.50,3470600,0
20151224,13.57,13.72,13.36,13.38,1959471,0
20151228,13.14,13.15,12.58,13.09,2763488,0
20151229,13.34,13.55,12.89,13.38,2286762,0
20151230,13.08,13.45,12.89,13.07,2813179,0
20151231,13.02,13.55,13.02,13.40,3435380,0
20160104,13.46,13.91,13.18,13.83,5057744,0
20160105,13.77,13.89,13.20,13.74,3652162,0
20160106,13.12,13.19,12.36,12.50,4612507,0
20160107,12.06,12.74,11.81,11.95,6387787,0
20160108,12.06,12.32,11.66,11.96,5748429,0
20160111,11.95,12.00,11.34,11.55,4735188,0
20160112,11.86,12.09,10.98,11.38,4268818,0
20160113,11.59,11.74,10.74,10.87,5674700,0
20160114,10.97,11.45,10.71,11.19,4431208,0
20160115,10.56,10.81,10.20,10.58,5443104,0
20160119,10.68,10.69,9.26,9.44,5736633,0
20160120,8.60,9.51,8.54,9.29,6652638,0
20160121,9.15,10.13,8.99,10.03,10475553,0
20160122,10.67,11.11,10.51,10.88,5288802,0
20160125,10.41,10.88,9.84,9.85,4879213,0
20160126,10.17,11.10,9.97,11.05,3559978,0
20160127,10.90,11.73,10.69,11.25,4608120,0
20160128,11.99,12.43,11.50,12.05,4248159,0
20160129,12.18,12.86,12.02,12.82,5073916,0
20160201,12.42,12.55,11.92,12.21,4181826,0
20160202,11.74,11.77,11.15,11.43,4756083,0
20160203,11.69,12.04,10.75,12.04,5120766,0
20160204,12.15,12.58,11.72,12.10,4879326,0
20160205,11.81,11.99,10.95,11.62,4842930,0
20160208,11.23,11.65,10.90,11.56,5155610,0
20160209,11.18,11.41,10.30,10.93,4845586,0
20160210,10.70,11.48,10.18,10.61,4046647,0
20160211,10.33,10.79,10.06,10.58,4793365,0
20160212,10.77,11.19,10.40,10.58,4242935,0
20160216,10.73,10.87,9.84,10.12,5006070,0
20160217,10.11,11.14,9.93,11.01,5225544,0
20160218,11.22,11.33,9.97,10.57,5222881,0
20160219,10.30,10.80,9.97,10.52,6221929,0
20160222,11.08,11.43,10.60,11.23,4815538,0
20160223,11.00,11.03,9.96,10.01,5483180,0
20160224,9.67,10.36,9.61,10.33,4471982,0
20160225,10.09,11.07,10.00,10.62,7928910,0
20160226,11.34,11.64,10.64,10.76,7022722,0
20160229,10.15,10.26,9.61,9.76,43777689,0
20160301,9.83,9.88,9.17,9.61,15409936,0
20160302,9.58,10.31,9.42,10.20,15038314,0
20160303,10.13,10.72,10.01,10.57,18294525,0
20160304,10.83,11.16,10.39,10.94,10966748,0
20160307,10.96,11.40,10.22,10.39,11204452,0
20160308,10.24,10.84,9.72,10.40,12879105,0
20160309,10.65,11.90,10.46,11.72,10502480,0
20160310,11.58,11.94,11.30,11.69,8335077,0
20160311,12.06,12.70,12.05,12.60,6604035,0
20160314,12.03,12.91,11.79,12.89,6173424,0
20160315,12.55,12.79,12.21,12.70,5413471,0
20160316,12.97,13.33,12.52,13.21,5480188,0
20160317,13.43,13.72,13.11,13.35,5048117,0
20160318,13.48,13.74,12.94,13.19,8813122,0
20160321,13.16,13.56,13.04,13.43,3309653,0
20160322,13.24,13.61,13.18,13.41,3672721,0
20160323,13.34,13.63,12.96,13.02,3403963,0
20160324,12.60,13.40,12.48,13.39,3696137,0
20160328,13.43,13.43,12.75,13.22,3345403,0
20160329,12.93,13.47,12.77,13.44,4159551,0
20160330,13.78,13.96,13.34,13.68,4562069,0
20160331,13.65,14.27,13.65,14.11,6118984,0
20160401,13.65,13.89,13.33,13.81,3836810,0
20160404,13.81,14.21,13.21,13.28,3528239,0
20160405,13.13,13.73,13.05,13.39,4815765,0
20160406,13.61,13.82,13.18,13.76,3802253,0
20160407,13.67,13.98,13.44,13.67,3016690,0
20160408,14.15,14.43,13.86,14.35,3455921,0
20160411,14.51,14.76,14.34,14.42,2994252,0
20160412,14.64,15.77,14.55,15.23,4227107,0
20160413,15.23,15.23,14.51,14.62,5007827,0
20160414,14.70,14.96,14.51,14.91,2702294,0
20160415,14.69,15.07,14.46,14.56,3148000,0
20160418,13.75,15.09,13.53,14.88,3269407,0
20160419,15.05,15.92,14.98,15.63,3691584,0
20160420,15.48,16.12,15.35,15.55,4783440,0
20160421,15.70,15.70,14.96,15.42,5276095,0
20160422,15.57,16.07,15.39,15.87,3473797,0
20160425,15.73,15.77,15.09,15.33,3484450,0
20160426,15.55,16.22,15.41,16.20,4339580,0
20160427,16.44,17.11,16.21,16.85,7406321,0
20160428,17.31,18.24,17.12,17.13,7548893,0
20160429,17.44,18.49,17.38,17.93,8804221,0
20160502,17.84,18.31,17.62,18.30,7532908,0
20160503,17.88,18.01,17.33,17.45,6156792,0
20160504,17.59,17.90,16.78,17.02,4724276,0
20160505,17.68,17.95,16.85,17.11,4605839,0
20160506,16.95,17.52,16.78,16.92,3778226,0
20160509,16.75,16.92,16.33,16.81,3489158,0
20160510,17.18,17.59,16.96,17.57,2954101,0
20160511,17.47,18.32,17.18,18.08,4811618,0
20160512,18.42,18.70,17.83,17.91,3910016,0
20160513,17.36,18.08,17.33,17.41,2900620,0
20160516,17.87,18.38,17.87,18.12,3201795,0
20160517,18.09,18.71,18.07,18.55,3489332,0
20160518,18.45,18.69,17.35,17.70,4784295,0
20160519,17.42,17.68,17.05,17.27,5503543,0
20160520,17.40,18.35,17.20,18.28,5271938,0
20160523,18.00,18.20,17.55,18.01,4127029,0
20160524,18.19,18.27,17.68,18.00,3864199,0
20160525,18.27,18.85,18.13,18.52,4522052,0
20160526,18.79,19.05,18.46,18.48,4543960,0
20160527,18.31,18.47,18.09,18.46,3024389,0
20160531,18.58,19.06,18.49,18.63,3668689,0
20160601,18.29,19.32,18.12,19.19,3643795,0
20160602,18.84,19.53,18.63,19.52,3845124,0
20160603,19.54,19.69,18.78,19.31,3630552,0
20160606,19.60,20.18,19.32,20.11,4727935,0
20160607,20.28,20.47,19.93,20.29,3709844,0
20160608,20.60,20.96,20.01,20.13,4766213,0
20160609,19.73,20.09,19.63,19.82,3353848,0
20160610,19.44,19.68,18.74,18.80,3488397,0
20160613,18.58,19.26,18.43,18.74,3150971,0
20160614,18.69,19.05,18.50,18.98,3914436,0
20160615,18.96,19.36,18.74,19.04,4252418,0
20160616,18.67,18.67,17.80,18.31,4227544,0
20160617,18.66,18.94,18.46,18.80,5671492,0
20160620,19.36,19.50,18.95,18.97,3367921,0
20160621,19.02,19.34,18.67,19.32,3181629,0
20160622,18.23,18.51,17.95,18.19,34334456,0
20160623,18.36,18.72,18.36,18.69,9025392,0
20160624,17.65,18.06,17.09,17.32,8290486,0
20160627,17.16,17.33,16.74,16.90,7874130,0
20160628,17.60,17.78,17.42,17.72,4242687,0
20160629,18.00,18.30,17.62,18.23,6754972,0
20160630,18.21,18.22,17.42,17.63,5213411,0
20160701,17.77,18.49,17.75,18.29,4133359,0
20160705,17.81,17.81,16.85,17.25,3669321,0
20160706,17.10,17.67,16.92,17.56,8057170,0
20160707,17.85,18.59,17.22,17.27,6968642,0
20160708,17.65,17.89,17.32,17.65,4928001,0
20160711,17.82,18.02,17.62,17.62,2925893,0
20160712,18.10,18.54,18.07,18.25,7138679,0
20160713,18.24,18.26,17.01,17.58,7546353,0
20160714,17.92,18.05,17.64,17.82,6340397,0
20160715,17.96,18.39,17.77,17.92,4226390,0
20160718,17.89,17.98,17.47,17.96,2847332,0
20160719,17.98,18.06,17.61,17.78,2064521,0
20160720,17.51,18.01,17.24,17.91,3110473,0
20160721,17.81,18.18,17.22,17.29,4108573,0
20160722,17.39,17.47,16.93,17.19,4017791,0
20160725,17.04,17.11,16.65,16.77,4702242,0
20160726,16.69,17.27,16.55,16.99,4225884,0
20160727,17.07,17.46,16.47,16.75,6059719,0
20160728,16.75,17.68,16.63,17.42,6887574,0
20160729,17.27,18.23,17.09,18.20,7931821,0
20160801,17.98,17.98,17.08,17.22,5126137,0
20160802,17.53,17.78,16.93,17.78,6340195,0
20160803,18.15,18.32,17.61,18.29,4533265,0
20160804,18.18,18.75,17.98,18.48,4547324,0
20160805,18.57,18.95,18.32,18.75,4259115,0
20160808,18.96,19.55,18.95,19.14,3221014,0
20160809,19.26,19.30,18.83,19.05,3958572,0
20160810,19.20,19.38,18.72,18.75,2869693,0
20160811,18.99,19.42,18.92,19.19,3806906,0
20160812,19.30,19.49,18.97,19.15,2462197,0
20160815,19.35,20.16,19.28,19.90,3441344,0
20160816,19.79,20.20,19.50,20.04,4849549,0
20160817,19.92,20.09,19.51,19.82,4595145,0
20160818,19.86,20.45,19.86,20.40,3786901,0
20160819,20.21,20.48,20.11,20.41,3064633,0
20160822,20.05,20.47,19.78,20.24,2627031,0
20160823,20.15,20.51,20.04,20.35,2287258,0
20160824,20.14,20.36,19.78,19.83,3596207,0
20160825,19.80,20.11,19.51,19.71,2847931,0
20160826,19.79,20.01,19.38,19.59,4587386,0
20160829,19.50,19.74,19.36,19.44,4083118,0
20160830,19.67,20.16,19.33,19.45,4111878,0
20160831,19.32,19.53,18.84,19.10,4682907,0
20160901,18.96,19.39,18.87,19.07,4264291,0
20160902,19.34,19.60,19.18,19.22,3352236,0
20160906,19.39,19.55,19.10,19.35,2322874,0
20160907,19.51,19.59,19.08,19.32,3524965,0
20160908,19.54,19.70,19.04,19.18,5573348,0
20160909,18.95,18.98,18.13,18.14,3913521,0
20160912,17.93,18.28,17.76,18.18,4482486,0
20160913,17.84,18.06,17.34,17.38,5778860,0
20160914,17.21,17.76,16.87,17.02,4389128,0
20160915,17.19,17.43,16.78,16.88,4817902,0
20160916,16.59,17.12,16.46,17.06,6546475,0
20160919,17.22,17.33,16.96,17.09,3774919,0
20160920,17.05,17.25,16.68,17.07,3789588,0
20160921,17.37,18.13,17.29,18.07,5229995,0
20160922,18.43,18.81,18.32,18.71,5629062,0
20160923,18.58,18.84,18.13,18.30,5892283,0
20160926,18.42,18.62,18.16,18.31,4660112,0
20160927,17.99,17.99,17.57,17.76,3336282,0
20160928,17.83,18.79,17.43,18.75,5986430,0
20160929,18.82,19.47,18.77,19.33,5169908,0
20160930,19.47,19.68,19.24,19.53,4372461,0
20161003,19.65,19.74,18.79,19.00,4047211,0
20161004,19.10,19.16,18.32,18.37,4207492,0
20161005,18.84,19.13,18.53,18.98,5951252,0
20161006,19.11,19.24,18.38,18.77,4430870,0
20161007,18.70,18.74,18.29,18.32,3044181,0
20161010,18.66,18.90,18.50,18.53,2376938,0
20161011,18.42,18.59,18.22,18.38,3285030,0
20161012,18.28,18.37,17.95,18.07,4078919,0
20161013,17.92,18.30,17.77,18.06,3529067,0
20161014,18.14,18.25,17.75,17.85,2673643,0
20161017,17.82,17.91,17.33,17.47,2817942,0
20161018,17.84,17.95,17.19,17.30,4074851,0
20161019,17.43,17.83,17.21,17.54,4379049,0
20161020,17.30,17.76,16.81,17.68,3204826,0
20161021,17.52,17.88,17.39,17.81,4807491,0
20161024,17.94,17.94,17.21,17.62,5351179,0
20161025,17.50,17.73,17.04,17.08,3452092,0
20161026,16.84,17.45,16.72,17.32,6342319,0
20161027,17.57,17.69,17.16,17.39,6504411,0
20161028,17.35,17.65,16.41,16.43,4678679,0
20161031,16.36,16.43,15.97,16.07,5597336,0
20161101,16.29,16.49,16.00,16.16,7180693,0
20161102,15.86,16.19,15.53,16.11,5561388,0
20161103,16.27,17.01,16.05,16.41,5747423,0
20161104,16.31,16.56,16.07,16.09,3171825,0
20161107,16.60,16.67,16.08,16.31,4260387,0
20161108,16.10,16.40,15.80,16.02,4184257,0
20161109,16.11,16.93,16.03,16.92,4569978,0
20161110,16.84,17.31,16.74,17.16,4609259,0
20161111,16.89,17.12,16.59,17.11,3629542,0
20161114,17.11,17.21,16.71,17.19,3072697,0
20161115,17.43,18.25,17.43,18.18,2685482,0
20161116,18.10,18.29,17.66,17.79,2178902,0
20161117,18.13,18.32,17.32,17.40,3966638,0
20161118,17.57,17.73,16.97,17.02,5343728,0
20161121,17.45,18.14,17.45,18.09,5313978,0
20161122,18.15,18.42,17.87,18.34,3631948,0
20161123,18.09,18.59,18.04,18.55,1878619,0
20161125,18.29,18.43,18.00,18.21,859058,0
20161128,18.43,18.44,17.28,17.32,2197597,0
20161129,16.49,17.22,16.06,16.95,3003742,0
20161130,18.32,19.73,18.32,19.66,5816407,0
20161201,20.23,20.33,19.52,19.58,4739446,0
20161202,19.44,19.95,19.15,19.85,3883828,0
20161205,20.22,20.78,20.10,20.20,3862160,0
20161206,19.90,20.56,19.76,20.37,3503957,0
20161207,20.31,20.37,19.91,20.17,2846971,0
20161208,20.33,20.65,20.12,20.45,3176824,0
20161209,20.61,20.70,19.87,19.99,2819681,0
20161212,21.07,21.12,19.71,19.78,4275550,0
20161213,20.41,20.41,19.18,19.77,2786872,0
20161214,19.37,19.62,18.88,18.90,2525406,0
20161215,18.78,19.01,18.46,18.92,3606212,0
20161216,18.93,19.00,18.51,18.81,4892082,0
20161219,18.77,18.92,18.58,18.67,3164300,0
20161220,18.78,19.25,18.69,18.90,3599003,0
20161221,19.09,19.27,18.95,19.01,1758269,0
20161222,19.12,19.26,18.92,19.15,1760139,0
20161223,19.13,19.30,18.89,18.97,1521096,0
20161227,19.10,19.16,18.93,19.12,1256356,0
20161228,19.22,19.31,18.82,18.96,1436390,0
20161229,18.86,18.89,18.61,18.71,1329118,0
20161230,18.63,18.87,18.35,18.41,1925492,0
20170103,18.90,19.52,18.73,19.23,3387042,0
20170104,19.19,19.36,18.94,19.19,2044896,0
20170105,19.28,19.44,18.42,18.44,4194395,0
20170106,18.49,18.62,18.16,18.37,3777580,0
20170109,18.18,18.49,18.01,18.02,3300080,0
20170110,18.07,18.31,17.80,17.86,4722096,0
20170111,17.88,18.12,17.57,18.10,3978068,0
20170112,18.31,18.78,18.31,18.46,4143570,0
20170113,18.35,18.44,18.07,18.09,1878765,0
20170117,18.31,18.92,18.20,18.33,3603164,0
20170118,17.76,18.28,17.76,18.10,1479610,0
20170119,18.10,18.21,17.75,17.85,2078072,0
20170120,18.00,18.40,17.87,17.96,2604154,0
20170123,17.77,17.95,17.52,17.86,2420896,0
20170124,18.03,18.41,17.86,18.23,2265939,0
20170125,18.19,18.63,18.16,18.53,1916766,0
20170126,18.78,18.91,18.54,18.59,2129339,0
20170127,18.27,18.52,18.07,18.16,1327629,0
20170130,17.94,17.96,17.15,17.44,3014794,0
20170131,17.51,17.73,17.19,17.44,3062019,0
20170201,17.94,17.94,16.79,17.22,4153506,0
20170202,17.27,17.54,16.87,17.35,2361280,0
20170203,17.40,17.74,17.26,17.52,2330238,0
20170206,17.53,17.60,16.89,17.08,2547748,0
20170207,16.85,16.95,16.15,16.45,4336611,0
20170208,16.32,16.78,15.78,16.77,4041268,0
20170209,16.99,17.14,16.69,16.93,2965427,0
20170210,17.35,17.58,16.97,17.21,3840668,0
20170213,17.04,17.34,16.87,16.98,1752562,0
20170214,17.10,17.22,16.86,17.18,1661848,0
20170215,17.13,17.25,16.99,17.10,1894255,0
20170216,17.18,17.30,16.85,17.04,2723974,0
20170217,16.89,17.14,16.74,16.87,2886643,0
20170221,17.20,17.44,17.06,17.28,2703852,0
20170222,17.06,17.25,16.73,16.95,4863813,0
20170223,16.77,16.86,14.34,14.66,16382967,0
20170224,14.48,14.88,13.96,14.05,7550406,0
20170227,14.09,14.35,13.93,13.95,5880431,0
20170228,13.82,13.99,13.59,13.76,4440483,0
20170301,13.91,14.52,13.82,14.27,6059983,0
20170302,14.06,14.27,14.00,14.04,3162312,0
20170303,14.07,14.31,13.96,14.05,3391898,0
20170306,13.99,14.01,13.69,13.86,3606393,0
20170307,13.96,14.05,13.62,13.73,4088280,0
20170308,13.64,13.67,12.98,13.03,5011124,0
20170309,12.92,13.03,12.50,12.92,5116326,0
20170310,13.02,13.11,12.54,12.91,3924566,0
20170313,12.87,13.06,12.79,12.92,3793342,0
20170314,12.64,12.74,12.37,12.73,4829360,0
20170315,12.91,13.53,12.79,13.51,4642470,0
20170316,13.54,13.67,13.31,13.40,3965687,0
20170317,13.53,13.59,13.15,13.16,5556827,0
20170320,13.00,13.09,12.87,13.04,2745280,0
20170321,12.97,13.00,12.51,12.54,4347432,0
20170322,12.41,12.52,12.13,12.18,5277628,0
20170323,12.07,12.11,11.84,11.98,5239858,0
20170324,12.01,12.21,11.95,12.12,3885384,0
20170327,11.80,12.22,11.69,12.16,5025205,0
20170328,12.25,12.85,12.24,12.81,5306704,0
20170329,12.74,13.13,12.73,12.92,4564735,0
20170330,13.03,13.10,12.23,12.33,7564863,0
20170331,12.30,12.83,12.27,12.71,6421491,0
20170403,12.69,12.98,12.52,12.85,5243922,0
20170404,12.90,13.11,12.80,12.88,5725516,0
20170405,13.04,13.15,12.22,12.23,8683687,0
20170406,12.35,12.52,12.13,12.28,6431591,0
20170407,12.29,12.39,12.15,12.20,3813835,0
20170410,12.30,12.53,12.28,12.37,4121324,0
20170411,12.36,12.38,12.12,12.17,4474769,0
20170412,12.15,12.28,11.73,11.77,7096261,0
20170413,11.90,12.05,11.45,11.48,7071536,0
20170417,11.49,11.57,11.21,11.47,4838121,0
20170418,11.37,11.49,11.11,11.21,4543900,0
20170419,11.21,11.42,10.92,10.97,5798026,0
20170420,11.04,11.23,10.97,10.99,4217466,0
20170421,10.96,11.18,10.92,11.05,4291194,0
20170424,11.18,11.37,10.97,11.25,5564246,0
20170425,11.28,11.81,11.16,11.79,6147944,0
20170426,11.67,11.96,11.64,11.86,7517365,0
20170427,12.26,12.90,11.32,11.63,11606659,0
20170428,11.74,11.95,11.51,11.81,5497444,0
20170501,11.75,11.83,11.58,11.68,3979317,0
20170502,11.68,11.76,11.12,11.37,5389744,0
20170503,11.30,11.43,11.11,11.22,4048907,0
20170504,11.08,11.16,10.64,10.81,5684064,0
20170505,10.87,11.49,10.83,11.47,4265975,0
20170508,11.36,11.70,11.36,11.63,3512605,0
20170509,11.63,11.70,11.44,11.51,2703208,0
20170510,11.66,11.92,11.57,11.81,3881029,0
20170511,11.84,11.96,11.57,11.59,3719549,0
20170512,11.54,11.72,11.24,11.31,3239396,0
20170515,11.69,11.77,11.43,11.48,3397514,0
20170516,11.55,11.69,11.32,11.48,3321964,0
20170517,11.37,11.48,11.11,11.17,3755539,0
20170518,11.06,11.27,10.98,11.09,2932042,0
20170519,11.22,11.34,11.16,11.30,3714231,0
20170522,11.46,11.49,11.09,11.13,2707906,0
20170523,11.14,11.22,11.02,11.10,2941027,0
20170524,11.06,11.23,10.91,11.01,3658693,0
20170525,10.93,11.28,10.31,10.45,4075790,0
20170526,10.41,10.67,10.35,10.53,3627737,0
20170530,10.38,10.44,10.00,10.01,4219131,0
20170531,9.88,10.01,9.61,10.00,4868381,0
20170601,10.04,10.47,9.98,10.20,4768216,0
20170602,10.09,10.09,9.61,9.73,3975073,0
20170605,9.67,10.01,9.61,9.75,3441541,0
20170606,9.71,10.24,9.62,10.19,2999125,0
20170607,10.05,10.20,9.66,9.68,3999629,0
20170608,9.56,9.71,9.20,9.30,4782423,0
20170609,9.34,9.98,9.24,9.85,5475070,0
20170612,9.96,10.38,9.96,10.16,4474121,0
20170613,10.16,10.58,10.09,10.57,4802695,0
20170614,10.47,10.53,9.73,9.79,4763131,0
20170615,9.67,9.84,8.96,9.09,5500058,0
20170616,9.15,9.24,8.78,9.06,10166616,0
20170619,9.05,9.44,9.02,9.30,5250054,0
20170620,9.03,9.31,8.85,9.25,3586413,0
20170621,9.21,9.62,8.90,9.23,6351129,0
20170622,9.30,9.44,9.09,9.11,5250949,0
20170623,9.22,9.68,9.13,9.67,5047207,0
20170626,9.70,9.98,9.59,9.80,3756175,0
20170627,9.86,10.02,9.75,9.76,4875329,0
20170628,9.77,10.10,9.66,9.88,4015740,0
20170629,9.95,10.17,9.77,9.93,4100883,0
20170630,10.08,10.31,9.91,10.10,4686486,0
20170703,10.18,10.43,10.16,10.37,1694313,0
20170705,10.25,10.30,9.67,9.68,4904686,0
20170706,9.79,9.88,9.12,9.18,9363510,0
20170707,9.10,9.13,8.58,8.99,6592771,0
20170710,8.94,9.31,8.88,9.12,4000669,0
20170711,9.16,9.33,8.86,8.94,8517811,0
20170712,9.10,9.33,8.95,9.23,17498427,0
20170713,9.27,9.37,9.16,9.18,4877344,0
20170714,9.20,9.46,9.20,9.42,3769828,0
20170717,9.36,9.49,9.23,9.37,3981571,0
20170718,9.40,9.40,8.82,9.02,8691820,0
20170719,9.00,9.77,8.98,9.72,7367396,0
20170720,9.81,9.86,9.46,9.49,4403611,0
20170721,9.48,9.53,9.16,9.22,2968201,0
20170724,9.29,9.48,9.11,9.27,3884450,0
20170725,9.55,9.58,9.07,9.20,8560449,0
20170726,9.35,9.61,8.97,9.27,10043657,0
20170727,8.43,8.53,7.62,7.93,23277375,0
20170728,7.85,8.54,7.81,8.34,12179131,0
20170731,8.33,8.72,8.21,8.57,8565341,0
20170801,8.66,8.78,8.36,8.39,6153192,0
20170802,8.34,8.38,7.94,8.19,5703130,0
20170803,8.17,8.21,7.51,7.53,7708694,0
20170804,7.55,8.00,7.54,7.93,7557653,0
20170807,7.85,7.91,7.46,7.49,5843479,0
20170808,7.40,7.66,7.30,7.45,5851223,0
20170809,7.50,7.59,7.35,7.49,5649016,0
20170810,7.55,7.72,7.21,7.24,5759946,0
20170811,7.20,7.42,7.14,7.30,2961322,0
20170814,7.33,7.47,7.19,7.19,3549515,0
20170815,7.14,7.31,7.12,7.29,4416220,0
20170816,7.33,7.43,7.02,7.09,5732200,0
20170817,7.06,7.37,7.04,7.12,4609518,0
20170818,7.19,7.47,7.07,7.44,4572433,0
20170821,7.38,7.41,7.18,7.20,3625634,0
20170822,7.25,7.42,7.25,7.32,2362311,0
20170823,7.29,7.63,7.23,7.51,2396991,0
20170824,7.42,7.53,7.28,7.50,3123557,0
20170825,7.53,7.56,7.38,7.49,2437443,0
20170828,7.54,7.61,7.09,7.38,5229740,0
20170829,7.27,7.40,7.18,7.34,3217308,0
20170830,7.30,7.40,7.19,7.26,4368275,0
20170831,7.34,7.66,7.28,7.55,5059717,0
20170901,7.58,7.67,7.42,7.52,3582950,0
20170905,7.63,7.79,7.41,7.53,3944651,0
20170906,7.65,7.84,7.53,7.61,6342184,0
20170907,7.55,7.81,7.46,7.72,4457274,0
20170908,7.67,7.67,7.08,7.21,5494398,0
20170911,7.24,7.43,7.18,7.21,3297784,0
20170912,7.25,7.85,7.25,7.64,4448035,0
20170913,7.67,8.14,7.67,7.98,5762133,0
20170914,8.10,8.25,7.88,7.99,4929588,0
20170915,7.93,8.02,7.87,7.96,7784052,0
20170918,7.88,8.01,7.78,7.99,5395752,0
20170919,8.00,8.11,7.94,7.98,5452991,0
20170920,8.06,8.53,8.03,8.38,6576498,0
20170921,8.38,8.38,8.13,8.35,3499745,0
20170922,8.30,8.48,8.23,8.37,3186669,0
20170925,8.45,9.02,8.40,8.88,7342874,0
20170926,8.15,8.31,7.87,8.07,21443263,0
20170927,8.10,8.59,8.06,8.49,10775088,0
20170928,8.61,8.70,8.46,8.57,6891327,0
20170929,8.53,8.67,8.42,8.57,4227998,0
20171002,8.41,8.59,8.25,8.55,4604272,0
20171003,8.56,8.70,8.49,8.55,3705879,0
20171004,8.57,8.76,8.40,8.50,5761720,0
20171005,8.59,9.21,8.53,9.14,7344256,0
20171006,8.84,8.94,8.51,8.63,7634237,0
20171009,8.63,9.07,8.63,9.02,4683041,0
20171010,9.18,9.27,8.94,8.96,4363079,0
20171011,8.95,9.09,8.89,9.03,3777970,0
20171012,8.87,9.00,8.72,8.82,4987043,0
20171013,9.03,9.07,8.89,8.91,2739888,0
20171016,9.00,9.19,8.80,8.85,3238406,0
20171017,8.81,8.89,8.51,8.62,4911743,0
20171018,8.61,8.77,8.39,8.40,4682966,0
20171019,8.30,8.41,8.09,8.40,4983489,0
20171020,8.42,8.49,8.24,8.31,3473368,0
20171023,8.36,8.44,7.78,7.79,5084296,0
20171024,7.85,7.95,7.59,7.62,6250130,0
20171025,7.58,7.68,7.30,7.66,6272492,0
20171026,7.50,8.13,7.35,8.07,9818138,0
20171027,8.03,8.66,7.91,8.61,6013000,0
20171030,8.66,8.98,8.61,8.70,5207656,0
20171031,8.69,9.02,8.62,8.95,4927082,0
20171101,9.05,9.61,9.05,9.56,5904205,0
20171102,9.51,9.83,9.26,9.49,6959088,0
20171103,9.50,9.85,9.43,9.72,5486755,0
20171106,9.82,10.35,9.80,10.34,5279021,0
20171107,10.12,10.30,9.65,10.00,7849042,0
20171108,9.91,10.03,9.57,9.75,5640836,0
20171109,9.67,10.12,9.65,9.84,4995968,0
20171110,9.89,9.94,9.31,9.71,5521908,0
20171113,9.69,9.69,9.03,9.05,5117592,0
20171114,8.98,9.06,8.74,8.75,8028020,0
20171115,8.62,8.80,8.48,8.65,4507444,0
20171116,8.67,8.81,8.48,8.54,3517575,0
20171117,8.66,8.90,8.61,8.80,4324714,0
20171120,8.61,8.75,8.53,8.67,3056075,0
20171121,8.89,9.19,8.81,8.97,3697159,0
20171122,9.15,9.49,9.10,9.38,3681019,0
20171124,9.49,9.61,9.30,9.43,1642414,0
20171127,9.30,9.34,9.02,9.07,4833610,0
20171128,9.00,9.12,8.85,9.10,2451201,0
20171129,8.99,9.33,8.99,9.27,3259334,0
20171130,9.44,9.87,9.44,9.66,6133217,0
20171201,9.91,10.62,9.89,10.34,7695461,0
20171204,10.34,10.53,10.07,10.11,7571727,0
20171205,10.05,10.24,9.52,9.56,4622682,0
20171206,9.46,9.46,9.08,9.12,5238984,0
20171207,9.12,9.30,9.07,9.19,3190472,0
20171208,9.38,9.56,9.26,9.30,3608160,0
20171211,9.34,9.65,9.34,9.46,3055946,0
20171212,9.46,9.47,8.90,9.08,5903186,0
20171213,9.10,9.23,8.84,8.86,3956728,0
20171214,8.81,8.87,8.60,8.64,4231381,0
20171215,8.68,8.78,8.40,8.46,6267641,0
20171218,8.54,8.84,8.24,8.65,3627988,0
20171219,8.57,9.00,8.57,8.83,4297780,0
20171220,9.00,9.06,8.79,9.00,3640056,0
20171221,8.97,9.73,8.97,9.61,5519630,0
20171222,9.55,9.81,9.42,9.60,2975825,0
20171226,9.65,9.93,9.62,9.85,1941064,0
20171227,9.81,9.82,9.67,9.78,2563539,0
20171228,9.81,9.97,9.75,9.83,2113343,0
20171229,9.87,9.97,9.56,9.57,2513634,0
20180102,9.71,10.07,9.60,10.06,3189238,0
20180103,10.13,10.49,10.10,10.38,7241542,0
20180104,10.41,10.50,10.23,10.48,3776593,0
20180105,10.36,10.56,10.29,10.47,4613338,0
20180108,10.49,10.77,10.40,10.71,5715315,0
20180109,10.74,10.88,10.48,10.62,7742866,0
20180110,10.57,10.85,10.55,10.57,7099980,0
20180111,10.75,11.21,10.60,10.98,6730579,0
20180112,10.99,11.18,10.86,11.09,4801341,0
20180116,11.16,11.17,10.81,10.88,6510123,0
20180117,10.94,11.15,10.81,10.97,3429164,0
20180118,10.94,11.08,10.73,10.81,2744288,0
20180119,10.72,10.91,10.62,10.87,3007376,0
20180122,10.91,11.06,10.85,11.05,3426422,0
20180123,11.09,11.15,10.56,10.88,5256861,0
20180124,10.90,10.98,10.52,10.67,4721856,0
20180125,10.78,10.82,10.37,10.47,5072510,0
20180126,10.53,10.60,10.23,10.27,3469679,0
20180129,10.14,10.40,10.03,10.09,4909589,0
20180130,9.90,9.97,9.23,9.29,12509201,0
20180131,9.32,9.48,9.18,9.36,6657295,0
20180201,9.39,9.69,9.30,9.52,7474457,0
20180202,9.27,9.32,8.86,8.91,11072333,0
20180205,8.73,8.97,8.44,8.53,7213262,0
20180206,8.32,8.68,8.18,8.43,6229492,0
20180207,8.44,8.52,7.77,7.87,9675967,0
20180208,7.91,8.01,7.60,7.66,8635209,0
