DATE, OPEN, HIGH, LOW, CLOSE, VOL, p
20111208,26.0600,27.7800,25.7590,26.5500,414197,0
20111209,27.9300,28.0000,26.7000,27.9100,693212,0
20111212,28.2800,28.2800,27.0000,27.4500,393101,0
20111213,28.5300,28.5300,27.0100,27.5000,441793,0
20111214,28.1900,28.1900,26.8500,27.1200,413200,0
20111215,27.8700,29.1000,27.6000,28.3300,1137857,0
20111216,29.9200,29.9200,28.0000,28.4600,948626,0
20111219,28.6900,29.4600,28.4080,28.9700,1047511,0
20111220,29.5000,30.6200,29.4700,30.2500,1885355,0
20111221,30.2500,30.2500,30.2500,30.2500,0,0
20111222,27.1200,27.6000,23.9900,24.5300,4852854,0
20111223,24.7100,27.1400,24.5000,26.0200,2571113,0
20111227,25.3600,26.1000,24.6300,25.9400,2873197,0
20111228,25.2500,25.9800,24.9400,25.7700,1930049,0
20111229,25.5400,25.6600,24.7900,24.8200,2229056,0
20111230,24.9700,25.5500,24.6400,25.2100,1765050,0
20120103,26.1500,27.3500,26.1050,26.6300,3693394,0
20120104,25.8200,26.0900,25.4100,25.6800,1657099,0
20120105,24.5700,25.8200,24.5700,25.5200,1399364,0
20120106,25.5200,26.0200,25.1700,25.5700,1462261,0
20120109,25.7400,26.7700,25.6500,26.2500,1965044,0
20120110,26.7300,28.2400,26.5900,27.7500,3789368,0
20120111,26.6900,28.2200,26.5600,27.7900,1773698,0
20120112,28.5200,29.1700,28.4000,28.4600,2003991,0
20120113,28.2200,29.7700,27.9300,29.5100,1975500,0
20120117,29.5800,29.8000,28.9100,28.9900,3139112,0
20120118,28.6900,29.4300,28.5200,29.0300,1196733,0
20120119,29.1000,30.8850,29.0200,30.3300,2710165,0
20120120,30.4200,30.4900,29.8200,30.4000,1297285,0
20120123,30.5400,30.7900,30.2300,30.3800,2370992,0
20120124,30.1400,30.7500,29.9700,30.6900,1244197,0
20120125,30.5500,32.3300,30.5500,31.4900,2343608,0
20120126,31.4800,31.9400,30.4600,31.0500,1872643,0
20120127,30.3900,31.4600,30.3500,31.2400,1224492,0
20120130,30.9600,31.8400,30.6400,31.6400,890012,0
20120131,30.8400,33.0400,30.8400,32.9100,1224648,0
20120201,33.1100,35.1700,33.0800,35.0600,3602504,0
20120202,35.2800,35.6000,33.8300,34.8800,2437302,0
20120203,35.0700,35.9300,35.0700,35.3800,2904580,0
20120206,35.3500,35.7500,35.0600,35.1500,1900247,0
20120207,35.2800,35.4800,34.8200,34.8400,2010804,0
20120208,34.7800,34.9700,33.0200,34.3400,2938589,0
20120209,28.2800,29.8500,27.9900,29.3400,12218650,0
20120210,29.0200,30.8900,28.6500,30.0400,3611037,0
20120213,30.0700,30.1300,28.5000,28.5900,2194207,0
20120214,28.7000,28.7880,26.9290,27.6300,4051928,0
20120215,27.8000,30.1000,27.5200,29.2800,4907783,0
20120216,29.2700,30.6500,28.7300,30.4000,2545534,0
20120217,30.5000,30.9400,29.9500,30.7000,1908088,0
20120221,30.6100,30.7400,30.1200,30.6700,2215863,0
20120222,30.9500,30.9500,29.8500,30.0000,3238094,0
20120223,30.0600,30.6900,29.5600,30.5900,2028415,0
20120224,30.1900,32.0000,30.1900,31.8000,1903875,0
20120227,31.3800,32.0800,31.1400,31.9100,1332992,0
20120228,32.0900,33.4900,32.0000,32.3100,2407989,0
20120229,32.3200,32.4300,31.6700,32.2300,1207933,0
20120301,31.8900,32.8800,31.0900,32.6200,2635571,0
20120302,32.3700,33.0900,32.0400,32.4500,1635335,0
20120305,32.2900,32.4099,31.8100,31.9700,647896,0
20120306,31.5000,31.8000,30.8000,31.4100,1032364,0
20120307,31.5000,31.6600,30.9100,31.0700,1477932,0
20120308,31.2000,31.7900,31.1400,31.2600,1150152,0
20120309,31.3000,31.3499,30.5600,30.7000,701582,0
20120312,30.7300,31.0600,30.5000,30.6900,1489874,0
20120313,30.9200,30.9900,30.2500,30.4800,2115345,0
20120314,30.4000,31.0000,30.2300,30.9900,1225848,0
20120315,31.1400,32.5400,30.9250,32.4700,2287436,0
20120316,32.5100,34.9200,31.9900,34.0000,4046053,0
20120319,33.8000,34.1500,33.8000,34.0000,848575,0
20120320,33.4600,34.2900,33.4600,34.0900,1060464,0
20120321,34.1700,34.4000,33.3500,33.7700,1310820,0
20120322,33.5100,33.7600,33.0200,33.2500,1002258,0
20120323,33.0100,33.3600,32.8108,33.2700,524116,0
20120326,33.3100,34.5000,32.8600,34.2950,2178588,0
20120327,34.3000,36.0500,33.9000,35.2800,2866813,0
20120328,35.1500,35.7300,34.0800,34.5700,1223385,0
20120329,34.2500,35.1775,33.9200,35.1600,1435109,0
20120330,35.2800,36.8600,35.2700,35.6700,3035939,0
20120402,35.6200,37.7800,35.0400,37.3700,3361064,0
20120403,37.4200,37.5900,36.5400,36.5900,1829317,0
20120404,36.4100,36.8000,35.8000,36.2500,1633165,0
20120405,36.0400,36.9325,35.8500,36.2300,2233921,0
20120409,35.5600,35.8300,35.1600,35.5000,1096667,0
20120410,35.4500,35.5600,34.4700,34.5800,1135426,0
20120411,35.0100,35.4125,34.7400,34.7850,1010237,0
20120412,34.8400,35.4700,34.7500,35.1000,1154059,0
20120413,35.0600,35.3599,34.3900,34.5000,554852,0
20120416,34.6300,34.8400,33.7400,33.8300,906976,0
20120417,34.1600,35.1800,33.9800,35.0000,1911104,0
20120418,34.7800,35.6000,34.7500,35.4400,923596,0
20120419,35.3300,36.4300,35.1600,35.2200,1048496,0
20120420,35.3500,35.6600,34.9400,35.0200,1225963,0
20120423,34.7200,34.7500,33.7500,33.9400,3264874,0
20120424,33.7900,34.2000,33.2300,33.3800,909421,0
20120425,33.7300,34.1000,33.5300,33.6900,1175868,0
20120426,33.7400,34.5100,33.2700,34.3800,1913668,0
20120427,36.2400,37.8500,35.8800,36.8700,5855074,0
20120430,36.4600,37.5400,36.4000,37.5100,2449034,0
20120501,36.3800,37.8900,36.0700,36.5300,4084814,0
20120502,43.2500,44.4600,42.0800,42.6300,7456543,0
20120503,42.6300,43.5000,40.2400,40.9000,3501229,0
20120504,39.9900,40.6900,39.7500,40.2000,3483116,0
20120507,39.8000,40.9800,39.8000,40.9700,3020606,0
20120508,40.6900,41.3000,39.4000,41.2000,2284972,0
20120509,40.5400,41.0800,40.1000,40.6800,1053311,0
20120510,41.1900,41.7000,40.4500,40.7900,1533975,0
20120511,40.5700,42.0500,40.5000,41.7300,1490669,0
20120514,41.4000,42.5700,41.0100,41.6400,1305265,0
20120515,41.8100,43.0900,41.4700,42.6500,2557345,0
20120516,42.9300,43.8400,42.7200,43.6400,3079538,0
20120517,43.6900,43.7300,40.7300,41.0300,2480564,0
20120518,41.5700,41.5900,39.8100,40.6600,3219893,0
20120521,40.8700,42.6300,40.3300,42.1700,2172208,0
20120522,42.3300,44.2240,41.9900,42.6300,2267425,0
20120523,42.2100,45.8200,41.9100,45.1500,3126823,0
20120524,45.0400,45.3200,44.2500,44.4000,1631092,0
20120525,44.5300,45.2300,44.5150,45.0000,2129819,0
20120529,45.8000,45.8000,44.3900,45.2600,1555174,0
20120530,44.8800,44.8800,42.7100,43.1600,2058295,0
20120531,43.4800,43.8499,42.1400,42.8800,2473958,0
20120601,41.6100,41.8000,39.9200,41.0200,2339923,0
20120604,41.1600,41.6200,40.1200,41.4900,1508226,0
20120605,41.2100,42.2100,40.4400,41.0900,1300574,0
20120606,40.8600,43.8100,40.8600,42.9900,2160068,0
20120607,44.0000,44.0000,41.5900,41.6700,1853693,0
20120608,42.0100,43.1500,41.5600,43.0200,1971246,0
20120611,44.4600,44.8600,42.5300,42.9400,2259816,0
20120612,43.0400,45.0700,42.8000,45.0180,2106014,0
20120613,44.4900,45.3100,43.3100,43.4300,1330716,0
20120614,43.6300,44.5670,42.7000,44.0500,940084,0
20120615,44.1800,44.4500,43.5000,44.3800,1788622,0
20120618,44.1400,45.4100,43.7700,44.9100,1442909,0
20120619,45.0000,45.1200,43.6300,44.2400,1829747,0
20120620,44.1000,44.1000,42.7400,43.2900,1355011,0
20120621,43.5300,43.8483,42.3500,43.0100,969946,0
20120622,43.4600,46.0900,43.3700,45.5300,2789853,0
20120625,44.7600,45.3900,43.9800,44.0700,1131968,0
20120626,44.0500,44.8790,43.9500,44.0100,877822,0
20120627,44.3600,45.3500,43.8800,44.4200,993218,0
20120628,43.9700,44.2600,42.1800,43.5800,1202178,0
20120629,44.7400,46.3000,44.1300,44.6900,1899610,0
20120702,44.7300,47.0000,44.7200,46.0000,1809704,0
20120703,46.0200,46.1700,44.7000,46.0500,560705,0
20120705,46.0900,47.4400,45.7100,46.2700,1501641,0
20120706,45.8400,46.5400,45.3550,46.3600,880176,0
20120709,46.2700,46.6900,44.9500,45.4400,925602,0
20120710,45.7000,45.8100,43.7600,44.7600,1229700,0
20120711,44.9600,45.4700,43.9800,44.2800,920730,0
20120712,43.7900,44.5400,43.2600,43.8800,1540926,0
20120713,44.0100,46.9500,43.4900,45.8500,2270112,0
20120716,45.9100,46.2446,44.4400,46.1500,1002754,0
20120717,47.0000,47.0300,45.3700,45.5200,1759113,0
20120718,45.2800,46.0700,45.2800,45.4200,805675,0
20120719,45.4200,47.8100,44.7500,45.1000,2607963,0
20120720,45.3300,46.4000,44.8100,44.9000,2200809,0
20120723,44.1500,46.0100,43.0600,45.6100,2360657,0
20120724,46.2500,46.3800,43.1400,43.4700,4115661,0
20120725,36.1300,37.4500,35.0050,36.1800,9045916,0
20120726,36.7650,37.0100,34.0300,35.0400,6632217,0
20120727,35.5700,36.6300,35.1200,35.4100,3019689,0
20120730,35.5200,36.1800,35.2520,36.0100,2581034,0
20120731,36.1700,37.6000,35.9900,37.4100,3138791,0
20120801,37.4700,37.8200,36.3050,36.5700,2690417,0
20120802,36.2000,37.5000,35.5800,36.2100,1660050,0
20120803,36.5700,37.0300,35.9100,36.6800,2287045,0
20120806,36.6700,38.3900,36.5000,38.0100,1940170,0
20120807,38.4500,39.0000,38.2400,38.6600,2053291,0
20120808,37.0800,37.6900,36.1000,36.7700,4016533,0
20120809,36.9200,37.1200,36.1000,36.1800,1633702,0
20120810,36.2600,36.5400,35.0500,35.1000,3802174,0
20120813,35.2700,35.2900,32.8000,33.5200,9381860,0
20120814,33.7600,33.9300,32.2800,33.1600,5752005,0
20120815,33.2000,34.7200,32.5100,33.9600,4073689,0
20120816,33.8900,34.3000,33.1400,33.8500,1982660,0
20120817,33.6600,33.7350,32.3700,33.4500,3034622,0
20120820,33.2700,33.9500,32.7600,33.8400,1837875,0
20120821,33.9600,34.7480,33.7100,34.0500,2435510,0
20120822,33.8400,34.2700,33.5100,33.9400,1712073,0
20120823,33.7300,34.1200,33.4800,33.5400,2092677,0
20120824,34.5000,34.7000,33.2950,34.0500,5573644,0
20120827,34.2900,34.3400,33.8900,33.9700,724484,0
20120828,33.8800,34.4400,33.6350,34.2600,2551160,0
20120829,34.1300,34.3800,33.3400,34.2100,1637732,0
20120830,34.1300,34.3300,33.6350,33.7100,968326,0
20120831,33.9800,34.2600,33.2800,33.4400,1221181,0
20120904,33.5000,34.6600,33.1900,34.6500,2195007,0
20120905,34.6100,35.9200,34.6000,35.4000,2649673,0
20120906,35.3900,36.2500,35.3300,35.4500,2132278,0
20120907,35.4600,35.7800,35.2300,35.6100,1136048,0
20120910,35.5300,35.9600,35.2500,35.2900,906664,0
20120911,35.1600,35.8200,34.9920,35.3800,1394990,0
20120912,35.5800,35.9500,35.1100,35.2500,1173552,0
20120913,35.3500,36.7000,35.0500,36.3400,1879400,0
20120914,36.4700,36.9750,36.0200,36.0600,2174937,0
20120917,36.0700,36.2900,35.6400,35.8100,1509612,0
20120918,35.8100,36.1899,34.7000,34.7300,2068918,0
20120919,34.9600,35.1900,34.0045,34.9000,1764045,0
20120920,34.8400,34.8500,33.8200,34.4800,1976686,0
20120921,34.3100,35.0700,34.1500,34.5300,3003057,0
20120924,34.5300,34.5300,33.4700,33.7000,2421144,0
20120925,33.7500,34.4400,33.7000,33.7400,2108009,0
20120926,33.8500,34.0900,33.0500,33.2400,1877365,0
20120927,32.3900,34.0700,31.7100,33.4200,3616630,0
20120928,33.3800,33.4000,32.5700,32.9300,2963156,0
20121001,33.2300,33.2700,31.7000,31.9400,3857151,0
20121002,32.0000,32.6600,31.8000,32.3900,1908985,0
20121003,32.4100,32.7700,31.9900,32.1200,2498349,0
20121004,32.6400,33.4500,32.1500,33.4000,1921128,0
20121005,33.5100,34.1800,33.3300,33.4900,2714758,0
20121008,33.2800,34.1600,33.1500,33.5700,1457812,0
20121009,33.3600,33.4381,32.4500,32.5200,2414239,0
20121010,32.7700,32.8000,32.1300,32.2200,1931293,0
20121011,32.6800,32.6800,30.9700,31.1500,2947472,0
20121012,30.7200,31.4100,30.4400,31.2200,3364084,0
20121015,31.2800,31.5847,31.2300,31.4900,1785058,0
20121016,31.6900,31.9000,31.1400,31.1800,1973275,0
20121017,31.1300,31.1300,30.5500,31.0877,3056129,0
20121018,31.2400,31.2900,30.2600,30.5700,2758171,0
20121019,30.4000,30.4800,29.0600,29.9300,3489267,0
20121022,29.8500,30.7200,29.8100,30.7000,1364752,0
20121023,30.1400,31.8400,30.1300,31.5000,2244051,0
20121024,31.5900,31.8100,31.0800,31.4000,2027002,0
20121025,31.6100,31.6500,30.4450,30.7800,2010626,0
20121026,32.1500,32.3250,29.3600,30.2700,6860779,0
20121031,30.7300,30.9900,29.7000,30.2900,5061484,0
20121101,30.4800,30.4900,28.6300,29.4100,6705774,0
20121102,35.0100,35.9500,34.6400,35.1209,12006984,0
20121105,34.7000,34.9950,34.1400,34.4500,2415114,0
20121106,34.4300,34.5000,33.7000,33.8300,1947808,0
20121107,34.0100,34.4200,32.9500,34.0000,3683897,0
20121108,33.8900,34.4700,33.7100,34.1700,2055633,0
20121109,33.7200,35.0450,32.5000,34.3100,4864396,0
20121112,35.4800,35.8900,34.8800,34.9800,2704332,0
20121113,34.7000,35.6700,34.3100,35.5400,1714236,0
20121114,35.0900,36.3499,35.0900,35.6400,2575598,0
20121115,35.6900,36.9900,35.5000,36.6000,4235105,0
20121116,36.5400,38.7000,36.5100,38.0300,4282770,0
20121119,38.4000,39.3200,38.0800,38.1600,2734984,0
20121120,38.0900,38.3900,37.0500,37.2800,2247167,0
20121121,37.4800,37.6800,36.8900,37.4000,1801180,0
20121123,37.6400,38.0000,36.9600,38.0000,576873,0
20121126,38.0000,38.0900,37.4600,37.9100,760800,0
20121127,38.0300,38.0400,37.3900,37.7700,694972,0
20121128,37.6300,37.9700,37.1600,37.9000,979453,0
20121129,37.9600,38.2100,37.5500,37.8700,1843348,0
20121130,37.8900,39.0700,37.6200,38.1900,2802306,0
20121203,38.2400,38.3800,37.5000,37.7000,3225917,0
20121204,37.6600,37.7600,35.9600,37.5300,3561012,0
20121205,37.3500,38.9600,37.3500,38.3700,2102515,0
20121206,38.5000,39.3400,38.2300,39.2900,1845415,0
20121207,39.1000,39.6900,38.3500,38.5900,1492704,0
20121210,39.5800,39.8900,37.9100,38.3900,1928113,0
20121211,47.0000,47.0000,40.6400,40.9100,12167085,0
20121212,41.0500,42.8900,40.6100,42.6500,6418197,0
20121213,42.9100,43.1500,42.0200,42.7100,3982817,0
20121214,42.7600,42.7700,41.4000,41.6700,2419123,0
20121217,41.8600,43.6500,41.3100,43.4500,4551382,0
20121218,43.0100,44.2900,42.9200,42.9800,5468722,0
20121219,43.1000,44.2900,42.8500,43.4100,1971390,0
20121220,43.4900,43.7400,42.8900,42.9700,2595971,0
20121221,42.7900,42.7900,41.4800,41.9700,2263746,0
20121224,43.2500,44.1015,42.1300,42.2500,1259677,0
20121226,42.3000,42.4450,41.5500,41.8000,791268,0
20121227,41.8500,42.0400,41.2901,41.9300,779868,0
20121228,41.7300,41.9800,41.2900,41.3400,648030,0
20121231,41.3400,42.2700,40.8800,41.9200,2321095,0
20130102,42.9400,44.1700,42.8000,44.1600,2095894,0
20130103,44.0900,44.5000,43.4500,43.9100,1743155,0
20130104,44.0100,44.1600,43.4000,44.1200,1052105,0
20130107,44.0300,45.3300,43.7500,45.1200,1783579,0
20130108,44.8500,45.4500,44.2700,44.7151,2159198,0
20130109,44.7700,45.2000,44.2900,44.3300,1221050,0
20130110,44.3800,44.6000,42.7700,43.4900,2669902,0
20130111,43.6500,44.0000,43.5000,43.9800,984561,0
20130114,43.8900,44.3300,43.4600,44.1500,954801,0
20130115,44.1400,44.3000,43.3600,44.1500,956010,0
20130116,44.0500,44.2000,43.4900,43.9700,1228371,0
20130117,43.9800,44.5680,43.5300,44.0900,1360936,0
20130118,44.1600,44.1700,43.1700,43.6800,1896552,0
20130122,43.5900,44.3800,43.3100,44.3200,1146053,0
20130123,44.4100,44.9500,44.2000,44.8400,1216527,0
20130124,44.7800,45.7200,44.5900,44.8200,1027709,0
20130125,44.9400,46.0500,44.7600,45.9600,1644519,0
20130128,46.3400,47.7700,46.0200,46.5000,2402362,0
20130129,46.4200,46.5525,45.6500,45.9000,1573068,0
20130130,46.1000,46.2900,45.1600,45.5200,1359242,0
20130131,45.4300,46.3400,45.0700,46.2800,1247256,0
20130201,46.2900,46.5700,45.6350,46.3000,1753473,0
20130204,46.0900,46.7800,45.5600,45.6400,1274175,0
20130205,45.8600,46.9100,45.7000,46.8400,1046707,0
20130206,47.0500,49.3500,46.8200,47.0000,4087698,0
20130207,47.0200,47.0300,45.6600,46.8500,1987867,0
20130208,46.8200,47.4200,46.4800,47.0200,906165,0
20130211,47.1300,47.2000,46.0000,46.2300,1228559,0
20130212,46.2200,46.8700,45.8400,46.6600,1796559,0
20130213,46.7900,47.7800,46.6400,46.9000,2123754,0
20130214,42.5800,44.8600,42.0400,43.5500,6734051,0
20130215,43.6000,45.4200,43.5000,44.4150,2778096,0
20130219,44.4900,44.4900,43.3100,43.5200,1584708,0
20130220,43.5300,43.5500,42.6800,42.7600,1217511,0
20130221,42.2000,43.4700,42.2000,42.9400,1427005,0
20130222,43.1100,44.0900,42.9000,43.8500,1979618,0
20130225,44.1300,44.7700,43.5000,43.6400,1813892,0
20130226,43.6800,44.2100,43.4400,43.7300,1117497,0
20130227,44.1500,45.5600,44.1000,45.2700,2143764,0
20130228,45.2400,45.7350,44.5800,45.5360,1956342,0
20130301,45.4200,45.9400,44.5900,45.6200,2138325,0
20130304,45.4200,45.6600,44.7500,45.5100,1691996,0
20130305,45.7900,47.8400,45.6500,47.6800,2577927,0
20130306,48.0000,50.8800,47.9000,48.6300,4806505,0
20130307,48.5900,51.1500,48.1000,50.5900,3594502,0
20130308,50.7700,51.3400,50.5600,51.0300,1513050,0
20130311,51.0900,51.6300,50.2581,51.4000,1206354,0
20130312,51.3400,51.6050,50.6100,51.1500,1768440,0
20130313,51.1400,52.6100,50.7700,52.3900,2031518,0
20130314,52.5000,53.4100,52.1300,52.5900,1476253,0
20130315,52.4700,53.7300,52.2300,52.4000,2486129,0
20130318,52.1200,53.4100,51.7000,52.4300,1053440,0
20130319,52.5100,53.3528,51.5700,52.3000,1234179,0
20130320,52.4700,53.4500,52.4700,53.2400,1263575,0
20130321,52.5600,53.0000,51.6400,51.7500,2113944,0
20130322,52.0600,52.5800,51.9600,52.5000,1017179,0
20130325,52.9300,53.5000,52.1300,52.2400,874900,0
20130326,53.2200,53.2200,51.9300,52.4400,1247583,0
20130327,52.0300,52.7300,51.3600,52.2000,874946,0
20130328,52.2400,52.9000,52.1400,52.5200,1019795,0
20130401,52.5300,54.1400,51.4800,51.7000,1652677,0
20130402,51.7500,51.7500,50.1300,50.5100,2536456,0
20130403,50.6200,50.6200,48.7540,49.1100,2329755,0
20130404,48.8700,49.8000,48.6500,49.5200,1333882,0
20130405,49.0300,49.5100,48.2900,48.8800,1381264,0
20130408,48.8600,49.4800,48.2700,48.6800,1269481,0
20130409,48.7000,49.0400,48.1800,48.2900,1290924,0
20130410,48.6600,50.1800,48.4100,50.0700,2277875,0
20130411,50.1800,52.3500,50.1100,51.8900,1938494,0
20130412,51.8500,52.6900,51.6000,52.4900,1071640,0
20130415,52.8200,53.5004,51.1000,51.5600,3170083,0
20130416,51.9000,52.9700,51.8500,52.9400,1495461,0
20130417,52.1400,52.5400,51.0800,52.1720,1675643,0
20130418,52.1900,52.4500,50.9500,51.3500,1202360,0
20130419,51.2300,51.8200,50.6200,51.0900,760182,0
20130422,51.2900,51.5500,50.3400,51.0900,727984,0
20130423,51.4100,52.5490,51.3700,52.3000,773111,0
20130424,52.1100,52.6100,51.0000,51.3400,1091208,0
20130425,51.3300,53.3900,51.3000,53.0100,2015291,0
20130426,53.7500,54.8000,52.8300,53.7200,2991961,0
20130429,53.6900,54.0000,52.2500,53.0700,1890164,0
20130430,53.0700,53.5000,52.3800,52.5800,1805743,0
20130501,52.5300,53.0000,51.8800,52.1100,1105902,0
20130502,51.9000,53.5400,51.9000,53.5100,1261799,0
20130503,54.2100,55.6400,54.0000,55.3000,2355868,0
20130506,55.2600,55.5500,54.8300,55.1700,1913204,0
20130507,55.9400,56.7999,54.0700,55.0100,2592379,0
20130508,53.3400,54.5700,51.7200,52.4900,4282376,0
20130509,52.5800,53.1000,51.7625,51.9900,2218796,0
20130510,52.1900,54.3000,52.1500,53.8400,2077280,0
20130513,53.6800,55.3100,53.2910,54.7900,1731658,0
20130514,55.0400,58.3800,54.8100,58.0100,3619074,0
20130515,58.0000,60.2600,57.9100,59.3600,2741089,0
20130516,59.5300,60.3900,58.6500,59.0300,2209796,0
20130517,59.6400,60.4800,59.2540,59.8800,2656341,0
20130520,60.0700,63.0100,59.8950,62.6300,3031447,0
20130521,62.7000,63.2200,61.8890,62.3400,1766772,0
20130522,62.2600,63.5700,61.0000,61.5100,2042442,0
20130523,61.0550,62.5500,59.0700,62.0600,1458927,0
20130524,61.7300,62.0200,60.8000,61.6900,1435898,0
20130528,62.5700,64.3700,62.0100,64.3000,2140052,0
20130529,63.9700,64.9000,63.1200,63.5600,1743301,0
20130530,63.7700,64.1000,63.1400,63.9900,1228343,0
20130531,63.9200,65.4100,63.7600,64.4900,4183537,0
20130603,63.1500,63.7300,60.9300,62.0600,4049398,0
20130604,62.4300,63.9076,61.8100,62.1900,2859051,0
20130605,62.1800,62.6900,61.2500,61.5200,1018736,0
20130606,61.7100,62.0300,60.7300,62.0300,1454711,0
20130607,62.6200,64.1700,62.4000,64.0500,1075695,0
20130610,64.1700,64.4900,63.5700,64.3100,854843,0
20130611,63.9500,65.1016,63.4200,63.8600,892035,0
20130612,64.4800,64.8200,63.1800,63.1800,1234012,0
20130613,63.5900,64.5400,63.2000,64.5100,1169729,0
20130614,64.3800,64.8400,63.6700,63.7500,1235877,0
20130617,64.1800,65.0400,63.6000,64.3600,2087612,0
20130618,64.1900,65.2000,63.7200,63.8500,1582225,0
20130619,63.4100,64.8500,63.3700,63.7700,963181,0
20130620,62.7000,63.6900,61.3200,61.5200,1488791,0
20130621,61.8600,62.2950,60.1010,60.2800,2693730,0
20130624,59.4800,61.2300,58.7400,60.6800,1439628,0
20130625,61.1200,61.8300,60.7900,61.5300,911928,0
20130626,62.3500,63.0200,60.7600,61.9100,2334169,0
20130627,62.1700,62.7200,60.5500,60.8400,2352366,0
20130628,60.7600,61.5600,60.4700,60.9200,3486522,0
20130701,61.4500,61.7750,60.1100,61.0700,2521606,0
20130702,60.9100,61.1300,60.0000,60.2300,1793489,0
20130703,59.6100,60.8500,59.5400,60.7900,1156827,0
20130705,60.8500,61.7400,60.3700,61.7000,1592332,0
20130708,62.0000,63.4700,61.8800,63.1600,2037192,0
20130709,63.5400,63.7500,62.2400,62.7400,1276983,0
20130710,62.7400,63.0100,60.5200,61.9300,1719717,0
20130711,62.3400,62.5600,59.7400,60.4400,2661016,0
20130712,60.3300,61.4900,60.1100,61.0500,1249053,0
20130715,61.3500,61.3500,60.0900,60.4500,796800,0
20130716,60.6700,60.9500,59.8500,60.6200,1337694,0
20130717,60.9400,61.3350,60.2000,61.0900,1035223,0
20130718,61.6100,62.9690,61.5000,62.2700,1257550,0
20130719,62.3700,62.3900,60.2500,60.6200,1236053,0
20130722,61.1100,61.2700,60.2700,60.6500,1278281,0
20130723,60.9800,61.2900,60.0300,60.6600,1386822,0
20130724,60.6000,62.1500,60.4100,61.1400,2175619,0
20130725,69.8800,72.2600,68.7100,71.1000,5361374,0
20130726,70.4600,74.8600,70.4600,73.9500,2782993,0
20130729,73.4900,74.7400,72.0100,73.2900,1286432,0
20130730,73.9400,74.6600,73.2700,73.2700,945341,0
20130731,73.7100,76.2000,73.5900,75.0200,1801512,0
20130801,75.7800,76.9300,75.1400,75.8940,1160706,0
20130802,75.9000,76.2700,74.9200,75.7900,1048531,0
20130805,75.9600,78.0400,75.8300,78.0100,996796,0
20130806,78.2000,80.6900,77.4300,79.2800,2503990,0
20130807,78.8900,78.9900,76.3250,77.9900,1311453,0
20130808,78.5500,80.5400,78.4810,79.7100,1060026,0
20130809,80.9000,81.4900,80.0091,80.9400,1422075,0
20130812,80.7600,82.1950,80.0300,81.2600,1104983,0
20130813,81.5000,81.7000,79.6800,80.9600,898693,0
20130814,80.6100,81.9900,72.8800,73.5500,6861831,0
20130815,71.5300,72.1600,69.5600,70.5200,4424252,0
20130816,70.2900,72.4800,69.1900,70.9900,2291927,0
20130819,71.1500,72.2900,69.2200,69.2600,1403906,0
20130820,69.3600,70.2000,68.8400,69.8100,1224527,0
20130821,69.4900,71.2490,69.4250,70.2000,970076,0
20130822,70.3900,71.4300,70.0000,71.2100,866431,0
20130823,71.6500,72.6200,70.9100,71.8700,1224317,0
20130826,71.7200,72.6400,71.5004,72.2500,1119657,0
20130827,71.2100,71.7825,70.6010,71.0800,1397787,0
20130828,71.5100,73.1600,71.1600,72.5200,1084028,0
20130829,72.3200,74.6100,71.2800,74.1800,999269,0
20130830,74.6400,74.6700,72.6000,73.9700,1007597,0
20130903,74.9000,75.3100,72.7600,73.8200,1113464,0
20130904,74.0200,74.9630,73.3228,74.7400,598290,0
20130905,74.6100,75.7300,74.1700,74.6700,990408,0
20130906,74.9600,75.4700,73.0500,74.1100,1009136,0
20130909,74.5300,75.2000,74.2900,74.5000,1185665,0
20130910,74.2500,74.6400,72.2500,72.6200,2302875,0
20130911,72.5300,74.4000,72.4200,73.7900,1637667,0
20130912,73.9300,75.9000,73.8500,74.4900,1256519,0
20130913,74.3700,74.3700,72.4200,72.8200,1192923,0
20130916,73.8300,74.1600,72.5600,72.6000,744125,0
20130917,73.4000,73.4600,72.1101,72.9300,849955,0
20130918,73.1400,74.6100,72.5000,73.9220,1568834,0
20130919,74.3200,75.0000,73.1400,74.2700,1177534,0
20130920,74.2700,79.0800,74.2547,75.1200,4308901,0
20130923,77.0000,78.1653,73.5400,74.3000,2361549,0
20130924,74.1500,75.7400,73.1210,75.3000,1148563,0
20130925,75.2900,75.9200,74.0600,74.7800,1238055,0
20130926,74.9900,75.8900,74.5800,75.3000,875293,0
20130927,75.0000,76.0900,74.1000,75.8500,1016248,0
20130930,74.7200,76.6100,74.1600,75.8400,1314680,0
20131001,75.7400,78.6000,75.3000,78.5000,1743436,0
20131002,78.1500,79.7900,77.6100,79.6600,1756144,0
20131003,79.5100,79.8900,77.3050,78.6600,1677237,0
20131004,78.3500,79.4590,78.0000,78.4100,1700187,0
20131007,77.8900,78.0000,75.6600,75.8500,1727542,0
20131008,75.7400,75.8300,70.8700,71.7000,2968465,0
20131009,71.2200,72.0700,68.1150,70.6700,2665864,0
20131010,71.8800,72.8200,70.1500,72.2700,2351458,0
20131011,72.3500,74.3800,72.1200,74.0100,2870901,0
20131014,73.4000,75.0700,72.5400,75.0100,3275298,0
20131015,75.2300,75.4300,73.5000,73.8700,3482605,0
20131016,74.4100,75.3500,73.7500,75.0000,2492107,0
20131017,74.8400,74.8400,72.0800,72.7400,2481333,0
20131018,73.1300,73.5000,71.6000,71.8660,2481466,0
20131021,72.1000,74.1500,72.0500,74.1100,2479795,0
20131022,75.6000,77.3000,73.1400,75.5000,3540775,0
20131023,75.0500,75.9800,73.1500,75.2100,3680078,0
20131024,72.0000,75.1500,69.3290,74.8500,10452413,0
20131025,75.3000,77.5700,74.9550,76.9800,3093275,0
20131028,76.8900,78.2200,75.8800,77.7900,2218718,0
20131029,77.8500,82.3500,77.5101,82.2600,3248263,0
20131030,82.4800,83.0000,79.6300,80.2200,3090985,0
20131031,81.5000,84.6400,81.2000,82.7150,3435422,0
20131101,83.0800,84.1000,82.2100,83.3800,1734875,0
20131104,84.0000,88.4090,83.4200,88.2200,3233415,0
20131105,88.0600,89.4700,86.3500,88.0700,2745434,0
20131106,88.0100,88.6790,86.1000,86.6100,1908769,0
20131107,86.5300,87.0000,80.6939,83.8800,3437166,0
20131108,84.0900,85.9000,83.1700,84.4800,1902004,0
20131111,84.4000,85.9590,83.7700,85.0200,1748578,0
20131112,84.9400,85.2200,83.6450,84.9000,1857803,0
20131113,84.8500,87.6000,83.5785,87.4880,2450987,0
20131114,87.6200,89.1800,87.1600,89.1800,2400528,0
20131115,89.7600,90.4300,87.2600,87.7700,2247420,0
20131118,87.6400,89.2100,86.5200,87.4200,1818121,0
20131119,87.2100,88.9800,86.6000,87.5100,1372330,0
20131120,87.9200,88.5500,86.7401,87.1300,905641,0
20131121,87.2700,88.3699,87.0200,87.2700,1254608,0
20131122,87.5000,88.3920,87.0100,87.4000,1068138,0
20131125,87.8800,88.4700,86.0700,86.6100,1147749,0
20131126,86.4800,88.2000,85.2300,87.3800,1673730,0
20131127,87.3800,88.9400,87.2900,88.3100,730150,0
20131129,88.6900,89.4550,88.2300,88.3200,414843,0
20131202,88.2500,89.5700,86.9000,87.5400,1166126,0
20131203,87.1700,87.6200,85.2900,85.9200,1411829,0
20131204,85.3200,86.8400,84.5210,85.1300,1789930,0
20131205,85.1100,87.6300,84.7200,85.5400,1460519,0
20131206,86.7600,87.9700,84.6700,85.6100,1622626,0
20131209,85.7500,87.0000,84.1300,84.7700,2263630,0
20131210,84.8200,85.9000,84.5200,84.9800,1717738,0
20131211,84.8600,85.2580,82.3150,82.7900,1707604,0
20131212,82.8400,83.9100,82.1300,82.6000,1927064,0
20131213,82.7100,83.3200,81.2700,81.3800,1552295,0
20131216,82.0500,83.2000,81.5400,81.9700,1844469,0
20131217,80.6300,81.6340,79.7300,80.9000,2223615,0
20131218,80.9000,81.6000,78.6700,81.4100,3000174,0
20131219,81.4000,82.8800,81.2700,82.0200,1404091,0
20131220,82.4400,83.7000,81.6300,83.1400,4556807,0
20131223,83.7800,83.8000,82.5500,83.4000,914767,0
20131224,83.5800,83.6500,82.1000,82.8200,541351,0
20131226,82.9500,84.1200,82.8500,83.4700,1357615,0
20131227,83.8200,83.8896,81.4500,81.6400,870060,0
20131230,81.4600,81.9800,80.7600,81.6700,787211,0
20131231,81.8400,82.8900,81.3800,82.8300,799042,0
20140102,82.4800,82.5000,79.4000,80.4800,1952485,0
20140103,80.5000,81.3400,79.7100,80.9200,1278503,0
20140106,80.8200,81.0900,79.3500,80.3800,1597366,0
20140107,80.0300,85.5800,80.0300,84.9100,2516958,0
20140108,84.7600,85.6300,84.2800,85.1500,1409191,0
20140109,85.7200,86.2500,84.1900,85.1700,1357646,0
20140110,85.4000,86.8000,85.1500,86.8000,2043696,0
20140113,86.4300,86.8300,83.6800,84.4500,1868902,0
20140114,82.8700,84.6800,82.3617,84.3100,1250855,0
20140115,85.3800,85.3800,83.2100,84.3400,1192574,0
20140116,84.2600,84.8700,83.2700,84.7600,1047643,0
20140117,84.6300,85.9000,83.7800,83.9000,1346408,0
20140121,84.6600,85.1600,81.2600,81.5000,1830659,0
20140122,81.7200,82.8700,81.7100,82.4700,1887054,0
20140123,82.0700,82.1500,80.7400,81.3400,1588670,0
20140124,80.4400,81.4215,80.2500,80.3600,2261478,0
20140127,80.3400,80.7900,77.0500,77.9100,2282282,0
20140128,77.4300,78.7300,76.7800,77.7700,1707547,0
20140129,77.0700,78.1000,76.2200,76.6700,1628479,0
20140130,77.6800,78.6700,76.9000,77.7900,1187998,0
20140131,76.1700,78.1300,75.5600,77.1900,1780684,0
20140203,76.9400,77.4700,72.5700,73.9100,2105109,0
20140204,74.1100,76.6000,73.7000,76.3700,2353860,0
20140205,76.2700,76.5300,74.6900,76.1600,2005165,0
20140206,76.2200,77.3400,75.0800,77.1400,2135449,0
20140207,79.9100,85.4200,79.8500,84.4500,5186560,0
20140210,84.0500,84.7600,82.3700,84.0500,2448095,0
20140211,85.1900,85.1900,83.0575,84.2000,2921079,0
20140212,87.9500,93.1300,87.6000,90.2700,9163304,0
20140213,89.2800,92.4700,88.7200,92.3000,2775144,0
20140214,91.9400,92.2900,90.9400,91.2500,2215533,0
20140218,91.1900,93.8600,90.5600,93.3500,1982850,0
20140219,92.8700,95.0000,92.8440,93.7610,1790345,0
20140220,94.1100,96.9100,94.1100,96.8000,2256311,0
20140221,96.8500,97.9700,96.2150,96.9200,1915200,0
20140224,97.0000,98.4700,96.5000,98.2600,1260164,0
20140225,98.5800,102.6950,97.8200,101.0400,2379074,0
20140226,101.7300,102.6500,99.2100,100.1800,1863400,0
20140227,100.1900,100.7980,99.5500,99.7200,1352235,0
20140228,100.6600,102.8500,98.5800,100.2400,2011452,0
20140303,98.8100,100.7040,98.1905,100.5500,1533144,0
20140304,102.9900,107.2400,102.5510,106.8900,2536443,0
20140305,106.7400,107.7800,105.8500,107.3000,2279011,0
20140306,107.8100,108.7300,107.0500,108.3800,2431424,0
20140307,109.3800,109.4600,106.5300,108.0600,2338083,0
20140310,109.1600,109.7900,106.9000,107.5400,1353038,0
20140311,107.9600,107.9600,104.0000,104.7300,1575453,0
20140312,104.3400,107.1790,102.5400,106.6900,1947076,0
20140313,107.2800,107.7700,102.1085,103.2100,1437928,0
20140314,102.8200,105.2900,102.2300,102.9500,1462857,0
20140317,104.8100,106.9000,104.4600,104.5300,1430412,0
20140318,104.5300,106.6100,104.3585,105.2000,856897,0
20140319,105.0300,105.5400,102.8900,103.7600,1186242,0
20140320,103.6800,105.2500,102.5900,103.3600,1173978,0
20140321,103.6100,104.7400,101.4000,101.5100,1586015,0
20140324,101.8500,102.6700,96.0500,97.5800,2142017,0
20140325,98.3800,99.7500,95.3100,96.4800,1467871,0
20140326,97.0000,97.0400,92.4100,92.7100,1893075,0
20140327,92.2600,92.3400,88.8200,89.9500,3238704,0
20140328,89.6400,92.1400,89.0800,90.0500,1971503,0
20140331,90.5600,92.1900,90.0700,90.5900,1252712,0
20140401,91.2300,95.7800,90.7500,95.5500,2331596,0
20140402,95.4000,96.3300,94.0200,95.1600,1492713,0
20140403,95.2600,96.1800,90.8200,91.3000,1694952,0
20140404,92.1900,92.4800,83.7600,85.6900,4857590,0
20140407,85.2200,85.4900,80.5900,83.3600,3887969,0
20140408,83.4700,87.7400,82.7900,86.0700,3333680,0
20140409,86.1800,88.6100,85.1300,88.1100,2273525,0
20140410,87.6900,87.9600,81.7800,81.9000,2553171,0
20140411,80.2700,82.9100,77.6800,78.9900,2763095,0
20140414,80.1500,80.7600,78.0300,79.7700,1921705,0
20140415,80.4400,84.0800,80.0400,83.3000,3314521,0
20140416,84.1200,86.9400,83.3900,84.8000,2071354,0
20140417,84.3100,86.6400,83.6800,85.6800,2123311,0
20140421,85.8300,85.9100,84.0400,84.8000,1100765,0
20140422,85.1100,87.3000,85.0100,85.7700,1212198,0
20140423,85.9300,86.0500,82.9600,83.2800,1106536,0
20140424,84.3700,84.4600,81.3800,83.4800,1902333,0
20140425,82.6000,83.0000,77.1200,77.3900,3293337,0
20140428,78.3400,80.5600,75.1300,77.2800,3708331,0
20140429,78.4700,81.5800,77.1900,80.8300,2670796,0
20140430,80.1100,81.3400,78.9100,80.7400,2030454,0
20140501,81.5100,84.8800,81.5000,83.5000,2079081,0
20140502,83.6300,85.5710,82.2100,82.6000,1781806,0
20140505,82.0200,84.8700,81.4000,84.7100,2500484,0
20140506,85.2200,85.9300,80.4225,81.3700,3336421,0
20140507,83.9500,86.1600,80.1600,83.9900,6556464,0
20140508,82.2600,85.9400,81.6200,83.2200,3007048,0
20140509,82.7100,84.8800,82.6700,84.5800,1666692,0
20140512,85.4000,90.7100,85.0700,89.5100,4041834,0
20140513,89.3400,89.5100,85.9300,86.0900,2158126,0
20140514,86.1200,86.9600,84.0700,84.1900,1747276,0
20140515,84.0800,84.1700,81.4300,83.6100,2195343,0
20140516,83.4500,83.7400,80.2700,82.1600,2718724,0
20140519,82.1500,86.6000,81.9000,86.4100,2004610,0
20140520,86.0500,88.5900,85.1400,85.8700,2745958,0
20140521,86.5200,88.3450,85.4000,88.1600,1467871,0
20140522,88.3900,91.3400,87.1700,91.0100,2152733,0
20140523,91.1300,94.9300,90.1000,94.4200,2274651,0
20140527,94.7800,96.7490,94.1700,95.4200,1716158,0
20140528,95.0400,95.9990,94.2000,95.1900,1414445,0
20140529,95.9200,98.3600,95.5500,98.2000,1577451,0
20140530,98.3900,98.6200,96.3800,97.1700,1654812,0
20140602,99.9700,100.0000,97.2600,97.7700,1482288,0
20140603,97.2200,98.3100,95.8200,98.0000,1205882,0
20140604,97.6500,99.5900,96.2700,99.3500,1312401,0
20140605,99.5000,103.3200,98.7700,103.0300,3127245,0
20140606,103.1400,104.4700,102.1000,104.0500,1878167,0
20140609,104.0500,104.2000,103.0700,103.7000,1677048,0
20140610,103.8200,104.5600,102.2200,102.6800,1237581,0
20140611,102.4300,104.1200,101.3800,103.5200,1038437,0
20140612,104.0800,104.2500,101.1400,101.7200,1507451,0
20140613,103.1900,103.9300,100.7600,101.9800,1906051,0
20140616,102.0000,104.1100,101.2700,103.9700,1423055,0
20140617,104.2800,106.5000,104.0500,104.5700,1427460,0
20140618,104.6800,105.3900,103.0300,105.2400,1016352,0
20140619,105.8800,106.0000,101.7500,102.9800,1026993,0
20140620,103.3100,104.6100,102.5000,103.5300,1779997,0
20140623,103.6900,104.3100,102.1700,103.8700,1100004,0
20140624,103.5900,107.4300,103.2100,104.6800,1919992,0
20140625,104.3000,108.6300,104.0310,108.5000,1402499,0
20140626,108.2000,108.8800,106.6000,107.8700,1525670,0
20140627,107.6600,110.4000,107.0200,110.2100,1344794,0
20140630,110.0100,111.2400,108.0200,108.6600,1549669,0
20140701,109.1300,109.7900,107.9000,109.0100,1474623,0
20140702,109.0000,110.2200,107.6900,108.1200,747995,0
20140703,108.9200,109.4800,107.7600,109.1800,879924,0
20140707,109.0800,109.1400,107.2400,107.4100,914649,0
20140708,107.6400,107.6400,100.6100,101.4500,2524887,0
20140709,102.0100,103.5900,101.4700,103.5200,1688012,0
20140710,100.8800,104.3600,100.4400,103.3500,1227353,0
20140711,103.6400,105.3400,103.3400,104.7800,787580,0
20140714,103.9900,104.2050,101.5500,104.0500,2326973,0
20140715,104.3400,104.4900,101.7800,102.6800,933723,0
20140716,103.3200,104.7600,101.5000,101.9600,961684,0
20140717,101.2500,103.7400,100.7600,101.1500,1351089,0
20140718,102.0500,104.3100,101.5800,104.1700,981146,0
20140721,103.5700,104.1100,101.4600,103.1400,1094520,0
20140722,104.3800,105.3300,103.1700,104.1700,1274773,0
20140723,103.6500,107.6700,103.6500,107.3600,2132417,0
20140724,97.0000,102.9900,95.2605,101.7900,9969311,0
20140725,101.8100,102.8600,98.1100,99.8800,2283076,0
20140728,100.1400,100.8000,98.8000,99.3000,1501998,0
20140729,99.4600,100.1100,98.8700,99.2100,1149102,0
20140730,99.9800,100.4400,98.8900,100.0200,1040032,0
20140731,98.9400,98.9400,94.1700,94.8400,2106560,0
20140801,94.4900,95.2500,91.7800,93.8700,2156415,0
20140804,94.1600,95.7500,93.8800,94.7900,1312735,0
20140805,94.3200,95.4000,93.3500,94.0700,1071778,0
20140806,93.4400,95.6090,93.2700,94.0300,799956,0
20140807,94.4500,96.6400,94.0500,94.4500,1042493,0
20140808,94.9200,95.4900,93.7400,95.2900,765682,0
20140811,95.6200,96.3100,94.3400,95.6300,920282,0
20140812,95.7900,96.7400,93.8700,94.7500,928189,0
20140813,95.5900,97.6300,94.9152,96.8400,978845,0
20140814,96.8400,97.3500,96.0400,96.9700,753477,0
20140815,98.2500,98.5000,95.7800,97.1000,1134786,0
20140818,97.5600,98.5000,97.2600,97.9600,595127,0
20140819,98.0000,98.3900,96.1300,97.3700,905958,0
20140820,97.4600,98.3900,96.5400,98.1500,987402,0
20140821,98.0200,98.1500,96.9500,97.9000,714039,0
20140822,98.2700,103.1000,97.0500,101.9900,1695810,0
20140825,102.5300,104.1900,102.0800,103.7900,1741740,0
20140826,104.3300,105.2243,103.5600,104.5100,927399,0
20140827,104.0700,104.4390,101.5500,101.7800,883399,0
20140828,101.1500,101.2500,98.2500,99.3700,1922820,0
20140829,99.7100,100.7800,98.7100,99.0900,971860,0
20140902,99.5900,99.9600,98.4500,99.4400,1194746,0
20140903,100.1400,100.2300,98.0500,98.2800,816670,0
20140904,98.1400,99.0400,97.5000,98.2900,1285931,0
20140905,99.4000,99.5000,97.8200,98.2600,1499599,0
20140908,98.1100,99.4200,97.9500,99.2300,1485999,0
20140909,99.0000,100.0000,96.3450,96.3700,2491862,0
20140910,96.5300,98.4700,95.4300,98.0300,2123902,0
20140911,97.3200,98.6300,97.1500,98.5000,1112518,0
20140912,98.0900,99.3500,97.4600,99.3200,1359300,0
20140915,99.2300,99.7500,94.3300,95.2200,1581683,0
20140916,94.5500,96.6200,93.9000,95.8000,1156846,0
20140917,96.0200,96.6300,94.8250,96.0100,1173074,0
20140918,96.2900,99.1500,96.2900,97.9500,1273297,0
20140919,98.2900,99.5700,97.4100,98.3700,1247483,0
20140922,97.8400,98.0000,92.8200,94.2900,2439586,0
20140923,93.9600,94.5900,92.2500,92.9500,1541033,0
20140924,92.8900,94.7500,91.5200,94.3300,1429942,0
20140925,94.2300,94.6000,91.0650,91.1900,1552057,0
20140926,91.5100,92.5100,90.8500,92.1500,1256658,0
20140929,91.2200,91.8800,90.6500,90.8000,1083665,0
20140930,90.9200,92.3000,89.1000,91.4200,1644434,0
20141001,91.0100,91.0800,88.9100,89.4900,1834703,0
20141002,89.0000,89.9400,86.6400,88.3900,2326810,0
20141003,89.3100,90.0500,88.6200,88.6300,2663616,0
20141006,89.1800,90.9400,88.6600,88.9200,2649842,0
20141007,88.3600,89.1800,86.9500,86.9600,2737722,0
20141008,87.0300,89.2000,85.8200,88.5400,1803657,0
20141009,88.7500,88.8600,84.9707,85.9100,2160742,0
20141010,85.3500,85.9500,82.4700,82.5900,1925491,0
20141013,82.3100,83.4000,79.2000,79.6400,4212803,0
20141014,80.0600,81.1500,77.4700,78.9700,2527910,0
20141015,77.1900,79.0400,75.3400,78.8900,2609892,0
20141016,76.7000,79.9800,76.2400,79.5200,1573495,0
20141017,80.8200,81.4600,80.5000,81.0500,1482534,0
20141020,80.7600,84.0400,80.7600,83.5400,1541463,0
20141021,85.0000,88.3500,84.5100,88.0850,2421541,0
20141022,88.1000,88.4900,85.8900,85.9200,1150339,0
20141023,86.6700,88.7600,85.6000,87.6300,1123797,0
20141024,87.2600,88.4100,86.6300,88.2500,724312,0
20141027,87.5400,88.2199,86.3300,86.9300,769023,0
20141028,87.0900,88.8300,87.0000,88.8200,876361,0
20141029,88.6000,88.6300,86.7700,87.3800,1048763,0
20141030,86.7400,88.0600,85.2700,86.3100,1345083,0
20141031,88.6300,89.6700,87.3100,88.6600,1622648,0
20141103,89.3300,89.3500,85.0000,85.2100,2340811,0
20141104,83.6600,84.9700,82.6200,83.7900,2655208,0
20141105,73.6900,74.4895,71.0500,71.9500,12428330,0
20141106,72.3000,74.4900,72.2000,74.0050,3383699,0
20141107,74.1700,74.3700,72.8000,73.6500,1357241,0
20141110,73.7200,74.1400,72.4200,72.8900,1777499,0
20141111,72.8100,73.2650,68.8800,69.9900,4352960,0
20141112,69.9800,70.7400,69.3500,70.3800,2095043,0
20141113,70.6000,71.6900,68.4400,69.0200,2372633,0
20141114,69.1400,69.9800,67.1400,69.9100,2926384,0
20141117,69.6500,70.1799,68.2800,68.5300,1647860,0
20141118,68.3100,70.4800,68.3100,70.2100,2712226,0
20141119,70.3200,71.4100,69.5000,71.4000,2425866,0
20141120,71.4300,72.2800,70.7600,71.4500,2021218,0
20141121,72.5100,72.5100,71.1100,71.3100,1598640,0
20141124,71.8500,72.1800,70.8700,71.8150,1396451,0
20141125,71.8600,72.0200,70.6501,71.8600,1272932,0
20141126,71.8600,72.9700,71.5450,72.7700,1409513,0
20141128,72.8400,74.2900,72.8300,73.6500,1050174,0
20141201,73.5000,73.7000,70.5900,71.0500,1776740,0
20141202,72.0000,76.9700,71.7500,76.6800,4526115,0
20141203,75.6200,76.8600,75.3100,75.7300,2932395,0
20141204,75.7500,77.9400,75.2139,77.2200,2429056,0
20141205,77.5800,77.8600,76.8700,77.1400,1816803,0
20141208,76.9800,76.9800,73.5900,74.0000,2540167,0
20141209,73.1900,74.3700,72.5384,74.0600,1894537,0
20141210,74.0200,74.6350,72.1500,72.4400,1702386,0
20141211,73.0000,74.3700,72.5000,72.8000,1373822,0
20141212,72.0700,73.6000,71.5801,72.3800,1136702,0
20141215,73.2000,73.6900,71.9100,72.1900,1161917,0
20141216,71.8800,72.7400,71.1450,71.2100,1542731,0
20141217,71.3800,72.6320,71.0000,72.5300,1462897,0
20141218,73.1300,75.0900,73.0700,75.0700,1503866,0
20141219,75.3000,75.9300,74.8400,75.6500,2053706,0
20141222,75.7500,76.9000,75.7300,76.8700,1548319,0
20141223,77.1000,77.4090,75.6100,75.8900,2240800,0
20141224,76.0500,76.4700,75.9300,76.1400,306648,0
20141226,76.5200,77.1900,76.1600,76.9100,533877,0
20141229,76.6400,76.6400,75.4300,75.7600,1229441,0
20141230,75.2900,76.3700,75.0000,75.4900,1042871,0
20141231,75.7800,76.0000,74.5000,74.6600,1849284,0
20150102,75.5700,76.1200,73.6800,74.5900,1143467,0
20150105,74.3600,74.4900,72.4100,72.7300,1718314,0
20150106,72.6700,73.0000,68.8400,70.0100,2462719,0
20150107,70.8400,71.3000,70.4300,70.8400,1739511,0
20150108,69.4000,73.5600,69.3550,73.2600,1761914,0
20150109,73.6800,74.8300,73.0900,74.5300,1937124,0
20150112,74.7000,74.9820,70.8100,71.4500,1873217,0
20150113,72.1200,73.6100,70.7100,71.4700,1340713,0
20150114,70.8100,71.2300,68.2700,69.7300,1822632,0
20150115,70.0000,70.3600,66.2600,66.3900,1982316,0
20150116,66.1700,68.2800,66.0400,68.1800,1547575,0
20150120,68.7500,69.4300,67.4800,69.2400,1457584,0
20150121,69.0000,69.9500,68.7200,69.3500,1315830,0
20150122,69.6000,71.2900,68.6401,71.1200,1576956,0
20150123,70.7000,71.5300,69.6700,69.7700,1735688,0
20150126,69.6500,70.0100,69.0700,69.3200,1617806,0
20150127,68.4600,70.5700,67.7400,69.1000,1441866,0
20150128,69.4700,69.9900,67.8500,67.9300,1045223,0
20150129,67.9800,68.4450,66.4800,68.0000,1351761,0
20150130,67.3900,68.1200,66.2700,67.0100,1534636,0
20150202,67.2700,67.8300,66.1800,67.7000,1067143,0
20150203,69.0000,70.9700,68.5700,70.8100,1854041,0
20150204,70.6200,71.7600,70.4200,71.1800,1509206,0
20150205,71.3200,71.5900,70.5300,70.5800,1099787,0
20150206,70.0000,70.2500,67.7900,68.5800,2583989,0
20150209,68.1500,69.2200,68.0900,68.4700,3503560,0
20150210,69.1000,70.2300,68.4000,69.9800,3225983,0
20150211,69.7500,70.1675,66.6200,67.2700,4709018,0
20150212,77.1100,84.7000,77.0000,82.4000,11505684,0
20150213,81.7400,84.8700,80.5200,84.8100,4096950,0
20150217,84.8400,84.8800,83.8800,84.2600,2747711,0
20150218,84.3300,85.6400,84.0800,85.5800,3307008,0
20150219,85.9200,89.1100,85.8150,88.6600,3710720,0
20150220,88.5400,88.9300,87.3100,88.7800,2768613,0
20150223,88.8000,89.6900,87.3700,88.8700,2372741,0
20150224,88.4600,89.1500,87.9700,88.5000,1641900,0
20150225,88.1400,89.5000,88.1200,89.1700,1877474,0
20150226,89.1800,90.3000,89.1700,89.8600,2193152,0
20150227,90.1700,90.4000,88.9300,89.2500,1605440,0
20150302,89.2900,91.2500,89.1300,91.2100,1477588,0
20150303,91.0000,91.4700,87.8600,90.4700,3917892,0
20150304,90.4500,90.5300,87.9850,89.2400,1658026,0
20150305,89.3600,89.4900,87.1100,87.9800,2129934,0
20150306,87.3500,87.9800,84.9300,85.7000,2045135,0
20150309,85.7000,86.4200,84.9800,86.0100,1292891,0
20150310,84.8300,85.2300,83.5000,84.1700,1338597,0
20150311,84.2000,84.4000,83.1500,83.2200,1254861,0
20150312,83.4300,84.6600,83.2300,84.1500,1202921,0
20150313,83.8600,84.2700,82.0001,82.5200,1162182,0
20150316,83.0300,83.5700,82.4000,83.1700,998198,0
20150317,82.7800,83.7000,82.3300,83.3950,987782,0
20150318,83.1000,84.5800,82.7300,84.3100,1514822,0
20150319,84.5300,84.9600,83.2800,83.8000,1289705,0
20150320,84.5900,86.5300,84.0400,86.3500,2816128,0
20150323,86.6100,87.2000,86.3500,86.5100,1554040,0
20150324,86.5000,86.5000,85.3500,85.3800,1347424,0
20150325,85.4800,85.5500,84.0200,84.1800,2067100,0
20150326,83.8200,84.2500,82.9700,83.6200,1184966,0
20150327,83.3800,84.1500,83.1700,83.7900,755748,0
20150330,84.3100,84.6000,83.4600,83.6100,922586,0
20150331,83.4100,84.1800,83.1700,83.1700,1049550,0
20150401,83.3800,83.5100,81.5800,82.3400,1332066,0
20150402,82.4800,83.3200,82.0500,82.5050,966227,0
20150406,80.6100,83.8550,80.5500,83.4000,2474129,0
20150407,83.4600,83.8000,82.8000,82.8300,829055,0
20150408,83.0100,83.9646,82.6600,83.0500,950292,0
20150409,83.3300,83.8000,81.9900,83.1800,1622619,0
20150410,83.1200,83.3000,82.5100,82.9300,813081,0
20150413,83.1300,84.4500,83.0000,83.5200,714191,0
20150414,83.5600,83.8400,82.0500,83.2700,873773,0
20150415,83.3300,83.8000,82.3800,83.0900,938297,0
20150416,83.3400,84.6200,82.5300,82.6000,773708,0
20150417,82.0000,82.5500,79.8808,80.7100,1900612,0
20150420,81.0600,81.5000,80.7100,80.9700,1234323,0
20150421,81.2000,81.4000,80.7100,81.2800,1153992,0
20150422,81.5300,82.8700,80.8400,82.7150,1089197,0
20150423,82.3400,83.3400,82.0200,82.7850,772069,0
20150424,82.8300,83.5600,81.4100,81.5700,850081,0
20150427,81.9100,83.7700,81.4500,81.6900,734205,0
20150428,81.5500,82.3800,80.9600,81.5600,1248739,0
20150429,81.2600,82.8450,81.1800,81.7000,1421868,0
20150430,81.5400,81.6800,79.8300,80.4900,1316062,0
20150501,81.8900,83.0000,79.8200,80.8200,1537710,0
20150504,81.3300,81.3300,79.8000,79.9100,1792433,0
20150505,78.4700,79.8200,77.3300,77.7200,2869629,0
20150506,78.1400,78.4600,76.2750,76.8000,3238665,0
20150507,78.1800,80.7200,75.6500,78.4700,6044338,0
20150508,79.4000,82.2500,79.0300,81.9300,2348760,0
20150511,82.0100,82.8200,81.1100,81.6300,1360615,0
20150512,81.0100,81.7700,80.6500,80.8200,1329757,0
20150513,80.7800,81.5100,80.7400,81.1500,1074209,0
20150514,81.4400,82.2500,80.9300,82.1600,1042480,0
20150515,82.1800,82.6100,81.3000,81.8300,770819,0
20150518,81.8600,82.3600,81.3400,81.4900,1696471,0
20150519,81.9700,82.5100,80.2900,80.6500,1120360,0
20150520,80.7800,80.9299,79.0000,79.7700,1596166,0
20150521,79.7200,80.1900,79.0300,79.3000,1265390,0
20150522,79.6600,80.3700,79.6600,80.2700,1133102,0
20150526,80.1100,80.5700,77.6900,77.7700,1631374,0
20150527,77.8800,78.6300,77.7800,78.5000,1076872,0
20150528,78.2600,78.5400,76.7900,76.8000,933877,0
20150529,76.7100,76.7700,75.6200,76.2600,1936688,0
20150601,76.2400,76.9400,75.7000,76.5100,1271737,0
20150602,76.1500,77.0600,75.7620,76.3200,874924,0
20150603,76.0300,76.2200,74.7600,75.0700,1647105,0
20150604,74.6800,75.1500,74.1425,75.1200,1592554,0
20150605,74.9600,76.5100,74.7000,76.4100,1442982,0
20150608,76.2900,76.4900,75.4200,75.4850,1616862,0
20150609,75.3500,75.7300,74.8000,75.2100,698504,0
20150610,75.6300,76.9800,75.6300,76.4750,1031578,0
20150611,76.6400,77.0900,75.9200,76.2600,932875,0
20150612,75.8600,76.2900,75.4800,76.1000,780209,0
20150615,75.5100,76.0000,74.7600,75.8300,1057552,0
20150616,75.5600,76.7780,75.5600,76.4500,859263,0
20150617,76.6200,88.7900,75.8900,87.6500,13189176,0
20150618,85.7700,91.4200,85.6500,90.6700,7526852,0
20150619,90.6900,91.2800,89.5600,90.9400,3202568,0
20150622,91.1500,92.0000,90.1100,90.7400,1438482,0
20150623,90.7300,90.8100,89.4100,90.2400,1436252,0
20150624,89.9300,90.1400,88.4200,88.9800,1115884,0
20150625,89.1500,89.1500,87.9600,88.1600,761739,0
20150626,87.9700,88.9100,87.9700,88.8400,928861,0
20150629,87.6600,88.5000,85.5500,85.7700,1028479,0
20150630,87.0100,87.6100,86.0200,87.1400,1037251,0
20150701,88.0000,88.7800,86.5300,86.9000,768313,0
20150702,87.0100,87.6699,86.2100,86.8700,869811,0
20150706,86.5000,86.9900,85.8980,86.8900,953739,0
20150707,87.0300,87.1900,84.8800,86.8300,954166,0
20150708,85.6000,86.7300,85.1500,85.5800,770141,0
20150709,86.5300,87.4700,85.9600,85.9600,825739,0
20150710,87.1700,88.5700,86.5600,88.4400,848489,0
20150713,89.4100,90.7300,89.0500,90.3000,1141533,0
20150714,89.9700,91.1300,89.4100,89.6800,1152205,0
20150715,89.4100,90.9600,89.0300,90.3800,859755,0
20150716,91.0200,91.8100,89.9800,91.1100,871624,0
20150717,91.3000,92.7500,90.8700,92.1800,1110581,0
20150720,92.6800,92.8000,91.2300,91.9900,1010195,0
20150721,92.3100,92.7100,90.0600,92.5500,1481601,0
20150722,92.5900,93.7000,91.5800,91.7500,1333951,0
20150723,92.1900,94.0000,91.8000,93.3700,2947386,0
20150724,84.5350,86.3600,80.3900,80.8600,6527752,0
20150727,80.3500,82.4700,78.9301,80.6000,2765417,0
20150728,80.8500,80.8500,79.1700,79.3400,2341702,0
20150729,78.8400,80.1000,78.7800,79.7100,1530556,0
20150730,79.6000,79.6400,77.7500,78.6900,2050323,0
20150731,78.7900,79.4200,77.3200,79.3800,1818476,0
20150803,79.3900,80.0500,78.2300,78.8500,1120594,0
20150804,78.6400,79.2800,78.0400,78.4000,1012017,0
20150805,79.6800,80.2400,77.9200,77.9600,1600007,0
20150806,77.9500,78.1245,74.7800,76.1200,1940934,0
20150807,76.2400,76.4100,73.8500,74.3200,1616921,0
20150810,75.2000,75.7000,73.8700,75.3100,1354363,0
20150811,74.5500,75.0500,73.8300,74.6700,1600672,0
20150812,73.5400,73.8500,71.5300,73.5000,1918988,0
20150813,73.2700,73.8763,71.3000,71.7000,1925356,0
20150814,71.8400,72.9100,71.5500,72.4900,874909,0
20150817,72.3000,73.5700,71.0700,73.5000,981965,0
20150818,73.4700,73.4700,71.9100,72.2600,1173507,0
20150819,71.8700,72.1800,71.1400,71.7500,1369334,0
20150820,70.7900,71.7500,70.2100,70.3800,1714233,0
20150821,69.7900,71.1200,69.0100,69.5100,2151316,0
20150824,65.6500,69.0600,62.5000,66.2700,2362286,0
20150825,68.6300,69.8000,66.2500,66.5400,2143755,0
20150826,67.8300,68.7200,65.7900,68.3800,2695673,0
20150827,69.2300,70.7600,68.6600,70.3400,1268398,0
20150828,69.7200,70.8800,69.2000,70.6000,1016609,0
20150831,70.1100,70.8400,69.5200,69.9000,1078849,0
20150901,68.1600,69.5300,67.8900,68.1900,1611461,0
20150902,69.3400,69.9600,68.4500,69.7300,847989,0
20150903,69.8600,71.1600,69.1600,69.4700,2015431,0
20150904,68.6000,68.7400,67.1200,67.2100,1391842,0
20150908,67.5000,68.0900,67.3600,67.6000,1969481,0
20150909,68.3200,68.5300,66.7500,66.9200,1336508,0
20150910,66.6300,68.4000,66.3400,67.4900,1725722,0
20150911,67.3600,67.8600,65.6200,66.9200,1688771,0
20150914,67.1600,68.3400,66.4000,67.7900,1077613,0
20150915,67.4100,70.3400,66.2700,70.0600,2178597,0
20150916,70.3600,70.7400,69.2300,69.9000,1876993,0
20150917,69.8500,70.4900,69.1000,69.8900,2169422,0
20150918,69.2100,70.0999,68.4000,68.6400,1647802,0
20150921,68.8700,69.3000,67.9900,68.3800,735646,0
20150922,67.7300,68.3800,66.5300,67.2000,1121293,0
20150923,67.0800,67.7200,65.6600,65.6900,972882,0
20150924,65.1000,65.7000,64.3700,65.4600,1249850,0
20150925,65.7400,66.4850,64.3400,64.8900,1091945,0
20150928,64.7000,65.3000,62.7900,62.8800,1313278,0
20150929,62.9700,63.9600,62.2400,63.4200,945851,0
20150930,64.0100,64.3184,62.6200,63.0200,1295584,0
20151001,63.2400,64.3400,63.0000,64.1300,1376818,0
20151002,63.2300,66.3600,63.0700,66.3600,1098040,0
20151005,67.3000,67.7800,66.8100,67.2400,1068196,0
20151006,67.2000,68.1600,66.7600,66.8400,1368192,0
20151007,67.1900,68.4300,66.1400,67.7300,770511,0
20151008,67.4000,69.6500,67.4000,69.5800,918818,0
20151009,69.3400,69.3800,67.5700,67.9800,1290844,0
20151012,68.0100,68.5000,66.7100,67.4800,673184,0
20151013,67.1300,68.3000,66.4300,66.6900,692307,0
20151014,81.9800,84.5000,78.2000,83.7200,16787246,0
20151015,83.2100,83.5500,79.8200,83.3600,4448776,0
20151016,83.7000,83.7200,81.0901,83.2000,2217746,0
20151019,83.3900,85.1600,82.5300,84.1400,1990946,0
20151020,84.3000,85.0800,83.4400,84.2500,1401663,0
20151021,84.8000,84.8000,82.0000,82.1700,1123878,0
20151022,82.4000,83.7100,81.4700,83.5600,1611394,0
20151023,85.0700,85.1500,82.3000,82.9000,2157770,0
20151026,82.9500,84.0700,82.5300,83.6500,1232548,0
20151027,81.9900,82.4600,80.7400,81.7600,1197682,0
20151028,81.7700,82.3500,80.8700,81.3000,1401244,0
20151029,81.2600,82.0200,80.7400,80.9300,1579598,0
20151030,81.2700,84.7000,80.7600,83.7800,1926561,0
20151102,83.6700,83.7200,82.2700,83.1600,1386683,0
20151103,83.3100,84.0400,82.0500,82.2500,1914143,0
20151104,81.8100,83.2000,81.6300,82.6200,1275463,0
20151105,83.9500,84.5600,82.7600,83.1100,2121343,0
20151106,74.4900,77.9700,73.5700,77.4200,7608348,0
20151109,76.4400,77.6500,74.8150,77.1200,3294930,0
20151110,76.9200,78.5300,76.7900,78.3500,2006304,0
20151111,78.9700,81.1300,78.1450,79.7400,1882666,0
20151112,79.1600,80.5200,78.6400,79.1500,1357263,0
20151113,78.6100,79.1500,76.8000,77.9500,1683357,0
20151116,77.5000,78.5600,75.7800,78.5500,1600535,0
20151117,78.3700,79.6100,77.4200,78.1200,1211920,0
20151118,78.8700,83.7700,78.8100,83.6800,2792667,0
20151119,83.5500,85.2200,83.0600,84.5500,2071294,0
20151120,85.0100,85.8700,84.0900,84.9800,1807477,0
20151123,86.0100,86.1950,84.3300,84.8000,1864194,0
20151124,83.9300,83.9300,81.8800,82.9800,1861774,0
20151125,82.9000,83.1700,82.2700,82.7700,730421,0
20151127,82.8000,83.3500,82.3100,82.7900,417348,0
20151130,82.8100,82.9800,81.7740,82.3700,1099397,0
20151201,82.8500,83.4400,82.4790,82.9300,834827,0
20151202,82.5600,83.3200,82.2400,82.9200,913494,0
20151203,82.7400,84.9100,82.5810,83.1400,1746939,0
20151204,83.0600,84.7100,82.3300,84.3700,1517574,0
20151207,83.9900,84.4800,82.3700,83.0700,1406650,0
20151208,82.5400,83.8400,81.8900,83.2000,745702,0
20151209,82.7500,84.1700,82.1380,82.4100,821996,0
20151210,83.8400,84.1400,82.6500,83.5200,1041407,0
20151211,82.3900,83.4700,82.0000,82.4800,784749,0
20151214,82.3900,84.1900,82.0500,83.8000,1179525,0
20151215,84.2700,87.0800,83.8400,85.9100,1254225,0
20151216,86.6800,87.5000,84.6100,86.8800,1274297,0
20151217,87.1700,87.2600,85.2100,85.3800,915540,0
20151218,84.9400,85.7400,83.8400,84.3500,1680861,0
20151221,85.0000,85.7899,83.1800,84.1200,724971,0
20151222,84.4800,84.6500,83.0200,84.4000,542638,0
20151223,84.7800,85.1500,83.6600,84.8800,961844,0
20151224,85.0900,85.9300,84.6050,85.4500,735416,0
20151228,84.9800,85.4600,84.1700,85.2000,1226017,0
20151229,86.0000,86.9300,85.4501,86.5100,472733,0
20151230,86.3900,86.8300,85.9403,86.1500,452934,0
20151231,85.8700,86.5840,85.2000,85.2500,458581,0
20160104,83.6400,83.7600,82.0200,82.9800,1417700,0
20160105,83.3900,83.9700,80.9500,81.9300,1228996,0
20160106,81.3400,81.7400,79.2300,80.1000,2206406,0
20160107,78.3300,78.9400,76.8100,77.6900,1645024,0
20160108,77.7700,78.6000,75.9200,76.1800,1186948,0
20160111,76.6600,77.3100,75.6000,76.9500,1122903,0
20160112,77.1800,78.8000,76.3400,77.3600,978794,0
20160113,77.4800,78.0000,71.5800,72.9400,2306805,0
20160114,73.2100,73.3600,69.2700,71.9200,2529627,0
20160115,69.7700,70.6900,68.8800,70.6300,2443639,0
20160119,71.3400,72.3400,70.0700,71.1900,1846616,0
20160120,70.0300,70.9000,65.7800,69.2600,2035369,0
20160121,69.2900,72.4600,68.1700,69.5100,1309657,0
20160122,70.6800,72.4500,69.7700,70.6500,827740,0
20160125,70.7600,71.0100,69.2300,69.4900,922915,0
20160126,69.9200,70.4400,67.4400,69.6900,2189909,0
20160127,65.8112,69.1400,65.4200,67.5400,2822540,0
20160128,67.2900,68.1000,65.0000,67.3200,2331391,0
20160129,67.3100,68.1200,66.3700,66.7600,2354614,0
20160201,66.5200,67.6400,65.8000,67.1900,1508910,0
20160202,66.4700,66.8400,62.1000,63.0000,2579990,0
20160203,63.7000,64.2600,60.8800,62.7700,1670377,0
20160204,62.8900,64.5200,62.3100,63.8100,1473113,0
20160205,63.2700,63.5750,57.2901,58.3700,4517343,0
20160208,57.0100,57.8400,55.2850,55.8800,3823715,0
20160209,55.3200,57.1700,53.5100,54.0900,2080332,0
20160210,54.9000,55.9900,53.4800,54.3500,4073312,0
20160211,60.9200,64.7500,59.4900,61.0700,8494359,0
20160212,61.0000,61.0700,57.8500,59.9000,3696912,0
20160216,60.3900,63.4700,59.9500,63.3200,2600143,0
20160217,65.0200,67.0000,64.0700,65.3500,2923761,0
20160218,65.4100,65.9900,62.3900,63.0700,1625239,0
20160219,62.7000,63.7700,61.3800,63.4200,1456390,0
20160222,61.8000,63.5100,61.3700,63.1100,1737462,0
20160223,63.0000,63.2100,60.3850,60.7000,2222766,0
20160224,60.0000,61.1550,58.5300,60.6600,2131227,0
20160225,60.8300,62.0700,59.7600,62.0500,1016575,0
20160226,62.1900,62.9500,61.6800,62.3800,1368303,0
20160229,62.2800,63.3000,61.8100,62.6000,1808537,0
20160301,63.2100,66.3900,62.7300,66.1000,2521661,0
20160302,66.0700,66.4250,64.5300,65.3200,1499517,0
20160303,65.0500,66.6200,64.4500,65.5700,1304714,0
20160304,65.8500,65.9100,64.2200,65.1000,1298291,0
20160307,65.0400,66.2300,63.7000,65.5000,1606145,0
20160308,65.1100,65.9500,62.4900,62.5700,1685157,0
20160309,62.6500,63.6100,60.0200,60.9800,2328035,0
20160310,61.4500,61.8600,59.3300,61.0200,1831185,0
20160311,61.8100,63.7500,61.3800,63.7000,1351218,0
20160314,63.0800,68.2800,63.0501,66.5400,4924826,0
20160315,66.4300,66.9700,65.5500,66.8000,2040028,0
20160316,66.8200,67.7400,66.0101,67.4800,1561376,0
20160317,67.2200,68.2180,65.2500,65.3100,1706997,0
20160318,65.2500,65.2700,63.4500,64.3100,4052739,0
20160321,64.4000,65.7900,64.3600,65.7100,1277359,0
20160322,64.0000,65.0800,63.6500,64.0400,1819354,0
20160323,64.1600,64.3396,61.5075,61.7400,1829825,0
20160324,61.7200,62.4400,60.5000,62.2300,1412525,0
20160328,62.6100,63.1400,61.5300,62.5100,1119740,0
20160329,62.7900,65.9100,62.0200,65.5800,2125519,0
20160330,65.9300,68.0700,65.8300,66.5800,1881899,0
20160331,66.0000,66.8450,65.3300,66.5000,1369639,0
20160401,66.0500,67.3900,65.1000,67.2300,1408035,0
20160404,67.4400,67.5000,64.9300,65.0900,924970,0
20160405,64.0900,64.7900,63.0900,63.9600,1542094,0
20160406,64.3900,65.7600,63.8500,65.5300,943666,0
20160407,65.2300,65.5077,62.5800,63.3500,1934951,0
20160408,64.0700,64.5800,61.7000,62.2400,2004962,0
20160411,62.4800,62.8600,60.5500,60.5900,1778966,0
20160412,60.5600,61.4900,60.2000,61.4400,1483348,0
20160413,61.9600,63.8600,61.8000,63.7900,1944429,0
20160414,63.8500,64.2700,63.0320,63.5100,885821,0
20160415,63.6000,63.7700,62.2900,63.0000,1161685,0
20160418,63.0600,65.6400,62.6900,65.4400,1661833,0
20160419,65.8800,65.8800,63.9863,64.5400,1728406,0
20160420,64.7000,64.8400,63.6400,64.3900,893718,0
20160421,64.6500,65.0000,63.3900,63.8100,1050385,0
20160422,63.4700,64.5500,62.9700,63.3400,1202155,0
20160425,63.1700,63.4700,62.0000,62.5500,921045,0
20160426,62.5300,63.5923,62.0200,62.5000,1073563,0
20160427,62.5000,63.7400,61.9600,63.6900,1351808,0
20160428,64.1200,65.0000,63.4400,63.6000,2553804,0
20160429,64.0000,64.9800,62.3800,64.5900,1497021,0
20160502,64.4200,65.2400,63.9000,64.8900,1605074,0
20160503,64.2700,65.9900,63.1900,65.8300,3396977,0
20160504,64.2800,64.8200,62.6700,63.1300,3950266,0
20160505,61.0000,65.8000,60.5600,62.0400,6724217,0
20160506,61.6000,62.0900,59.6400,62.0700,2836101,0
20160509,62.3800,64.9500,62.1500,63.0900,3080773,0
20160510,63.5700,66.8900,63.5600,66.1000,3015653,0
20160511,66.2100,66.4000,65.2200,65.6700,1999638,0
20160512,66.0500,66.0500,63.1600,63.7800,2220439,0
20160513,63.7100,64.9100,63.6700,64.4600,1706327,0
20160516,64.5100,65.2500,64.2400,64.9000,1019015,0
20160517,64.9500,66.8000,64.9100,65.7900,2462340,0
20160518,65.2800,65.6500,63.4100,64.1700,1839677,0
20160519,64.0700,64.5300,62.5700,63.2500,1393535,0
20160520,63.5400,65.1900,63.4100,64.5300,1537314,0
20160523,64.8100,68.4300,64.5300,66.8700,3065866,0
20160524,66.9200,67.8300,66.0200,66.0700,1997487,0
20160525,66.1800,67.2200,65.7000,66.9000,1382370,0
20160526,66.8400,67.3500,65.8000,66.6000,831961,0
20160527,66.5400,68.5300,66.3900,67.3200,1099086,0
20160531,67.5000,68.0800,67.1800,67.7400,1291550,0
20160601,67.4100,67.6790,66.0600,67.0600,705138,0
20160602,66.7900,68.7599,66.2700,68.6300,1101915,0
20160603,68.3000,68.4100,67.1600,68.1600,1152855,0
20160606,68.6300,71.6100,67.9200,71.4600,2795053,0
20160607,69.7800,69.9500,68.0500,68.6300,4043021,0
20160608,69.0300,69.8700,68.7600,69.2400,1433241,0
20160609,69.0200,70.5100,68.8500,69.4700,965454,0
20160610,68.7600,69.1500,66.9004,67.2200,1490079,0
20160613,67.0200,68.5900,66.0100,66.1100,1313339,0
20160614,65.6500,66.3700,64.2200,65.0700,1371200,0
20160615,65.4300,66.2200,64.7000,64.8400,1324886,0
20160616,63.9900,64.6300,62.5250,64.3900,1525440,0
20160617,64.0600,64.7700,62.8500,63.0800,1721964,0
20160620,63.9800,65.7500,63.6200,64.6600,1451116,0
20160621,64.9100,64.9100,63.6301,64.5100,821236,0
20160622,64.3400,65.3000,64.1600,64.7400,720388,0
20160623,65.3200,66.4400,65.0200,65.9800,1232639,0
20160624,62.7100,64.3700,61.3600,61.8700,4040842,0
20160627,61.2000,61.6650,58.9550,60.0300,2754654,0
20160628,60.6900,61.5980,60.3000,61.1500,1051407,0
20160629,61.9700,64.2300,61.8700,63.8900,1619304,0
20160630,64.0200,64.8500,63.4000,64.3000,1102681,0
20160701,64.3000,65.3600,64.2800,64.6100,894437,0
20160705,64.1500,64.5800,63.7500,64.3000,1213204,0
20160706,63.8800,65.1200,63.8100,64.9800,1123874,0
20160707,65.1300,66.1700,65.0000,65.6100,1226521,0
20160708,66.0900,67.4600,66.0800,67.1300,1127944,0
20160711,67.1900,68.5300,67.1800,68.2000,1079098,0
20160712,68.5900,70.3800,68.3300,69.7200,1701264,0
20160713,69.8900,70.3600,68.2000,68.5900,2277015,0
20160714,69.3600,69.9057,68.3800,68.5300,1025367,0
20160715,68.9100,68.9100,67.7500,68.2600,836307,0
20160718,68.0600,69.1099,67.8700,68.7400,912744,0
20160719,68.4900,68.7300,68.0800,68.5500,577217,0
20160720,68.5800,69.8000,68.1100,69.2900,1071011,0
20160721,69.3600,69.6900,68.2200,68.6900,899820,0
20160722,69.1400,70.2300,68.4900,70.0900,1113460,0
20160725,70.0200,70.3100,69.4500,70.0600,948504,0
20160726,70.0500,71.0600,69.6600,69.9400,977281,0
20160727,70.0500,70.2200,69.4800,69.8500,1319931,0
20160728,71.1000,71.6900,69.6700,71.2300,1337206,0
20160729,69.5000,70.4400,69.1700,69.9700,2141397,0
20160801,70.0900,70.7000,69.4000,70.4500,1787017,0
20160802,70.2800,70.2800,68.2400,69.4100,2308981,0
20160803,69.3100,70.3700,68.8000,69.4900,2839094,0
20160804,64.0000,66.1300,62.6900,63.5900,8055276,0
20160805,63.0400,63.6000,60.7300,60.8100,4774315,0
20160808,61.0000,61.8600,60.6800,61.8400,3214652,0
20160809,62.0200,62.3000,60.7400,61.1000,3068763,0
20160810,61.1800,61.6600,60.9400,61.2500,2132997,0
20160811,61.2600,62.0000,61.1000,61.5900,1347690,0
20160812,61.3100,61.9500,61.0300,61.7000,1400234,0
20160815,61.8700,62.4500,61.6200,62.1300,1198986,0
20160816,62.0700,62.5100,61.8850,62.0000,1338208,0
20160817,62.1000,62.2700,61.6700,62.0500,1040843,0
20160818,62.1500,62.5000,61.7950,62.2300,803956,0
20160819,62.1300,62.5500,61.4600,62.0000,1173530,0
20160822,62.0000,62.0000,61.3400,61.8000,1178406,0
20160823,61.9100,63.2900,61.8710,62.6400,1635146,0
20160824,62.7200,63.5800,61.7100,61.9300,970182,0
20160825,62.0000,62.4500,61.5100,61.9000,1203934,0
20160826,62.2800,63.2100,61.9750,62.3700,915208,0
20160829,62.2500,62.4000,61.7900,61.9400,1107237,0
20160830,62.3900,62.5100,60.9500,61.2500,1025150,0
20160831,61.3700,61.4800,60.7500,61.0000,1038768,0
20160901,60.9100,61.5800,60.8000,61.3200,826172,0
20160902,61.6000,61.9600,60.8900,61.2000,854334,0
20160906,61.1100,61.9800,60.6400,61.5200,1576234,0
20160907,61.8100,62.8500,61.5828,62.1600,1002932,0
20160908,61.9500,62.2500,61.4400,61.8000,855402,0
20160909,61.3600,62.9700,61.1300,61.7200,2189028,0
20160912,61.5400,63.7400,61.5400,63.6100,1770834,0
20160913,62.8600,63.3400,62.5200,63.0400,1154938,0
20160914,62.0800,63.3800,61.7600,61.8100,1397986,0
20160915,61.6500,62.0360,60.9500,61.8200,1205622,0
20160916,61.6900,61.7300,60.4900,61.2900,1939840,0
20160919,61.5600,61.6400,59.8100,60.0000,1682681,0
20160920,60.1600,60.4600,59.7200,60.2500,1034291,0
20160921,60.5000,60.7800,59.8700,60.5400,1148222,0
20160922,60.7400,61.4300,60.3900,61.3600,1000522,0
20160923,61.4400,62.1700,61.2100,61.8700,1141972,0
20160926,61.6500,61.9700,61.3300,61.8900,794122,0
20160927,62.0100,64.6800,61.9200,64.2600,2138473,0
20160928,64.3700,65.0300,63.7200,64.0800,1262345,0
20160929,63.7900,64.4200,62.8200,63.0000,1897957,0
20160930,62.9800,63.4800,62.9600,63.1800,1440371,0
20161003,62.9000,63.4450,62.2100,63.3500,706410,0
20161004,63.7400,64.7300,63.4100,64.4200,857297,0
20161005,64.7500,66.1300,64.5400,65.8700,1943921,0
20161006,65.8900,65.8900,64.3600,64.8400,1489170,0
20161007,65.0900,65.0900,63.6000,64.0000,1036917,0
20161010,64.2400,64.8000,64.0100,64.6000,933022,0
20161011,64.5000,64.6000,63.1000,63.4300,1823150,0
20161012,63.3900,63.4450,62.5000,62.9900,1428955,0
20161013,62.6600,62.6600,61.7500,62.2400,1535794,0
20161014,62.4000,62.6500,61.1100,61.3100,1811427,0
20161017,61.4300,61.8500,60.6900,61.4600,1277235,0
20161018,62.6600,63.4900,62.0700,63.1900,1431097,0
20161019,63.1600,64.2400,63.1600,63.8700,1495950,0
20161020,63.6900,63.7100,61.9100,62.0300,1323809,0
20161021,61.8700,63.6700,61.7400,62.9600,1830793,0
20161024,63.5700,63.9400,63.1700,63.8300,1154707,0
20161025,63.7200,64.2650,63.1050,63.5300,809825,0
20161026,62.5400,63.5200,61.5100,61.7500,1385705,0
20161027,62.3900,62.5300,61.2400,61.8500,1375148,0
20161028,62.4800,64.8600,61.8350,64.3400,2305103,0
20161031,64.6300,64.7400,64.0000,64.4800,1104620,0
20161101,64.4100,64.5800,62.9300,63.4700,1230280,0
20161102,63.3800,63.6500,61.5000,61.6300,1247510,0
20161103,61.6600,63.2500,61.3900,62.7400,1086357,0
20161104,62.3100,64.0500,62.3100,63.6400,1335058,0
20161107,64.6000,64.8500,63.3600,63.4300,2572375,0
20161108,63.5600,65.5620,62.8200,63.1000,5751442,0
20161109,53.0000,56.0200,51.0000,52.6300,18722345,0
20161110,52.7000,53.7300,51.0100,51.8300,6201629,0
20161111,51.9400,51.9400,50.5900,51.0100,3315910,0
20161114,51.0300,51.2800,48.5200,48.8000,5529621,0
20161115,49.5700,50.5200,49.3300,50.0200,4208320,0
20161116,49.8400,51.2000,49.7400,50.4000,3255364,0
20161117,50.1800,51.6900,50.0990,50.9700,2224996,0
20161118,50.7700,51.5100,50.2900,50.7900,1328694,0
20161121,51.3000,52.0450,50.9300,51.6800,1424197,0
20161122,51.6900,52.0800,51.2300,51.3400,1228470,0
20161123,51.0000,51.0100,50.3900,50.7900,1049513,0
20161125,50.9200,51.4000,50.6600,51.1700,496407,0
20161128,51.0600,51.1900,50.0700,50.1800,1918305,0
20161129,50.4300,50.8200,49.1600,49.3000,2329644,0
20161130,49.2400,49.7200,48.2500,48.2800,2546753,0
20161201,48.3400,48.3900,46.8800,47.1600,2255443,0
20161202,47.2000,47.3500,45.9500,46.4600,2579679,0
20161205,47.1300,48.5100,46.6900,47.9800,2751336,0
20161206,48.1300,48.5000,47.7730,48.1700,1341135,0
20161207,48.1900,48.4050,47.5400,47.6000,2712731,0
20161208,47.3900,48.3100,47.2500,48.0600,1618642,0
20161209,48.1700,49.4000,48.0100,49.2300,1791889,0
20161212,49.0100,49.3600,48.2500,48.7100,2054730,0
20161213,48.8300,49.5500,48.6600,49.0300,1399846,0
20161214,49.0200,49.1900,47.3800,47.6200,2774098,0
20161215,47.6900,47.9800,47.1400,47.3800,1833475,0
20161216,47.5700,48.0900,47.1800,47.3700,3654763,0
20161219,47.5300,47.6000,46.3850,46.4500,1907452,0
20161220,47.0900,49.7500,47.0200,48.7900,5561949,0
20161221,49.4900,49.4900,46.2050,46.2800,2698164,0
20161222,46.4300,46.4540,45.6300,46.3900,2659024,0
20161223,46.4700,46.6900,46.1700,46.5400,1217178,0
20161227,46.5800,47.4825,46.4900,47.2900,1410909,0
20161228,47.2300,47.6500,46.6400,46.8500,1347912,0
20161229,46.7500,47.1200,46.5300,46.9500,1619955,0
20161230,47.0000,47.2700,46.1600,46.3700,1496521,0
20170103,46.7500,47.6319,46.2100,47.5100,1903893,0
20170104,47.7400,48.9950,47.6300,48.8600,2006021,0
20170105,48.8900,49.7500,48.8300,49.2000,1706767,0
20170106,49.0100,51.0600,48.5550,50.7700,2855207,0
20170109,50.9200,51.4250,50.4000,50.9200,2532807,0
20170110,51.0700,51.8800,50.2400,51.3100,2468484,0
20170111,51.0100,51.9200,50.8300,51.6600,1553022,0
20170112,51.7200,52.3500,50.8100,51.8800,2487637,0
20170113,52.0300,53.3000,52.0300,52.9200,2245003,0
20170117,52.5600,53.5800,52.3800,52.6000,1848208,0
20170118,52.6600,53.3900,52.4600,52.8800,1263280,0
20170119,52.9000,53.1100,51.5800,52.1600,2094416,0
20170120,52.2300,52.9200,51.2600,51.8500,2116178,0
20170123,51.7900,51.8454,50.9100,51.3900,1544799,0
20170124,51.6600,52.3800,50.7600,52.1300,1395893,0
20170125,52.7500,52.8600,52.0600,52.6500,1378333,0
20170126,52.7300,52.8400,52.1000,52.1800,769276,0
20170127,52.4600,52.4600,51.6700,52.0000,807628,0
20170130,51.9700,52.3300,51.2300,52.2500,1111629,0
20170131,51.9800,53.1800,51.8000,52.9000,1368179,0
20170201,52.9900,53.4700,51.5700,51.8700,1751190,0
20170202,51.8100,52.7300,51.3000,52.0600,1039080,0
20170203,52.4000,52.9550,52.0600,52.6100,949978,0
20170206,52.5000,52.8702,51.6300,51.9600,1621802,0
20170207,52.0300,52.4000,51.5000,51.9600,1295974,0
20170208,51.9600,52.3200,51.4500,51.8900,1772084,0
20170209,52.1200,52.9000,52.0400,52.5100,2365952,0
20170210,52.7000,52.9000,51.8200,52.0000,2476233,0
20170213,52.0200,52.2025,51.3300,51.3900,2572190,0
20170214,51.5000,52.4600,50.7200,52.1900,3826097,0
20170215,52.3300,53.2900,52.2000,52.7000,5477650,0
20170216,49.0000,50.3600,46.8425,46.9200,12269895,0
20170217,46.9700,47.6500,46.3200,47.0600,5923803,0
20170221,47.2500,47.3100,46.7700,46.8400,2376459,0
20170222,45.8400,46.1600,44.9600,45.5500,4307398,0
20170223,46.1200,46.2000,43.2100,43.4600,6774281,0
20170224,43.1500,43.3600,42.0000,42.6200,4600113,0
20170227,42.0100,43.2000,41.8100,42.8100,4824741,0
20170228,42.1800,42.2500,41.1470,41.4700,3822502,0
20170301,41.7900,41.9000,40.7400,41.4700,3834035,0
20170302,40.8500,41.5303,40.4500,40.8200,3113504,0
20170303,40.9400,41.7850,40.8100,41.7400,3644822,0
20170306,41.5000,41.6850,40.8100,41.6000,3420521,0
20170307,41.3500,41.9200,41.1000,41.3100,3297945,0
20170308,41.2300,44.0600,41.2000,43.8300,7533572,0
20170309,43.9400,44.6000,43.1167,43.5900,4019274,0
20170310,43.7200,44.3500,43.2750,43.6000,2689811,0
20170313,43.6200,44.0000,43.1500,43.5100,1469913,0
20170314,43.4000,43.5000,41.9400,42.2600,1764608,0
20170315,42.4400,42.8800,41.9950,42.7100,1724475,0
20170316,42.8200,43.1800,42.6100,43.0700,1501337,0
20170317,43.2300,43.3900,42.8800,43.2700,1977520,0
20170320,43.1900,43.3990,42.8200,43.0000,1285766,0
20170321,43.2600,43.3600,41.6450,41.7100,2277747,0
20170322,41.8000,41.8000,40.8700,41.4000,2779483,0
20170323,41.3500,42.7000,40.9200,42.5200,4923684,0
20170324,42.7300,43.0200,42.4500,42.6900,2332418,0
20170327,42.3300,42.9400,42.0000,42.6600,1533078,0
20170328,42.5200,43.4200,42.5000,43.1300,1555330,0
20170329,43.1000,43.7700,42.8300,43.6500,1692964,0
20170330,43.5000,43.5800,42.8000,43.3100,2738351,0
20170331,43.3800,43.6200,43.0200,43.1600,2397030,0
20170403,43.2600,43.4400,42.1600,42.7700,2933468,0
20170404,42.5400,42.7600,41.5800,41.6400,2180064,0
20170405,41.7800,42.3300,41.3500,41.7600,4000608,0
20170406,41.9400,42.7525,41.7500,42.3000,4097634,0
20170407,42.2900,42.5900,42.0400,42.0600,3163950,0
20170410,42.2000,42.6300,42.0300,42.2400,3422301,0
20170411,42.0800,42.1400,41.1200,41.4500,3750046,0
20170412,41.4500,42.1000,41.2000,41.5000,1855635,0
20170413,41.5000,41.7550,41.1600,41.3600,1823628,0
20170417,41.7200,41.8000,40.8900,41.7700,2617698,0
20170418,41.4900,42.0950,41.1400,41.9700,1905690,0
20170419,42.1800,42.8900,41.9600,42.0300,2303454,0
20170420,42.2800,42.9950,42.1500,42.7100,1849877,0
20170421,42.6800,43.0550,42.3200,42.6500,3827367,0
20170424,43.1000,43.8000,42.8200,43.3400,2478476,0
20170425,43.4800,43.9396,42.7700,43.6500,1895268,0
20170426,43.7000,44.8600,43.6800,44.5000,2742514,0
20170427,44.5100,45.3100,44.1100,45.1000,3332995,0
20170428,45.2000,45.2000,43.6600,45.0100,3595247,0
20170501,45.0300,45.5000,44.7700,44.9600,1976853,0
20170502,45.0700,46.1200,44.7400,46.1000,2258918,0
20170503,46.1300,46.2300,44.8500,45.1100,2747312,0
20170504,45.1200,45.9500,45.0200,45.8900,2866146,0
20170505,45.8600,46.4500,45.7300,46.1700,1856360,0
20170508,46.1800,47.3800,46.0300,47.0300,3871232,0
20170509,47.1000,48.1000,46.8200,46.9200,3973456,0
20170510,49.8000,50.9500,46.7000,47.9900,8294472,0
20170511,47.3600,47.5200,45.5100,45.6300,4066942,0
20170512,46.0900,46.6800,45.5730,46.2500,2143018,0
20170515,46.4000,47.0800,46.2000,46.6700,1895534,0
20170516,47.0400,47.0400,45.5200,45.6200,2330939,0
20170517,45.0000,45.5300,43.7600,43.9700,4133487,0
20170518,43.9700,44.9300,43.6600,44.6100,1815425,0
20170519,44.7400,44.7400,43.8900,44.0800,2063639,0
20170522,44.3000,44.5600,42.4600,42.9700,4617195,0
20170523,42.9300,42.9300,40.6700,40.8700,5552820,0
20170524,40.7700,40.9050,39.9300,40.8000,4140077,0
20170525,40.8100,40.8300,39.7900,39.8200,3473503,0
20170526,39.2500,39.6800,38.3200,39.0700,4810048,0
20170530,38.9100,39.2300,38.6600,39.0600,3203149,0
20170531,39.2500,39.3150,38.2300,38.5100,3220450,0
20170601,38.6500,40.1400,38.6500,39.9700,2950849,0
20170602,40.0000,40.1100,38.7600,39.1300,2239526,0
20170605,39.1300,39.2900,38.7700,39.0400,1141131,0
20170606,38.9300,38.9300,38.0100,38.0700,2254272,0
20170607,38.2000,38.5000,36.8500,37.2800,3143368,0
20170608,36.9700,37.6500,36.9600,37.3900,2010499,0
20170609,37.3100,37.7900,37.0500,37.4800,2779188,0
20170612,37.4200,38.4000,37.3400,37.8100,2468765,0
20170613,37.9500,38.8100,37.8800,38.7800,2354753,0
20170614,38.9200,39.3900,38.4400,38.5700,2216225,0
20170615,38.2600,38.3700,37.4000,37.9100,1364480,0
20170616,37.7700,37.9800,37.3400,37.9100,2845656,0
20170619,37.0700,37.3900,35.9600,36.1000,3829651,0
20170620,36.0900,36.5800,35.6900,36.0100,2395710,0
20170621,36.1000,36.1000,35.3400,35.8200,1589651,0
20170622,35.8200,36.2300,35.6100,35.7400,1676629,0
20170623,35.8500,36.9950,35.7100,36.9600,2714784,0
20170626,37.0700,37.3531,36.6200,36.6700,1889950,0
20170627,36.7900,37.2500,36.2400,36.4900,1365303,0
20170628,37.0600,38.7300,37.0000,38.1400,3550711,0
20170629,38.0200,38.4900,37.2202,38.0000,2103628,0
20170630,38.2000,38.9100,38.1400,38.2000,1902112,0
20170703,38.4800,38.7900,38.2100,38.4800,1079510,0
20170705,38.4500,38.6400,37.4500,37.7800,2221957,0
20170706,37.6800,37.8500,36.6000,36.6600,1990108,0
20170707,36.6800,37.1500,36.5300,36.6400,1416612,0
20170710,36.6000,36.7000,36.0500,36.1900,1830279,0
20170711,36.2300,36.8500,35.9900,36.4100,1377136,0
20170712,36.7400,37.5800,36.3500,37.3100,1749181,0
20170713,37.3700,38.1500,37.3100,38.0300,1408831,0
20170714,38.1400,38.5500,37.7900,38.1300,1435123,0
20170717,38.1300,38.6900,37.8050,38.0000,939416,0
20170718,38.0000,38.3100,37.7500,38.2800,1506104,0
20170719,39.1000,39.8400,38.6300,39.6000,3698217,0
20170720,39.6000,39.7600,37.8700,37.8900,2081329,0
20170721,37.8600,38.0900,36.8190,37.5400,2339224,0
20170724,37.4800,37.6600,37.0000,37.2700,1364761,0
20170725,37.5600,38.9300,37.1401,38.8200,1828804,0
20170726,39.0400,39.4900,38.5500,39.0600,2045819,0
20170727,39.0100,39.3600,38.1300,38.5300,2961877,0
20170728,38.0000,39.7700,38.0000,39.3800,4329146,0
20170731,39.4300,39.4999,38.4300,39.0200,2142384,0
20170801,39.2400,39.2565,37.1100,37.3500,3064111,0
20170802,37.2600,37.6500,36.8600,37.5700,2667897,0
20170803,37.5800,37.9700,37.2100,37.8100,1877013,0
20170804,38.0000,39.7799,37.8600,39.5100,3820675,0
20170807,39.4900,40.2700,39.2500,39.5600,3950854,0
20170808,39.5800,39.9800,38.8500,39.5500,4366303,0
20170809,36.5500,40.8200,35.5500,40.5400,15031630,0
20170810,40.2300,41.7000,39.3700,39.7100,7582926,0
20170811,39.8300,42.3600,39.7800,42.1800,5424646,0
20170814,42.3600,42.3800,41.3300,41.4800,4269346,0
20170815,41.3800,41.5400,40.6100,40.6600,2983170,0
20170816,40.9100,41.7300,40.0700,40.1700,3208365,0
20170817,39.7700,40.3100,39.1700,39.2100,3428673,0
20170818,39.0300,40.2200,38.9500,39.9200,2263477,0
20170821,39.9300,40.6400,39.7900,40.4800,2126756,0
20170822,40.6600,41.1700,40.4200,41.0900,1710363,0
20170823,40.8600,41.6200,40.5200,41.3400,1672217,0
20170824,42.0000,43.8600,42.0000,43.3200,4544885,0
20170825,42.2400,42.8800,41.2900,41.7200,3931089,0
20170828,41.6400,42.0600,41.1700,41.9800,1698964,0
20170829,41.6000,41.8300,40.8600,41.6900,2290617,0
20170830,41.7900,42.9900,41.0900,42.5700,1885315,0
20170831,42.6400,43.1950,42.3210,42.7300,1870166,0
20170901,42.9100,43.3900,42.6700,42.7400,2094665,0
20170905,42.5900,44.8400,42.5900,44.5500,3308298,0
20170906,43.5200,44.5100,42.5200,44.3100,3777038,0
20170907,44.3500,45.9700,44.0600,45.8100,3435037,0
20170908,45.6300,45.7500,44.7300,45.0600,2399881,0
20170911,45.3800,45.4700,44.3000,44.4800,2752549,0
20170912,44.5000,45.3000,44.5000,44.8200,1980196,0
20170913,44.6500,44.7200,44.0800,44.4100,2302984,0
20170914,44.2100,44.5800,42.8400,42.9700,2658205,0
20170915,43.1500,44.0900,42.6500,43.9300,2600024,0
20170918,44.2200,44.8125,43.3200,43.5900,1686712,0
20170919,43.7300,44.0900,43.2500,43.6000,1728383,0
20170920,43.6000,44.0500,43.3100,43.9200,1448438,0
20170921,43.8700,44.6400,43.5001,44.2400,1401324,0
20170922,44.2900,44.5000,44.0800,44.3650,1101388,0
20170925,43.5100,43.5900,39.9100,41.2250,8543226,0
20170926,41.4900,42.1400,40.8600,41.1300,2172733,0
20170927,40.9300,42.1700,40.6225,41.9400,2296745,0
20170928,41.8100,42.1700,40.3800,40.4600,2697314,0
20170929,40.7300,41.1000,40.4900,40.5300,1494204,0
20171002,41.1100,41.8100,40.0600,40.9800,2057791,0
20171003,40.9200,41.9400,40.5200,41.8400,2428836,0
20171004,42.0200,43.4400,41.8500,43.4000,2121105,0
20171005,43.3900,44.0100,42.6500,43.6100,2830097,0
20171006,43.7300,43.7800,41.2300,41.6100,2398363,0
20171009,41.5500,42.1800,41.2600,42.0400,1407892,0
20171010,42.2800,42.3900,40.8400,40.9900,2268129,0
20171011,41.2000,41.6700,40.3000,40.3300,2200838,0
20171012,40.1800,40.4600,39.1500,39.5300,2435580,0
20171013,39.7000,40.2900,39.3500,39.4000,1900220,0
20171016,39.4100,39.8050,38.7800,39.7200,1463464,0
20171017,39.7100,40.5600,39.5000,40.3600,1624315,0
20171018,40.4600,40.4600,39.7300,40.0100,1618480,0
20171019,39.8100,40.6900,39.5700,40.4800,1438066,0
20171020,40.6600,40.7700,40.1900,40.3000,1589612,0
20171023,40.3600,40.5501,39.6800,39.7400,1388643,0
20171024,40.4600,40.4600,38.4700,39.3000,2466364,0
20171025,38.3700,38.5000,37.2500,37.5900,5336670,0
20171026,37.6700,38.2800,37.3000,37.7500,3345760,0
20171027,36.7000,37.2000,35.8800,37.0500,6133659,0
20171030,36.9500,37.6700,36.8451,37.3500,1877013,0
20171031,37.4000,38.2200,36.5800,37.5000,6622704,0
20171101,37.7600,38.4700,37.6750,37.8700,2562618,0
20171102,37.7200,38.9000,37.7200,38.4900,3084056,0
20171103,38.6800,38.9400,38.0300,38.8800,2339364,0
20171106,39.0500,39.7500,38.5700,39.5300,4708556,0
20171107,34.7100,34.8000,30.2100,30.3500,28814725,0
20171108,30.1900,32.3200,29.7900,31.6600,13164502,0
20171109,31.0300,32.0900,31.0200,31.5600,5414041,0
20171110,31.4900,31.6900,30.9300,31.1900,2747686,0
20171113,30.8000,31.1700,30.4000,30.7500,3678641,0
20171114,30.4900,30.8525,29.9900,30.0600,4644312,0
20171115,30.0000,30.6600,29.5000,30.5300,3982776,0
20171116,30.5500,30.8350,29.9700,30.3300,4114053,0
20171117,30.2400,30.6400,29.8200,30.5900,3114653,0
20171120,30.5100,30.9200,30.1500,30.4800,2818581,0
20171121,30.5100,32.9600,30.5000,32.8100,11376763,0
20171122,32.7700,34.4800,32.3100,34.1900,8118811,0
20171124,34.1300,34.3403,33.6200,34.1700,2230615,0
20171127,34.4400,35.6699,34.1300,34.4000,4757432,0
20171128,34.3500,34.7400,33.9500,34.7100,4968046,0
20171129,34.8500,35.3200,34.4400,34.5700,3444429,0
20171130,34.5100,35.1700,34.3800,34.6200,2295055,0
20171201,34.6300,34.7800,34.0500,34.2900,2576546,0
20171204,34.6600,35.4400,34.3300,34.7600,3429299,0
20171205,34.7100,34.9500,34.2500,34.3900,2157516,0
20171206,34.2500,34.7050,34.0900,34.4200,2131955,0
20171207,34.3700,34.6500,34.1300,34.4500,2308400,0
20171208,34.6700,35.1000,34.3100,34.5000,2507414,0
20171211,34.4900,35.5500,34.3000,35.3200,2646438,0
20171212,35.0600,35.7100,35.0000,35.1000,2546413,0
20171213,35.2400,35.5200,34.6400,34.7100,2448628,0
20171214,34.7200,34.9100,34.4000,34.4900,1633932,0
20171215,34.5000,35.3000,34.2000,35.0300,4176597,0
20171218,35.2300,35.9950,35.1900,35.4600,3277088,0
20171219,35.3200,35.5000,34.4100,34.7700,2738450,0
20171220,34.9900,34.9900,34.3850,34.4600,2137510,0
20171221,34.4900,35.0850,34.4700,34.7400,2370313,0
20171222,34.7600,34.7600,34.4200,34.5700,1229239,0
20171226,34.6300,34.6700,34.2500,34.5300,1389552,0
20171227,34.5400,34.6600,34.3401,34.5300,1238572,0
20171228,34.5300,34.8000,34.0000,34.5000,1869326,0
20171229,34.5200,34.6800,34.2500,34.4600,1369056,0
20180102,34.6100,34.8800,34.1500,34.7700,2563373,0
20180103,34.9600,35.5000,34.6700,34.9700,1985381,0
20180104,35.2200,35.4100,34.2400,34.9200,2679599,0
20180105,34.9800,35.1450,34.6500,34.7300,1599401,0
20180108,34.6000,34.8300,34.2650,34.6700,1859359,0
20180109,34.8700,34.8800,34.4500,34.5900,1373575,0
20180110,34.3600,34.6200,34.1600,34.4900,2106906,0
20180111,34.5900,35.6100,34.4200,35.2800,3974680,0
20180112,35.4300,36.6750,35.2500,36.5400,4174491,0
20180116,37.3600,37.4200,35.7800,35.8900,3808860,0
20180117,36.2100,36.2300,35.1700,35.9000,4625860,0
20180118,35.9100,36.4700,35.1500,35.6200,2912073,0
20180119,35.5400,35.8000,35.0550,35.4500,3034840,0
20180122,35.4900,37.2650,35.1500,37.2000,3078401,0
20180123,37.1900,38.1700,36.2600,36.3000,3319973,0
20180124,36.3500,36.8300,35.8400,36.3100,2171348,0
20180125,36.7700,36.8000,35.5800,36.4900,1665894,0
20180126,36.8000,36.9700,36.1200,36.7800,1177487,0
20180129,36.5500,37.4800,36.1400,36.3300,1851601,0
20180130,36.0400,36.1100,34.8800,34.9000,2038554,0
20180131,34.9900,35.1400,34.0900,34.6700,2496525,0
20180201,34.2800,34.9500,34.2300,34.6200,1477888,0
20180202,34.4400,34.9300,34.0791,34.3500,1449306,0
20180205,34.3400,36.2000,34.1800,35.6200,4377581,0
20180206,34.8900,41.3100,34.7600,40.8400,11436749,0
20180207,40.5100,41.3400,40.0000,41.0500,4177114,0
20180208,41.2000,41.3300,40.0500,40.0500,5187631,0
