DATE, OPEN, HIGH, LOW, CLOSE, VOL, p
20160408,41.61,44.35,41.32,44.02,3602269,0
20160411,43.64,43.68,40.97,41.46,4094862,0
20160412,41.25,41.66,40.23,41.65,3613194,0
20160413,41.33,42.68,41.33,41.80,4425387,0
20160414,41.99,42.86,41.91,42.23,2525995,0
20160415,41.82,42.05,41.19,42.00,2344083,0
20160418,41.39,42.54,41.39,42.42,2541724,0
20160419,42.55,43.36,42.25,43.00,1644552,0
20160420,42.86,43.57,42.75,42.76,2267344,0
20160421,46.35,46.53,43.99,45.73,3270959,0
20160422,45.48,46.18,44.09,45.06,2398820,0
20160425,44.89,44.90,44.11,44.26,2107535,0
20160426,44.21,44.89,43.85,43.95,2181075,0
20160427,44.19,44.21,41.75,42.16,1280876,0
20160428,42.11,43.09,41.84,41.89,1445833,0
20160429,41.71,41.89,40.47,40.80,1964394,0
20160502,40.57,40.82,39.88,40.27,1453798,0
20160503,39.42,40.47,39.42,40.12,1539218,0
20160504,38.85,38.90,37.04,37.39,4516156,0
20160505,37.40,38.17,37.08,37.49,1121631,0
20160506,37.00,37.35,36.27,36.38,1346938,0
20160509,36.31,36.72,35.96,36.31,1705626,0
20160510,36.59,37.28,36.40,36.55,1282800,0
20160511,36.00,36.12,34.81,35.23,1941428,0
20160512,35.57,35.66,34.81,35.19,1634456,0
20160513,34.97,35.23,34.48,34.71,1908143,0
20160516,34.58,34.91,34.45,34.54,1695997,0
20160517,34.45,34.74,34.10,34.47,1895456,0
20160518,34.33,34.40,33.70,34.22,980956,0
20160519,33.78,35.00,33.78,34.85,1057401,0
20160520,34.89,35.65,34.73,35.58,1052853,0
20160523,35.53,36.00,34.75,34.83,683835,0
20160524,35.01,36.09,34.99,35.58,1143097,0
20160525,35.91,36.00,35.35,35.48,1322956,0
20160526,35.51,35.51,34.91,34.92,875007,0
20160527,34.97,35.21,34.84,35.06,1105514,0
20160531,35.24,35.40,34.65,34.97,6311414,0
20160601,33.39,33.76,32.63,33.72,3080985,0
20160602,33.67,34.32,33.66,34.22,2785411,0
20160603,33.78,34.32,33.78,34.16,967862,0
20160606,34.17,34.57,34.12,34.40,1956465,0
20160607,34.80,35.28,34.21,35.20,1441146,0
20160608,35.67,36.55,35.28,36.44,1287361,0
20160609,36.23,36.32,35.84,36.14,1224965,0
20160610,35.75,36.41,35.70,35.79,616887,0
20160613,35.62,35.74,34.62,34.68,1254294,0
20160614,34.66,34.75,34.00,34.40,1086008,0
20160615,34.45,35.47,34.45,34.77,1062818,0
20160616,34.22,34.27,33.16,33.48,1215871,0
20160617,33.72,34.25,33.60,34.14,1302234,0
20160620,34.71,35.17,34.65,34.77,845879,0
20160621,34.91,35.48,34.75,34.92,585535,0
20160622,34.95,35.01,34.26,34.32,635385,0
20160623,34.55,34.78,34.40,34.67,1260783,0
20160624,32.85,33.91,32.85,33.50,1992597,0
20160627,32.96,33.08,31.31,31.90,1417621,0
20160628,32.25,33.97,32.12,33.90,1570613,0
20160629,34.60,36.11,34.58,35.91,1750614,0
20160630,35.91,36.42,35.22,36.40,853283,0
20160701,36.27,36.98,36.26,36.84,922536,0
20160705,36.50,36.62,35.12,35.51,613245,0
20160706,35.35,36.27,35.26,36.26,558456,0
20160707,36.20,36.88,36.14,36.88,592469,0
20160708,36.82,37.10,36.37,36.78,700295,0
20160711,36.87,36.96,36.39,36.57,547215,0
20160712,36.62,38.07,36.62,37.87,1145476,0
20160713,37.61,38.00,36.93,37.22,956793,0
20160714,37.38,37.66,36.86,37.02,862302,0
20160715,37.13,37.40,36.98,37.23,872239,0
20160718,37.22,37.50,37.15,37.20,472422,0
20160719,36.91,37.32,36.81,36.95,752065,0
20160720,37.17,37.27,36.70,36.79,1092535,0
20160721,36.54,37.44,36.54,37.27,621696,0
20160722,37.02,37.67,36.80,37.48,564229,0
20160725,37.40,38.78,36.92,38.78,1865516,0
20160726,38.43,39.42,36.51,37.50,3664292,0
20160727,37.50,37.52,35.43,35.93,1135565,0
20160728,35.73,36.05,35.18,35.75,577543,0
20160729,35.39,35.89,35.14,35.70,1040839,0
20160801,35.66,36.13,35.36,35.50,614412,0
20160802,35.36,35.41,34.14,34.39,882696,0
20160803,33.70,35.45,33.66,35.27,795669,0
20160804,35.10,35.64,34.98,35.14,629520,0
20160805,35.30,36.40,35.30,36.17,646783,0
20160808,36.22,36.87,35.69,35.93,514122,0
20160809,35.75,36.26,35.47,35.57,568616,0
20160810,35.89,36.39,35.38,35.43,491077,0
20160811,35.71,37.38,35.71,37.02,925013,0
20160812,36.95,37.50,36.73,37.10,900174,0
20160815,37.20,38.47,37.14,38.04,681308,0
20160816,38.33,38.78,38.15,38.65,1134121,0
20160817,38.50,38.61,37.72,37.92,688512,0
20160818,37.75,38.25,37.73,37.95,468424,0
20160819,38.12,39.08,37.97,38.76,736540,0
20160822,38.69,42.94,38.37,38.80,745420,0
20160823,38.80,39.45,38.76,39.28,793594,0
20160824,39.15,39.50,38.66,38.88,790866,0
20160825,38.90,39.14,38.03,38.26,652959,0
20160826,38.41,38.53,37.76,38.00,585499,0
20160829,38.02,38.46,37.70,37.90,520620,0
20160830,37.74,37.82,37.14,37.36,633191,0
20160831,36.85,36.95,35.56,35.65,1211708,0
20160901,35.54,35.81,35.23,35.70,640605,0
20160902,35.75,35.75,34.51,34.58,904905,0
20160906,34.69,35.09,34.43,34.76,751348,0
20160907,34.86,35.71,34.65,35.58,1030010,0
20160908,35.23,35.78,34.89,35.05,480753,0
20160909,34.69,34.99,34.01,34.01,731780,0
20160912,33.86,34.86,33.76,34.80,1058864,0
20160913,34.34,34.63,33.54,33.89,663327,0
20160914,33.79,34.37,33.56,33.79,557953,0
20160915,33.56,33.97,33.36,33.86,817903,0
20160916,33.84,34.38,33.53,34.21,1048059,0
20160919,34.30,34.42,33.75,33.83,834715,0
20160920,33.90,34.03,33.40,33.46,755835,0
20160921,33.61,34.44,33.40,34.30,560546,0
20160922,34.49,34.76,34.33,34.70,500236,0
20160923,34.76,34.94,34.26,34.28,454105,0
20160926,34.00,34.05,33.45,33.58,462474,0
20160927,33.45,34.01,33.16,33.97,832673,0
20160928,34.05,34.63,33.86,34.37,977311,0
20160929,34.23,34.68,33.67,33.68,457026,0
20160930,33.99,34.16,33.64,33.86,814210,0
20161003,33.63,34.14,33.48,34.05,814176,0
20161004,33.91,34.29,33.49,33.70,957928,0
20161005,33.71,33.99,33.34,33.38,1140184,0
20161006,33.24,33.26,32.63,32.90,587518,0
20161007,33.01,33.09,32.67,32.85,485301,0
20161010,33.40,33.49,33.17,33.27,626684,0
20161011,33.31,33.85,33.04,33.21,615770,0
20161012,33.17,33.99,33.10,33.76,720596,0
20161013,33.23,33.46,32.78,33.39,588463,0
20161014,33.99,34.20,33.51,33.62,543863,0
20161017,33.50,33.62,32.69,32.76,387916,0
20161018,33.17,33.45,32.99,33.31,516782,0
20161019,33.34,34.16,33.34,34.02,598530,0
20161020,33.83,33.88,33.29,33.42,925543,0
20161021,33.15,33.23,32.78,32.96,871124,0
20161024,33.12,33.40,32.75,32.90,726299,0
20161025,28.09,28.74,27.58,28.37,6816097,0
20161026,28.28,28.37,27.42,27.46,6656866,0
20161027,27.64,27.69,25.96,26.49,3365416,0
20161028,26.64,26.72,25.91,25.91,2192129,0
20161031,25.89,26.14,25.53,25.86,1483757,0
20161101,26.01,26.10,25.02,25.51,1917801,0
20161102,25.36,26.09,25.18,25.35,1637801,0
20161103,25.31,25.70,24.93,25.30,1557521,0
20161104,25.22,25.65,25.22,25.61,1293341,0
20161107,25.98,26.15,25.82,25.94,1151279,0
20161108,25.98,26.12,25.69,26.09,765119,0
20161109,25.11,26.15,24.63,25.90,1353172,0
20161110,26.08,26.73,25.61,25.61,860885,0
20161111,25.64,26.13,25.45,25.61,938829,0
20161114,25.73,25.85,24.83,24.88,1067024,0
20161115,25.01,25.57,24.80,25.36,1148414,0
20161116,25.28,25.42,24.98,25.32,1324180,0
20161117,25.48,25.49,24.83,25.27,803381,0
20161118,25.23,25.23,23.57,23.75,1805098,0
20161121,23.84,24.18,23.80,23.80,1138437,0
20161122,23.93,24.09,23.51,24.01,1845767,0
20161123,24.19,24.23,23.72,23.93,1308733,0
20161125,24.10,24.24,23.81,24.14,479124,0
20161128,25.04,26.63,24.76,26.29,7457476,0
20161129,26.77,26.94,25.64,25.86,3222311,0
20161130,25.82,26.22,25.66,25.78,2199829,0
20161201,25.98,26.52,25.14,25.20,1568197,0
20161202,25.30,25.32,24.58,24.77,1736134,0
20161205,24.97,25.37,24.90,25.06,1712967,0
20161206,25.45,25.52,25.01,25.41,1202357,0
20161207,26.65,27.28,26.02,27.03,6525630,0
20161208,28.10,28.85,27.44,28.82,6932695,0
20161209,29.41,29.53,28.28,28.81,4014148,0
20161212,28.90,29.06,27.50,27.61,3197844,0
20161213,27.70,27.98,27.17,27.34,2908443,0
20161214,27.37,27.40,26.44,26.57,2829072,0
20161215,26.79,26.79,25.50,25.80,3919217,0
20161216,25.89,26.16,25.45,25.48,2964252,0
20161219,25.74,25.80,25.26,25.37,2733023,0
20161220,25.48,25.92,25.47,25.69,3071387,0
20161221,25.96,26.11,25.48,26.05,3754527,0
20161222,26.07,26.16,25.36,25.48,2436328,0
20161223,25.63,25.73,25.16,25.23,1443579,0
20161227,25.23,25.50,25.11,25.18,1686147,0
20161228,25.22,25.35,24.86,25.23,1636545,0
20161229,25.28,25.36,25.07,25.12,1784289,0
20161230,25.17,25.33,24.92,25.17,3574747,0
20170103,25.49,25.85,25.25,25.76,1996889,0
20170104,26.00,26.72,25.93,26.57,2626963,0
20170105,26.45,26.47,26.03,26.21,2527895,0
20170106,26.46,27.07,26.41,27.04,3766342,0
20170109,27.47,27.53,26.84,27.02,2815478,0
20170110,27.12,27.64,27.06,27.32,1711264,0
20170111,27.45,27.48,26.75,26.98,1777748,0
20170112,26.91,26.99,26.57,26.84,1295228,0
20170113,26.79,26.92,26.12,26.50,3140155,0
20170117,26.44,26.47,25.97,26.20,2421201,0
20170118,26.23,26.25,25.25,25.35,2693684,0
20170119,25.60,25.74,24.90,25.26,3873137,0
20170120,25.48,25.54,24.90,25.16,3215910,0
20170123,25.19,25.19,24.50,24.96,3062134,0
20170124,25.00,25.21,24.91,25.12,2384133,0
20170125,25.44,25.78,25.40,25.69,2130201,0
20170126,25.78,26.25,25.36,25.50,1404812,0
20170127,25.50,25.64,25.10,25.52,1903559,0
20170130,25.56,25.59,24.82,25.09,3275152,0
20170131,18.78,20.08,18.52,19.22,57001577,0
20170201,19.50,19.56,18.76,18.80,14801052,0
20170202,18.81,18.81,18.05,18.12,12632471,0
20170203,18.25,18.30,18.02,18.19,6407894,0
20170206,18.31,18.40,18.10,18.14,5216788,0
20170207,18.14,18.28,17.77,17.79,7803817,0
20170208,17.80,18.44,17.80,18.30,6765510,0
20170209,18.35,19.33,18.33,19.30,9278095,0
20170210,19.56,19.56,18.86,19.04,6249292,0
20170213,19.25,19.26,18.53,18.65,4709881,0
20170214,18.86,19.48,18.85,19.41,6275821,0
20170215,19.35,19.91,19.16,19.86,7106601,0
20170216,19.94,19.98,19.45,19.63,4232736,0
20170217,19.60,19.90,19.50,19.75,4778767,0
20170221,19.81,19.91,19.60,19.69,2714311,0
20170222,19.77,20.23,19.57,19.78,3964541,0
20170223,19.87,19.87,19.57,19.64,3444352,0
20170224,19.55,19.88,19.30,19.83,3527661,0
20170227,19.45,19.52,19.18,19.28,4606649,0
20170228,19.28,19.35,18.50,18.56,4603906,0
20170301,18.75,18.80,18.42,18.58,3991308,0
20170302,18.58,19.03,18.54,18.96,2784994,0
20170303,18.98,19.02,18.53,18.64,2660710,0
20170306,18.62,18.64,18.20,18.31,3002782,0
20170307,18.25,18.27,17.82,18.11,4527826,0
20170308,18.10,18.15,17.74,17.75,3671815,0
20170309,17.75,17.76,17.37,17.69,4011964,0
20170310,17.75,18.24,17.69,17.75,3194753,0
20170313,17.81,17.88,17.51,17.56,3275733,0
20170314,17.50,17.71,17.40,17.62,2771166,0
20170315,17.67,17.96,17.52,17.83,2213746,0
20170316,17.83,18.34,17.67,18.17,2748003,0
20170317,18.27,18.29,17.91,18.08,3869092,0
20170320,18.08,18.28,17.88,18.26,2103593,0
20170321,18.16,18.21,17.27,17.52,4761530,0
20170322,17.24,17.53,17.05,17.51,3975715,0
20170323,17.47,17.75,17.35,17.44,2245096,0
20170324,18.13,18.53,17.98,18.16,6698222,0
20170327,18.06,18.52,17.95,18.30,3657027,0
20170328,18.36,18.57,18.25,18.49,2665144,0
20170329,18.43,19.05,18.31,18.84,4788240,0
20170330,18.63,18.74,18.34,18.37,3348398,0
20170331,18.40,18.56,18.23,18.30,2767095,0
20170403,18.61,18.63,18.01,18.35,6418661,0
20170404,18.22,18.25,17.88,18.02,4668607,0
20170405,18.08,19.08,18.02,18.56,7405659,0
20170406,18.72,19.38,18.60,19.04,5056812,0
20170407,18.90,18.94,18.33,18.43,4061366,0
20170410,18.42,18.45,17.96,18.19,3626459,0
20170411,18.19,18.22,17.77,18.04,2568013,0
20170412,17.99,18.10,17.80,17.86,1984711,0
20170413,17.86,17.92,17.69,17.76,1943448,0
20170417,17.81,17.83,17.53,17.79,2748210,0
20170418,17.73,17.80,17.62,17.76,1405236,0
20170419,17.81,18.10,17.69,17.93,1906277,0
20170420,17.97,18.18,17.80,18.11,2520258,0
20170421,18.10,18.12,17.52,17.53,4007194,0
20170424,17.76,17.96,17.46,17.93,4068314,0
20170425,17.96,18.14,17.83,17.97,2877427,0
20170426,18.05,18.39,17.97,18.14,5079531,0
20170427,19.12,20.00,19.00,19.82,15165706,0
20170428,19.70,19.75,19.35,19.41,4129647,0
20170501,19.39,19.40,18.89,19.02,4012458,0
20170502,19.23,19.23,18.58,18.73,4383963,0
20170503,18.80,18.80,18.42,18.69,3467632,0
20170504,18.58,18.89,18.42,18.81,3110389,0
20170505,18.92,19.10,18.78,19.09,3039479,0
20170508,19.09,19.28,18.86,19.12,3728923,0
20170509,19.11,19.96,19.11,19.81,3111784,0
20170510,19.86,19.94,19.61,19.65,2324927,0
20170511,19.75,19.80,19.00,19.45,3582521,0
20170512,19.26,19.38,18.82,18.90,3019433,0
20170515,18.90,19.19,18.60,18.65,4381873,0
20170516,18.50,18.52,17.93,17.97,6212949,0
20170517,17.89,18.02,17.61,17.70,4448181,0
20170518,17.70,17.87,17.41,17.63,3022144,0
20170519,17.58,17.92,17.21,17.86,4110757,0
20170522,17.86,18.18,17.77,17.92,2184558,0
20170523,18.00,18.21,17.93,18.04,2155384,0
20170524,18.04,18.18,17.98,18.11,2311145,0
20170525,18.20,18.51,17.95,18.01,2372574,0
20170526,18.05,18.22,17.86,18.07,1572232,0
20170530,18.10,18.37,17.91,18.01,2484338,0
20170531,18.02,18.03,17.47,17.83,3680952,0
20170601,17.90,18.48,17.79,18.39,3323894,0
20170602,18.55,18.93,18.47,18.72,3452648,0
20170605,18.71,19.04,18.44,18.95,2386717,0
20170606,18.87,19.06,18.54,18.97,2713491,0
20170607,19.02,19.55,19.00,19.22,4888619,0
20170608,19.31,19.94,19.28,19.60,3490021,0
20170609,19.64,20.30,19.60,20.21,3642208,0
20170612,20.18,21.35,20.16,21.20,5923190,0
20170613,21.46,21.81,20.87,21.25,6620420,0
20170614,21.25,21.25,20.74,21.09,4181360,0
20170615,20.49,20.76,20.15,20.33,3978983,0
20170616,20.27,20.29,19.24,19.68,4406672,0
20170619,19.69,19.83,19.43,19.67,2350943,0
20170620,19.66,19.67,19.00,19.01,3297510,0
20170621,19.06,19.09,18.52,18.75,4384207,0
20170622,18.80,19.78,18.69,19.24,2745463,0
20170623,19.24,19.68,19.02,19.65,3008161,0
20170626,19.65,20.08,19.59,19.92,2193109,0
20170627,19.97,20.26,19.74,19.90,2378884,0
20170628,20.01,20.48,19.96,20.00,2461430,0
20170629,20.11,20.40,19.65,19.80,2721068,0
20170630,20.03,20.33,19.89,20.16,2481799,0
20170703,20.24,20.60,20.20,20.52,2086423,0
20170705,20.50,20.53,20.22,20.40,1931975,0
20170706,20.22,20.25,19.02,19.10,3786154,0
20170707,19.10,19.41,18.88,19.22,2165292,0
20170710,19.20,19.23,18.71,19.13,2320078,0
20170711,19.07,19.07,18.54,18.92,2684919,0
20170712,19.03,19.18,18.55,18.58,2675834,0
20170713,18.64,18.96,18.60,18.63,2203052,0
20170714,18.65,19.05,18.63,18.93,2970504,0
20170717,19.00,19.20,18.72,18.82,3057294,0
20170718,18.75,18.99,18.41,18.68,3522868,0
20170719,18.66,19.02,18.66,18.91,1796499,0
20170720,19.00,19.39,18.99,19.05,1883844,0
20170721,18.98,19.20,18.58,18.84,3767734,0
20170724,18.60,18.76,18.23,18.26,8232807,0
20170725,18.07,18.40,18.05,18.12,4283015,0
20170726,18.17,18.26,17.46,17.55,5822643,0
20170727,17.62,17.70,17.17,17.37,5227021,0
20170728,17.36,17.47,17.21,17.36,2997254,0
20170731,17.38,18.50,17.38,18.11,6837404,0
20170801,17.01,17.19,16.15,16.23,23226810,0
20170802,16.19,16.48,16.02,16.47,6117635,0
20170803,16.47,16.64,16.26,16.34,5188554,0
20170804,16.46,16.75,16.43,16.61,4049092,0
20170807,16.60,16.70,16.43,16.63,2948004,0
20170808,16.71,17.29,16.71,17.21,4376608,0
20170809,17.02,17.42,17.02,17.17,2380034,0
20170810,16.96,17.00,16.65,16.82,3543586,0
20170811,16.71,17.00,16.69,16.80,1951039,0
20170814,16.86,17.13,16.84,17.11,2569879,0
20170815,16.70,16.86,16.35,16.66,6951239,0
20170816,16.72,16.90,16.66,16.68,2565587,0
20170817,16.60,16.70,16.28,16.28,3776028,0
20170818,16.03,16.10,15.54,15.64,5382648,0
20170821,15.60,15.62,15.10,15.15,5899123,0
20170822,15.20,15.48,15.12,15.42,2868874,0
20170823,15.34,15.64,15.34,15.55,1857176,0
20170824,15.66,15.93,15.56,15.73,2353772,0
20170825,15.83,15.96,15.74,15.94,2344912,0
20170828,15.90,15.94,15.71,15.78,2056665,0
20170829,15.50,15.60,15.05,15.34,4402234,0
20170830,15.35,15.45,15.15,15.18,3784429,0
20170831,15.21,15.32,15.09,15.10,3602310,0
20170901,15.23,15.51,14.98,15.39,3544314,0
20170905,15.26,15.81,15.21,15.62,2707232,0
20170906,15.68,15.96,15.68,15.80,2413618,0
20170907,15.86,16.02,15.83,15.98,2825210,0
20170908,15.98,16.30,15.92,16.12,2234235,0
20170911,16.27,16.49,16.15,16.34,2825140,0
20170912,16.19,16.26,15.82,16.25,3149171,0
20170913,16.29,16.89,16.14,16.87,3903776,0
20170914,16.85,16.88,16.29,16.52,3727761,0
20170915,16.48,16.55,16.33,16.46,3218026,0
20170918,16.48,16.58,16.06,16.14,2505788,0
20170919,15.87,15.93,15.58,15.70,4988164,0
20170920,15.70,15.70,15.10,15.24,4558287,0
20170921,15.27,15.27,15.08,15.13,2583645,0
20170922,15.06,15.28,15.03,15.04,2378142,0
20170925,15.17,15.65,15.17,15.39,3478162,0
20170926,15.45,15.52,15.10,15.14,3561405,0
20170927,15.12,15.14,14.80,15.06,5094964,0
20170928,15.03,15.15,14.95,15.07,2509797,0
20170929,15.09,15.17,14.96,15.02,4255817,0
20171002,15.07,15.09,14.83,15.08,3161560,0
20171003,15.10,15.34,15.03,15.26,2527489,0
20171004,15.25,15.38,15.02,15.03,2798606,0
20171005,15.05,15.19,14.84,15.03,3146738,0
20171006,15.00,15.60,15.00,15.46,4305299,0
20171009,15.45,15.48,15.07,15.30,2668309,0
20171010,15.38,15.69,15.31,15.51,2301739,0
20171011,15.45,15.45,15.10,15.15,2471065,0
20171012,15.05,15.26,14.88,15.22,2772912,0
20171013,15.22,15.35,14.85,14.95,3951624,0
20171016,14.85,15.11,14.85,14.98,2388165,0
20171017,14.97,15.18,14.85,15.11,2131723,0
20171018,15.13,15.21,14.94,14.98,2357352,0
20171019,14.92,15.15,14.90,15.02,2124449,0
20171020,15.12,16.02,15.11,15.91,6638851,0
20171023,15.81,15.94,15.19,15.22,5128332,0
20171024,15.27,15.27,14.77,14.83,5394620,0
20171025,14.79,14.84,14.29,14.65,5756178,0
20171026,14.60,14.83,14.42,14.65,4948339,0
20171027,14.61,14.68,14.30,14.40,5429911,0
20171030,14.17,14.87,14.11,14.74,8583453,0
20171031,13.02,13.36,11.40,11.53,32429854,0
20171101,11.46,11.82,10.91,11.29,21423495,0
20171102,11.23,11.42,10.42,10.84,18685420,0
20171103,10.93,10.95,10.54,10.59,8814565,0
20171106,10.50,11.03,10.36,10.97,8759009,0
20171107,11.10,11.22,10.67,10.74,7766086,0
20171108,10.73,10.87,10.53,10.83,5506720,0
20171109,10.86,11.24,10.73,10.99,7939363,0
20171110,11.01,11.40,10.95,11.37,7558084,0
20171113,11.35,11.52,10.91,10.95,6934196,0
20171114,10.95,11.06,10.74,10.92,3504083,0
20171115,10.80,11.34,10.70,11.11,4719153,0
20171116,11.11,11.30,10.89,11.28,3745674,0
20171117,11.50,11.88,11.38,11.73,7832401,0
20171120,11.75,12.08,11.72,12.07,5918833,0
20171121,12.10,12.17,11.31,11.36,10405808,0
20171122,11.34,11.78,11.25,11.67,3730954,0
20171124,11.71,11.75,11.53,11.59,2138129,0
20171127,11.62,11.72,11.27,11.35,3428359,0
20171128,11.35,11.56,11.25,11.51,2680080,0
20171129,11.57,12.25,11.56,12.18,5586608,0
20171130,12.18,12.42,11.84,11.93,4071782,0
20171201,11.90,11.91,11.53,11.73,4186676,0
20171204,11.85,12.09,11.84,11.98,3428898,0
20171205,12.02,12.08,11.66,11.72,2974935,0
20171206,11.65,11.71,11.37,11.55,3486084,0
20171207,11.57,12.00,11.56,11.93,3157693,0
20171208,11.95,12.29,11.78,12.19,3831527,0
20171211,12.20,12.23,11.93,12.18,3222894,0
20171212,12.18,12.42,12.08,12.38,3485006,0
20171213,12.44,12.48,12.20,12.36,2762430,0
20171214,12.38,12.55,12.21,12.45,2635673,0
20171215,12.83,13.93,12.80,13.62,17534824,0
20171218,13.91,14.33,13.41,14.24,10038716,0
20171219,14.30,14.36,14.00,14.10,4590039,0
20171220,14.04,14.14,13.59,13.72,5148068,0
20171221,13.77,13.97,13.59,13.95,6509678,0
20171222,13.81,13.92,13.47,13.80,6223992,0
20171226,13.73,14.10,13.66,14.07,3014890,0
20171227,14.10,14.56,14.05,14.23,4993855,0
20171228,14.22,14.27,14.00,14.14,4535759,0
20171229,14.07,14.14,13.29,13.32,6607288,0
20180102,13.45,14.01,13.23,13.97,6245491,0
20180103,13.97,14.47,13.97,14.40,3704059,0
20180104,14.44,14.79,14.28,14.75,5996948,0
20180105,14.75,15.69,14.71,14.73,9245544,0
20180108,14.69,15.14,14.64,14.78,4781813,0
20180109,14.16,14.62,13.97,14.10,8639984,0
20180110,13.85,14.05,13.67,13.94,5911978,0
20180111,13.95,14.49,13.82,14.13,6387781,0
20180112,14.21,14.39,13.90,14.14,4507221,0
20180116,13.74,13.88,12.30,12.48,14128467,0
20180117,12.57,12.66,12.27,12.39,6985872,0
20180118,12.33,12.39,12.16,12.37,5984275,0
20180119,12.40,12.98,12.40,12.85,5981803,0
20180122,12.85,13.28,12.67,13.28,4557116,0
20180123,13.36,13.75,13.29,13.59,4112709,0
20180124,13.61,13.76,13.23,13.61,3926566,0
20180125,13.73,13.73,13.14,13.31,3286264,0
20180126,13.30,13.42,13.15,13.27,2509845,0
20180129,13.15,13.42,13.15,13.18,2846864,0
20180130,13.08,13.20,12.77,12.99,2993981,0
20180131,13.02,13.05,12.75,12.85,3101651,0
20180201,12.67,12.91,12.51,12.70,2906188,0
20180202,12.64,12.77,12.30,12.41,2582493,0
20180205,12.25,12.54,11.86,11.87,3053665,0
20180206,11.65,12.12,11.41,12.05,6038306,0
20180207,12.08,12.53,12.05,12.15,3760750,0
20180208,12.14,12.25,11.70,11.95,3267639,0
