DATE, OPEN, HIGH, LOW, CLOSE, VOL, p
20090805,28.94,29.25,28.42,28.58,1652570,0
20090806,28.74,28.74,27.52,28.01,4040896,0
20090807,28.25,28.66,28.13,28.57,2973359,0
20090810,28.41,28.75,28.05,28.72,2050793,0
20090811,28.76,28.98,28.40,28.85,2905532,0
20090812,28.85,30.29,28.66,30.02,4547514,0
20090813,30.24,31.66,30.05,30.65,4217788,0
20090814,30.60,30.65,30.04,30.23,2092095,0
20090817,29.86,30.94,29.64,29.74,1726571,0
20090818,29.26,29.58,28.87,29.00,2723292,0
20090819,28.76,29.42,28.71,29.38,2008095,0
20090820,29.47,29.94,29.22,29.85,1429813,0
20090821,30.06,30.35,29.90,30.06,2395111,0
20090824,30.08,30.38,30.00,30.24,1600044,0
20090825,30.37,30.58,30.02,30.04,1625285,0
20090826,29.99,30.30,29.83,30.20,1277820,0
20090827,30.28,30.35,29.73,30.05,1447796,0
20090828,30.16,30.30,29.42,29.64,2014294,0
20090831,29.51,29.93,29.43,29.93,1684127,0
20090901,29.94,30.20,29.60,29.86,2671886,0
20090902,29.87,29.87,29.20,29.49,2779673,0
20090903,29.54,29.79,28.97,29.76,2149657,0
20090904,29.67,30.12,29.51,30.08,1981289,0
20090908,29.80,30.46,29.30,30.31,2584227,0
20090909,29.26,30.10,29.26,29.88,3499217,0
20090910,29.94,30.09,29.63,30.08,2696217,0
20090911,30.08,30.59,30.08,30.40,2393294,0
20090914,29.58,30.67,29.58,30.66,3431295,0
20090915,30.66,30.80,30.07,30.10,3105298,0
20090916,30.23,30.27,29.90,30.14,2570912,0
20090917,30.03,30.54,29.79,30.02,3018677,0
20090918,30.09,30.80,29.85,30.75,4529828,0
20090921,30.62,30.62,29.85,29.96,2482629,0
20090922,30.05,30.18,29.73,29.88,2750472,0
20090923,29.99,30.02,29.38,29.84,3009029,0
20090924,29.83,29.92,29.45,29.55,2177131,0
20090925,29.52,29.64,28.92,28.98,2112288,0
20090928,29.43,29.95,29.22,29.93,1714285,0
20090929,29.93,30.13,29.71,30.00,2002198,0
20090930,30.05,30.08,29.62,29.82,3271084,0
20091001,29.56,29.65,28.98,28.98,2340232,0
20091002,28.85,29.25,28.85,29.15,2414525,0
20091005,29.28,29.28,28.64,28.92,1999435,0
20091006,29.11,29.17,28.76,28.78,2843141,0
20091007,28.63,28.89,28.28,28.39,3042189,0
20091008,28.62,28.81,28.51,28.68,2225853,0
20091009,28.65,28.82,28.60,28.64,2080268,0
20091012,28.74,28.96,28.65,28.73,1800079,0
20091013,28.75,29.05,28.70,28.97,2379261,0
20091014,29.20,30.00,29.05,29.94,3946165,0
20091015,29.78,31.70,29.78,31.63,6584317,0
20091016,31.09,31.38,30.80,31.22,2547273,0
20091019,31.27,31.29,30.90,31.25,2112622,0
20091020,31.22,31.26,30.75,30.96,1861575,0
20091021,30.86,31.57,30.78,31.09,2175366,0
20091022,31.12,31.55,30.80,31.48,2072434,0
20091023,31.47,31.74,30.89,30.93,1813772,0
20091026,30.96,31.41,30.33,30.63,2404585,0
20091027,30.60,31.24,30.52,31.07,1579933,0
20091028,31.05,31.19,30.55,30.62,2410877,0
20091029,30.74,30.97,30.20,30.77,2095668,0
20091030,30.72,31.16,29.77,29.88,3125360,0
20091102,29.88,30.77,29.75,30.69,2452487,0
20091103,30.68,30.85,30.17,30.48,2012938,0
20091104,30.60,31.08,30.37,30.66,2098756,0
20091105,30.66,31.61,30.65,31.56,2385178,0
20091106,31.51,31.66,31.17,31.64,1463387,0
20091109,31.78,32.51,31.70,32.49,1923319,0
20091110,32.40,32.71,32.23,32.62,1713575,0
20091111,32.78,33.07,32.22,32.43,2445272,0
20091112,32.40,32.49,31.91,31.97,2034540,0
20091113,31.92,32.58,31.90,32.18,2387216,0
20091116,32.19,32.98,32.19,32.79,2143593,0
20091117,32.81,33.14,32.70,33.12,1770096,0
20091118,33.12,33.12,32.63,32.79,1345143,0
20091119,32.45,32.64,32.00,32.17,1769133,0
20091120,32.13,32.42,32.02,32.30,1525541,0
20091123,32.91,33.60,32.83,33.28,2410472,0
20091124,33.21,33.58,32.92,33.53,1950384,0
20091125,33.64,33.66,33.27,33.46,1483797,0
20091127,32.88,33.34,32.75,33.06,840232,0
20091130,32.91,32.99,32.54,32.84,1861150,0
20091201,32.89,33.40,32.89,33.20,1551554,0
20091202,33.22,33.50,32.84,33.20,1854049,0
20091203,33.19,33.71,33.02,33.05,1632952,0
20091204,33.50,33.85,33.13,33.56,1772662,0
20091207,33.49,33.94,33.39,33.79,1335539,0
20091208,33.57,33.64,32.85,33.17,1593224,0
20091209,33.19,33.50,32.98,33.21,1605045,0
20091210,33.26,33.36,33.03,33.36,1981930,0
20091211,33.32,33.59,32.95,33.21,1793306,0
20091214,33.55,33.74,33.23,33.48,1472287,0
20091215,33.32,33.41,32.90,33.04,2086059,0
20091216,33.14,33.27,32.76,32.95,2733628,0
20091217,32.74,33.06,32.48,32.71,2718092,0
20091218,32.97,33.19,32.75,32.99,4291577,0
20091221,33.17,33.76,32.81,32.99,2402998,0
20091222,33.03,33.21,32.81,32.99,1056252,0
20091223,33.17,33.71,33.00,33.66,2105107,0
20091224,33.77,33.95,33.75,33.76,539634,0
20091228,33.81,33.95,33.65,33.94,1597903,0
20091229,33.93,34.15,33.80,34.10,1569220,0
20091230,34.00,34.18,33.82,33.99,1167895,0
20091231,34.04,34.05,33.80,33.81,1346973,0
20100104,34.01,34.26,33.87,34.16,2058727,0
20100105,34.22,34.22,33.78,34.01,2961628,0
20100106,33.87,34.15,33.78,34.00,1636639,0
20100107,33.94,34.12,33.82,34.08,1406678,0
20100108,33.92,34.33,33.67,34.24,1451837,0
20100111,34.36,34.72,34.28,34.67,1731749,0
20100112,34.59,34.90,34.30,34.88,2191874,0
20100113,34.87,35.00,34.66,34.80,1958147,0
20100114,34.71,34.75,34.32,34.44,2481604,0
20100115,34.36,34.39,33.15,33.25,4103623,0
20100119,33.26,33.93,33.18,33.92,3002191,0
20100120,33.65,33.75,33.02,33.72,3236443,0
20100121,33.70,33.99,33.03,33.10,3303894,0
20100122,33.13,33.58,32.83,32.86,2825666,0
20100125,33.11,33.11,32.60,32.64,1669683,0
20100126,32.53,32.91,32.26,32.56,1752672,0
20100127,32.51,32.74,32.14,32.58,1873647,0
20100128,32.73,32.73,31.83,32.11,2761328,0
20100129,32.34,32.52,31.95,32.05,2373688,0
20100201,32.20,32.46,31.83,32.18,1834628,0
20100202,32.18,32.62,32.14,32.51,1881077,0
20100203,32.43,32.57,32.21,32.47,1071169,0
20100204,32.28,32.44,31.73,31.81,2477730,0
20100205,31.74,32.12,31.37,31.82,2663572,0
20100208,31.87,31.95,31.40,31.40,1737654,0
20100209,31.66,32.17,31.56,32.06,2018014,0
20100210,32.06,32.14,31.56,31.92,1374005,0
20100211,31.73,31.99,31.30,31.93,2636183,0
20100212,31.69,32.00,31.29,31.83,3396766,0
20100216,32.49,33.09,32.40,32.90,2948455,0
20100217,33.09,33.20,32.84,33.00,2075042,0
20100218,32.90,33.08,32.67,32.90,2765866,0
20100219,32.81,33.48,32.63,33.38,2581165,0
20100222,33.51,33.51,33.21,33.36,1395910,0
20100223,32.94,33.28,32.54,32.62,2547530,0
20100224,32.73,32.99,32.51,32.92,3163485,0
20100225,32.64,33.03,32.42,33.03,2507117,0
20100226,33.04,33.14,32.79,33.02,1879754,0
20100301,33.04,33.45,33.01,33.37,2404829,0
20100302,33.49,33.63,33.40,33.51,1690030,0
20100303,33.52,33.76,33.34,33.50,1579263,0
20100304,33.50,33.66,33.31,33.47,1389857,0
20100305,33.64,33.86,33.54,33.86,1624926,0
20100308,33.94,33.94,33.56,33.60,1645011,0
20100309,33.58,33.64,33.34,33.62,1929809,0
20100310,33.54,33.59,33.27,33.49,2410897,0
20100311,33.45,33.47,33.11,33.45,2142481,0
20100312,33.45,33.51,33.15,33.42,1906673,0
20100315,33.45,33.73,33.22,33.70,2090908,0
20100316,33.79,33.99,33.68,33.88,2194870,0
20100317,34.00,34.17,33.88,33.97,1658225,0
20100318,34.04,34.19,33.95,34.10,1797894,0
20100319,34.17,34.47,33.98,34.16,4385031,0
20100322,34.04,34.30,34.00,34.27,1962673,0
20100323,34.42,34.72,34.25,34.69,2501745,0
20100324,34.57,34.60,33.99,34.36,2415398,0
20100325,34.58,34.58,34.27,34.27,2169905,0
20100326,34.31,34.64,34.22,34.43,4230198,0
20100329,34.59,34.75,34.34,34.55,1697094,0
20100330,34.63,34.64,34.32,34.44,1705062,0
20100331,34.35,34.57,34.09,34.43,1910172,0
20100401,34.50,34.74,34.40,34.58,1405081,0
20100405,34.72,34.80,34.50,34.68,1256656,0
20100406,34.65,35.04,34.59,34.84,1816258,0
20100407,34.81,34.90,34.63,34.68,1764872,0
20100408,34.67,34.82,34.42,34.61,1651163,0
20100409,34.68,34.80,34.31,34.77,1767072,0
20100412,34.74,34.97,34.71,34.92,1444107,0
20100413,34.69,35.00,34.51,34.87,1870165,0
20100414,34.99,35.10,34.75,35.10,1890847,0
20100415,35.01,35.37,34.91,35.14,2363201,0
20100416,35.15,35.39,34.95,35.03,3290609,0
20100419,35.00,35.21,34.75,35.11,3485545,0
20100420,35.31,35.39,35.00,35.09,2152412,0
20100421,35.17,35.27,35.00,35.13,2407024,0
20100422,35.11,35.35,34.80,35.24,2306580,0
20100423,35.26,35.55,35.16,35.53,2903231,0
20100426,35.63,35.99,35.58,35.66,2305136,0
20100427,35.72,35.72,34.75,34.77,2975288,0
20100428,34.96,35.33,34.82,35.29,3025349,0
20100429,35.29,35.57,34.75,35.09,3835540,0
20100430,34.97,35.33,34.68,34.68,2976916,0
20100503,34.89,35.54,34.82,35.08,2408913,0
20100504,34.82,34.85,33.99,34.20,2219159,0
20100505,33.82,34.20,33.80,34.04,2158083,0
20100506,33.98,34.21,31.55,33.09,4843865,0
20100507,33.00,33.20,32.21,32.86,4936320,0
20100510,33.81,34.11,33.60,33.98,3107762,0
20100511,33.71,34.30,33.64,33.96,1866652,0
20100512,33.99,34.52,33.91,34.35,2954075,0
20100513,34.35,34.40,34.00,34.06,2284892,0
20100514,33.90,34.11,33.26,33.47,3220657,0
20100517,33.65,33.90,33.27,33.74,2922618,0
20100518,34.02,34.35,33.72,33.75,3391532,0
20100519,33.58,33.68,33.10,33.30,3551064,0
20100520,32.78,32.99,32.17,32.17,4767595,0
20100521,31.77,32.46,31.48,32.40,3706282,0
20100524,32.32,32.41,31.97,32.02,2110304,0
20100525,31.42,32.06,31.11,32.04,3567998,0
20100526,32.22,32.73,32.15,32.22,4036627,0
20100527,32.57,32.68,32.26,32.68,2684170,0
20100528,32.72,32.84,32.30,32.51,3220245,0
20100601,32.35,32.71,31.92,31.97,3349909,0
20100602,32.04,32.68,31.97,32.68,2758235,0
20100603,32.59,32.87,32.47,32.80,2262233,0
20100604,32.32,32.32,31.45,31.56,4284620,0
20100607,31.62,31.71,31.32,31.37,3182449,0
20100608,31.39,31.90,31.24,31.85,4106016,0
20100609,31.97,32.26,31.86,31.96,3763989,0
20100610,32.31,32.84,32.23,32.83,3960513,0
20100611,32.64,32.77,32.35,32.77,2252865,0
20100614,33.00,33.28,32.76,32.83,2909301,0
20100615,33.21,33.61,32.97,33.61,2321922,0
20100616,33.45,33.73,33.41,33.64,2253821,0
20100617,33.65,33.76,33.44,33.71,2295949,0
20100618,33.68,33.82,33.42,33.53,4063571,0
20100621,33.77,34.12,33.37,33.55,2562498,0
20100622,33.51,33.78,33.00,33.04,2216160,0
20100623,33.14,33.21,32.51,32.67,3236544,0
20100624,32.57,32.75,32.08,32.14,3687533,0
20100625,32.28,32.38,31.91,32.15,8698428,0
20100628,32.39,32.56,32.02,32.30,2460375,0
20100629,31.91,31.99,31.27,31.46,3418647,0
20100630,31.48,31.79,31.22,31.29,3160017,0
20100701,31.25,31.83,31.22,31.65,5582460,0
20100702,31.65,32.06,31.63,31.81,4334556,0
20100706,32.01,32.15,31.50,31.73,3232156,0
20100707,31.72,32.50,31.55,32.48,2487021,0
20100708,32.80,32.94,32.53,32.88,2126256,0
20100709,32.96,35.87,32.41,32.78,2362933,0
20100712,32.76,32.92,32.60,32.74,2082649,0
20100713,33.03,33.25,32.86,33.15,2277289,0
20100714,33.04,33.09,32.68,33.06,1868605,0
20100715,33.11,33.24,32.71,33.18,2258917,0
20100716,32.93,33.12,32.33,32.44,2599240,0
20100719,32.50,32.65,32.26,32.47,1952866,0
20100720,32.20,32.69,31.98,32.68,2515156,0
20100721,32.80,32.95,32.49,32.61,3985202,0
20100722,32.74,33.39,32.74,33.35,2611537,0
20100723,33.35,33.63,33.18,33.59,2123111,0
20100726,33.70,34.14,33.60,34.12,2038891,0
20100727,34.35,34.35,33.96,34.13,2425752,0
20100728,34.23,34.23,33.87,34.12,2839214,0
20100729,34.24,34.45,33.66,34.25,2299796,0
20100730,33.87,34.16,33.26,33.95,4020390,0
20100802,34.37,34.49,34.08,34.46,2167756,0
20100803,34.25,34.50,34.22,34.39,1823984,0
20100804,34.43,34.60,34.33,34.59,1866063,0
20100805,34.40,34.46,34.13,34.46,1823774,0
20100806,34.23,34.57,34.08,34.57,2126598,0
20100809,34.66,34.75,34.53,34.65,1172078,0
20100810,34.31,34.53,34.06,34.32,1529412,0
20100811,33.97,34.01,33.26,33.33,2126166,0
20100812,32.92,33.21,32.83,33.10,2043373,0
20100813,33.06,33.24,33.00,33.01,1241524,0
20100816,32.83,33.30,32.58,33.25,1557470,0
20100817,33.48,34.45,33.41,33.96,2603431,0
20100818,33.94,34.15,33.71,33.96,1328211,0
20100819,33.89,33.96,33.34,33.48,1821793,0
20100820,33.41,33.67,33.17,33.60,1782380,0
20100823,33.77,33.91,33.36,33.52,1809133,0
20100824,33.29,33.65,32.89,33.17,2232040,0
20100825,33.04,33.27,32.56,33.12,4337230,0
20100826,33.25,33.42,33.01,33.09,1513914,0
20100827,33.20,33.65,33.02,33.62,1536698,0
20100830,33.61,33.74,33.37,33.43,1764409,0
20100831,33.32,33.44,32.86,33.09,3140901,0
20100901,33.42,34.19,33.33,34.00,3051791,0
20100902,33.82,33.89,33.61,33.84,2012307,0
20100903,33.88,34.19,33.75,34.11,1480649,0
20100907,33.99,34.06,33.75,33.83,1520577,0
20100908,33.90,34.07,33.81,33.92,2396784,0
20100909,34.18,34.25,33.75,33.80,1920787,0
20100910,33.85,34.17,33.80,34.00,1309399,0
20100913,34.25,34.34,34.05,34.16,1525712,0
20100914,34.15,34.46,33.97,34.27,1705912,0
20100915,34.22,34.59,34.04,34.53,1677885,0
20100916,34.48,34.64,34.36,34.54,1427791,0
20100917,34.69,35.18,34.64,35.00,3994995,0
20100920,35.06,35.38,34.91,35.31,2821399,0
20100921,35.31,35.74,35.25,35.60,2132127,0
20100922,35.51,35.92,35.45,35.62,2796162,0
20100923,35.42,35.48,35.01,35.12,2051757,0
20100924,35.55,35.83,35.45,35.76,1827228,0
20100927,35.84,35.87,35.44,35.47,1842816,0
20100928,35.47,35.68,35.08,35.58,1945391,0
20100929,35.40,35.90,35.40,35.85,1802303,0
20100930,36.00,36.24,35.59,35.74,2440688,0
20101001,35.90,36.04,35.79,35.93,2057397,0
20101004,35.92,36.02,35.46,35.75,1532720,0
20101005,36.01,36.51,35.81,36.40,2469576,0
20101006,36.33,36.65,36.30,36.55,1817455,0
20101007,36.70,36.70,36.06,36.17,2594697,0
20101008,36.15,36.46,36.00,36.35,2414571,0
20101011,36.29,36.49,36.17,36.44,1574305,0
20101012,36.42,36.62,36.02,36.53,2094451,0
20101013,36.66,37.24,36.57,36.99,2773434,0
20101014,37.02,37.11,36.75,36.91,2047361,0
20101015,37.20,37.25,36.49,36.61,5315729,0
20101018,36.65,36.75,36.31,36.47,2373674,0
20101019,36.14,36.44,35.97,36.13,2267528,0
20101020,36.15,36.73,36.13,36.54,1751693,0
20101021,36.65,36.88,36.50,36.72,1909190,0
20101022,36.87,36.90,36.63,36.79,1404728,0
20101025,37.00,37.25,36.82,36.88,2092782,0
20101026,36.56,36.87,36.49,36.50,3283977,0
20101027,36.34,36.37,35.77,36.09,4422482,0
20101028,36.30,36.49,35.81,36.13,3258937,0
20101029,36.09,36.10,35.33,35.72,3851537,0
20101101,35.85,36.17,35.38,35.55,3036190,0
20101102,35.78,36.06,35.63,35.88,2102348,0
20101103,36.00,36.06,35.64,35.95,3436112,0
20101104,36.26,36.27,35.74,35.87,3906689,0
20101105,35.82,35.90,35.18,35.51,3660963,0
20101108,35.31,35.41,35.13,35.18,3098232,0
20101109,35.39,35.48,35.07,35.15,2619962,0
20101110,35.19,35.28,35.06,35.08,3154338,0
20101111,34.95,35.02,34.67,34.93,2323779,0
20101112,35.02,35.34,34.84,35.09,3272782,0
20101115,35.20,35.30,34.96,34.99,2351475,0
20101116,34.74,34.98,34.68,34.83,3607708,0
20101117,34.80,34.97,34.70,34.83,1993066,0
20101118,35.11,35.38,35.02,35.20,6867557,0
20101119,35.20,35.38,35.05,35.22,8292658,0
20101122,35.23,35.42,34.90,35.16,7505519,0
20101123,34.93,35.44,34.81,34.87,2445308,0
20101124,35.09,35.44,35.03,35.30,1984405,0
20101126,35.09,35.17,34.81,34.92,1635475,0
20101129,34.61,34.61,34.13,34.42,4547107,0
20101130,34.24,34.40,34.08,34.25,4241960,0
20101201,34.64,34.66,34.43,34.55,4685707,0
20101202,34.54,35.06,34.50,34.98,3549970,0
20101203,34.88,34.90,34.46,34.80,3947697,0
20101206,34.76,34.78,34.50,34.68,1965396,0
20101207,34.99,35.00,34.52,34.73,2915143,0
20101208,34.79,34.98,34.68,34.89,2781968,0
20101209,35.01,35.35,34.91,35.35,3599540,0
20101210,35.44,35.88,35.35,35.87,3668634,0
20101213,35.98,36.27,35.98,36.19,2901732,0
20101214,36.25,36.50,36.08,36.36,2612115,0
20101215,36.21,36.41,36.08,36.17,3420546,0
20101216,36.36,36.41,36.00,36.26,2044459,0
20101217,36.33,36.36,36.08,36.28,2603935,0
20101220,36.41,36.48,36.11,36.30,1906812,0
20101221,36.45,36.59,36.31,36.40,1561926,0
20101222,36.36,36.55,36.32,36.49,1451367,0
20101223,36.40,36.56,36.30,36.49,1157563,0
20101227,36.39,36.63,36.27,36.62,920864,0
20101228,36.74,36.83,36.48,36.66,2074714,0
20101229,36.71,36.88,36.70,36.80,986444,0
20101230,36.70,36.92,36.64,36.82,1131993,0
20101231,36.76,36.96,36.63,36.87,1653204,0
20110103,37.08,37.08,36.69,36.82,2032648,0
20110104,36.91,36.91,36.39,36.60,1967650,0
20110105,36.48,36.75,36.40,36.58,2126527,0
20110106,36.56,36.60,36.25,36.41,2021903,0
20110107,36.48,36.48,36.00,36.21,1764252,0
20110110,35.98,36.32,35.95,36.15,2019096,0
20110111,36.20,36.41,35.93,36.04,2071260,0
20110112,36.23,36.42,36.05,36.36,1473922,0
20110113,36.48,36.75,36.25,36.68,2893710,0
20110114,36.55,37.03,36.55,37.03,2276295,0
20110118,36.97,37.24,36.81,37.21,2159617,0
20110119,37.06,37.30,37.01,37.19,3258164,0
20110120,37.18,37.37,37.00,37.18,2068917,0
20110121,37.36,37.47,37.11,37.43,2233317,0
20110124,37.50,37.92,37.33,37.70,5226613,0
20110125,37.58,37.90,37.51,37.87,1847572,0
20110126,37.94,38.40,37.89,38.23,2693742,0
20110127,38.17,38.39,38.07,38.34,1745110,0
20110128,38.37,38.58,37.78,37.87,2757930,0
20110131,37.95,38.16,37.76,37.87,2592855,0
20110201,38.00,38.22,37.91,38.10,2280497,0
20110202,37.96,38.24,37.70,37.84,2320420,0
20110203,37.77,37.84,37.49,37.70,1922508,0
20110204,37.79,38.06,37.57,37.72,2039863,0
20110207,37.76,38.08,37.75,38.04,1856463,0
20110208,38.09,38.14,37.92,38.07,1737005,0
20110209,38.00,38.27,37.99,38.18,1925526,0
20110210,38.12,38.26,37.99,38.14,2283924,0
20110211,38.01,38.33,37.78,38.04,2064963,0
20110214,38.09,38.22,37.92,38.18,2917633,0
20110215,37.98,38.12,37.77,37.98,2793881,0
20110216,38.07,38.20,37.94,37.99,2260819,0
20110217,38.18,38.32,37.68,37.98,3522635,0
20110218,38.05,38.17,37.89,38.04,2369752,0
20110222,37.76,37.95,37.53,37.70,2781775,0
20110223,37.69,37.72,37.24,37.26,3663809,0
20110224,37.17,37.30,36.57,36.79,4128216,0
20110225,36.97,37.04,36.66,36.88,2468522,0
20110228,37.02,37.13,36.89,37.06,3221518,0
20110301,37.15,37.27,36.70,36.77,3634445,0
20110302,36.77,37.00,36.61,36.84,2408187,0
20110303,37.12,37.32,36.95,37.26,2817688,0
20110304,37.32,38.00,36.96,37.21,2742969,0
20110307,37.33,37.62,37.14,37.24,2856587,0
20110308,37.28,37.65,37.16,37.50,2293747,0
20110309,37.24,37.35,37.02,37.35,2085583,0
20110310,37.04,37.15,36.79,36.82,2426880,0
20110311,36.72,37.14,36.72,36.87,1924511,0
20110314,36.72,37.03,36.67,36.98,2504515,0
20110315,36.34,36.94,36.30,36.73,3220232,0
20110316,36.61,36.64,35.86,36.10,3931150,0
20110317,36.21,36.72,36.09,36.23,2547379,0
20110318,36.63,37.00,36.28,36.52,2764484,0
20110321,36.88,36.92,36.60,36.76,2249322,0
20110322,36.84,37.05,36.73,36.81,2257996,0
20110323,36.64,37.01,36.53,36.96,2281168,0
20110324,37.03,37.17,36.79,37.17,2034817,0
20110325,37.30,37.49,37.05,37.08,2062618,0
20110328,37.25,37.56,37.11,37.12,1961392,0
20110329,37.06,37.23,36.89,37.17,2178989,0
20110330,37.33,37.45,37.14,37.18,2260942,0
20110331,37.10,37.44,37.01,37.34,2428721,0
20110401,37.42,37.71,37.36,37.65,1987087,0
20110404,37.65,37.80,37.54,37.75,1493835,0
20110405,37.75,37.87,37.60,37.74,2208310,0
20110406,37.84,38.31,37.81,38.24,3100070,0
20110407,38.11,38.22,37.91,38.09,2234971,0
20110408,38.19,38.30,37.70,37.92,2428719,0
20110411,37.92,38.02,37.65,37.76,2131691,0
20110412,37.81,37.87,37.59,37.67,3453404,0
20110413,37.67,37.83,37.43,37.59,4779552,0
20110414,37.53,37.89,37.29,37.82,2291678,0
20110415,38.00,38.01,37.68,37.85,2412243,0
20110418,37.50,37.57,37.19,37.33,1848628,0
20110419,37.31,37.47,37.22,37.38,1671103,0
20110420,37.77,38.22,37.67,38.17,2196394,0
20110421,38.30,38.40,38.17,38.38,1786893,0
20110425,38.32,38.63,38.29,38.50,3687846,0
20110426,38.55,39.31,38.55,39.13,3231483,0
20110427,39.20,39.54,39.11,39.46,2465918,0
20110428,39.43,39.69,39.02,39.61,2876759,0
20110429,39.29,39.60,39.09,39.46,2554389,0
20110502,39.55,39.69,39.37,39.47,2434624,0
20110503,39.32,39.47,39.07,39.35,2177785,0
20110504,39.27,39.46,38.94,39.06,5258006,0
20110505,38.86,38.88,38.40,38.57,2679819,0
20110506,38.90,39.31,38.61,38.71,2512462,0
20110509,38.77,38.95,38.55,38.80,2465720,0
20110510,38.90,39.03,38.85,38.99,2064093,0
20110511,39.03,39.10,38.63,38.85,3317172,0
20110512,38.76,39.12,38.66,39.05,2573289,0
20110513,39.07,39.15,38.62,38.75,2304537,0
20110516,38.67,38.86,38.55,38.71,2208815,0
20110517,38.63,38.73,38.41,38.56,2481102,0
20110518,38.65,39.11,38.55,39.06,2223239,0
20110519,39.19,39.43,39.07,39.22,1966745,0
20110520,39.15,39.19,38.74,38.87,1944807,0
20110523,38.56,38.57,38.24,38.43,2210699,0
20110524,38.50,38.55,38.24,38.37,2469642,0
20110525,38.30,38.42,38.06,38.25,2445323,0
20110526,38.09,38.49,38.07,38.40,2238181,0
20110527,38.51,38.94,38.49,38.87,2886769,0
20110531,38.80,38.89,38.65,38.88,2605151,0
20110601,38.88,38.90,38.27,38.39,3295586,0
20110602,38.35,38.48,38.02,38.24,2932733,0
20110603,37.84,38.19,37.79,37.92,2687470,0
20110606,37.92,37.93,37.55,37.55,2260279,0
20110607,37.73,37.76,37.18,37.18,3405870,0
20110608,37.19,37.32,36.71,36.75,5984114,0
20110609,36.80,37.00,36.71,36.91,3362384,0
20110610,36.76,36.78,36.53,36.54,2640539,0
20110613,36.70,36.70,36.36,36.49,2352762,0
20110614,36.84,36.93,36.73,36.84,2382624,0
20110615,36.62,36.70,36.22,36.37,2700134,0
20110616,36.49,36.58,36.25,36.44,3208048,0
20110617,36.70,36.95,36.40,36.74,3545197,0
20110620,36.75,37.55,36.62,37.32,7321729,0
20110621,37.47,37.54,37.26,37.47,2384593,0
20110622,37.31,37.60,37.28,37.29,2211266,0
20110623,36.96,37.10,36.50,37.10,3154687,0
20110624,37.06,37.23,36.67,36.80,2564464,0
20110627,36.82,36.93,36.60,36.82,2088641,0
20110628,36.90,36.94,36.66,36.90,3171167,0
20110629,37.12,37.29,36.96,37.05,3152444,0
20110630,37.09,37.36,36.95,37.27,2798033,0
20110701,37.16,37.68,37.16,37.54,2445558,0
20110705,37.50,37.78,37.39,37.62,2232395,0
20110706,37.60,37.85,37.44,37.73,2588266,0
20110707,37.96,38.06,37.84,38.00,3286287,0
20110708,37.63,37.78,37.43,37.74,2671318,0
20110711,37.34,37.42,37.01,37.15,2466275,0
20110712,36.87,36.87,36.38,36.63,4717146,0
20110713,36.87,36.92,36.49,36.54,3399800,0
20110714,36.62,36.71,36.00,36.05,3402605,0
20110715,36.16,36.30,35.82,36.16,3062590,0
20110718,36.00,36.07,35.63,35.73,3710151,0
20110719,35.78,36.22,35.75,36.06,2922548,0
20110720,36.23,36.51,36.03,36.14,3040894,0
20110721,36.29,36.85,36.24,36.57,3053329,0
20110722,36.53,36.60,35.91,35.97,3250953,0
20110725,35.70,36.15,35.56,35.95,3963458,0
20110726,35.88,36.02,35.56,35.80,2755844,0
20110727,35.61,35.74,35.34,35.51,4781938,0
20110728,34.50,35.03,32.23,32.68,13315182,0
20110729,32.14,32.56,31.49,31.49,12688365,0
20110801,31.80,31.80,31.20,31.48,8932746,0
20110802,31.43,31.70,30.64,30.66,7122327,0
20110803,30.97,31.25,30.08,30.86,8576198,0
20110804,30.70,30.99,30.07,30.07,9952068,0
20110805,30.63,30.79,29.67,30.37,9694951,0
20110808,29.92,30.23,28.08,28.17,13455032,0
20110809,29.03,29.93,27.75,29.40,18354171,0
20110810,29.42,29.78,28.64,28.70,10030184,0
20110811,28.91,31.16,28.75,30.73,9482035,0
20110812,30.94,31.11,30.42,30.79,6052397,0
20110815,31.14,31.42,30.86,30.97,5796448,0
20110816,30.77,30.80,30.27,30.60,4431215,0
20110817,30.76,31.27,30.68,31.20,4862568,0
20110818,30.32,30.43,29.56,29.72,6893703,0
20110819,29.35,29.87,29.13,29.40,5500778,0
20110822,30.01,30.35,29.65,30.12,5740849,0
20110823,30.30,32.13,30.13,32.13,8697584,0
20110824,31.94,33.20,31.92,33.11,8350599,0
20110825,33.22,33.46,32.34,32.48,12939516,0
20110826,32.34,32.76,31.57,32.34,12274071,0
20110829,32.75,33.93,32.75,33.90,12150412,0
20110830,33.59,33.75,33.04,33.47,6069983,0
20110831,33.75,33.83,32.92,33.04,7528133,0
20110901,32.76,33.00,32.04,32.08,6890805,0
20110902,31.68,32.03,30.70,30.71,7775725,0
20110906,30.14,31.13,29.89,30.72,4409618,0
20110907,31.35,31.53,31.06,31.45,5038133,0
20110908,31.25,31.62,31.03,31.20,4055382,0
20110909,30.99,31.14,30.32,30.48,4952381,0
20110912,30.17,30.95,30.05,30.83,5389755,0
20110913,30.83,31.37,30.66,31.15,4427652,0
20110914,31.25,32.12,30.67,31.77,4686019,0
20110915,32.00,32.29,31.75,32.28,4290433,0
20110916,32.44,32.47,31.70,32.01,6291254,0
20110919,31.56,31.58,30.89,31.25,6083467,0
20110920,31.30,31.98,31.10,31.14,5944140,0
20110921,31.07,31.11,29.61,29.62,7264956,0
20110922,28.90,29.57,28.77,29.35,11629244,0
20110923,29.44,31.05,29.43,30.81,9656474,0
20110926,31.30,32.10,31.03,32.09,9537490,0
20110927,32.67,33.08,32.29,32.48,7377104,0
20110928,32.45,32.89,31.54,31.55,4839713,0
20110929,32.10,32.47,31.58,32.37,5441229,0
20110930,32.00,33.13,31.96,32.56,6464795,0
20111003,32.45,33.05,31.36,31.36,6094375,0
20111004,30.84,32.03,30.53,31.99,5313090,0
20111005,32.03,32.72,31.75,32.64,4186824,0
20111006,32.56,33.09,32.32,33.09,3412309,0
20111007,33.35,33.47,32.66,32.93,5644035,0
20111010,33.36,33.75,33.28,33.75,2630754,0
20111011,33.49,33.49,33.00,33.12,5020640,0
20111012,33.27,33.61,32.94,33.09,5913969,0
20111013,32.91,32.96,32.37,32.56,5583291,0
20111014,32.91,33.11,32.65,32.92,4428656,0
20111017,32.75,32.85,32.39,32.55,2900565,0
20111018,32.52,33.35,32.18,33.09,3453561,0
20111019,32.92,33.35,32.87,33.01,3432159,0
20111020,33.07,33.36,32.75,33.26,3692730,0
20111021,33.60,33.92,33.33,33.91,4288535,0
20111024,33.90,34.55,33.87,34.33,3532865,0
20111025,34.08,34.33,33.62,33.88,3828931,0
20111026,34.33,34.83,34.02,34.68,5350092,0
20111027,35.10,35.52,33.63,34.07,8787528,0
20111028,33.93,34.16,33.34,33.72,4475783,0
20111031,33.34,33.55,32.90,32.93,5593424,0
20111101,32.42,32.46,31.27,31.37,9182861,0
20111102,31.95,31.95,31.11,31.36,6869018,0
20111103,31.70,31.86,31.13,31.82,6668837,0
20111104,31.55,31.60,31.13,31.50,5111832,0
20111107,31.40,31.68,31.12,31.65,3275223,0
20111108,31.68,31.69,31.05,31.67,4042259,0
20111109,31.12,31.46,30.91,30.99,4203705,0
20111110,31.40,31.54,30.99,31.16,3072050,0
20111111,31.38,31.93,31.37,31.84,2200417,0
20111114,31.65,31.72,31.04,31.16,2583033,0
20111115,31.09,31.36,30.91,31.18,2961433,0
20111116,30.99,31.55,30.92,31.14,2818609,0
20111117,31.13,31.14,30.60,30.87,7178103,0
20111118,31.11,31.31,30.78,30.97,11678793,0
20111121,30.74,30.74,29.77,29.83,16226647,0
20111122,29.93,30.79,29.81,30.54,7882156,0
20111123,30.39,30.77,30.15,30.25,6236795,0
20111125,30.26,30.68,30.20,30.31,3505824,0
20111128,30.47,30.72,30.16,30.41,6303489,0
20111129,30.54,30.59,30.38,30.42,2798858,0
20111130,30.95,31.32,30.93,31.30,5000626,0
20111201,31.29,31.50,31.19,31.24,2856103,0
20111202,31.51,31.67,31.10,31.23,3842111,0
20111205,31.58,31.67,31.38,31.53,4083551,0
20111206,31.59,31.74,31.46,31.61,2179125,0
20111207,31.53,31.61,31.17,31.49,2055222,0
20111208,31.17,31.28,30.51,30.57,4183432,0
20111209,30.91,31.85,30.86,31.66,3867196,0
20111212,31.45,31.85,31.27,31.71,3643759,0
20111213,31.89,32.27,31.11,31.25,3922942,0
20111214,31.26,31.85,31.20,31.62,4121843,0
20111215,32.02,32.03,30.89,30.89,5557318,0
20111216,30.98,31.21,30.81,31.00,6489834,0
20111219,31.26,31.50,31.01,31.05,2730284,0
20111220,31.51,31.90,31.45,31.84,2807564,0
20111221,31.91,32.10,31.67,32.06,2358854,0
20111222,32.19,32.80,32.17,32.39,2760883,0
20111223,32.50,32.90,32.34,32.73,2387517,0
20111227,32.74,33.00,32.63,32.85,1764920,0
20111228,32.92,32.98,32.27,32.41,2107356,0
20111229,32.50,32.85,32.45,32.78,1830700,0
20111230,32.84,32.87,32.55,32.71,1872955,0
20120103,33.11,33.45,32.68,32.84,3104413,0
20120104,32.85,32.88,32.33,32.35,2919387,0
20120105,32.30,32.70,32.11,32.61,3735934,0
20120106,32.63,33.14,32.49,32.99,3160639,0
20120109,33.11,33.13,32.82,32.94,2063505,0
20120110,33.19,33.66,33.09,33.42,2582305,0
20120111,32.66,33.33,32.63,33.33,2879141,0
20120112,33.35,33.84,33.30,33.83,2904880,0
20120113,33.62,33.78,33.24,33.40,2033324,0
20120117,33.79,33.99,33.41,33.50,2500433,0
20120118,33.45,33.75,33.40,33.68,3105790,0
20120119,33.81,33.85,33.46,33.85,1956418,0
20120120,33.89,34.00,33.73,33.95,2483502,0
20120123,33.99,34.37,33.93,34.31,2571584,0
20120124,34.15,34.40,34.05,34.33,1629266,0
20120125,34.32,34.69,34.00,34.61,2105535,0
20120126,34.83,35.00,34.64,34.73,2511304,0
20120127,34.70,34.90,34.46,34.81,1983150,0
20120130,34.62,34.79,34.34,34.76,1918540,0
20120131,34.89,34.98,34.47,34.76,2142018,0
20120201,34.90,35.19,34.81,34.99,2567606,0
20120202,34.99,35.25,34.76,34.99,2110368,0
20120203,35.29,35.50,35.23,35.37,2093635,0
20120206,35.30,35.53,35.11,35.37,2489635,0
20120207,35.25,35.37,35.12,35.33,2298703,0
20120208,35.32,35.40,35.17,35.31,2506939,0
20120209,35.42,35.44,35.04,35.18,2241625,0
20120210,34.96,35.24,34.78,35.21,2863605,0
20120213,35.37,35.64,35.23,35.59,2400762,0
20120214,35.50,35.58,35.21,35.44,2427872,0
20120215,35.47,35.59,34.92,35.02,3503534,0
20120216,34.29,34.71,34.17,34.42,5156969,0
20120217,34.60,34.82,34.46,34.61,3187871,0
20120221,34.75,35.29,34.70,35.10,3023492,0
20120222,35.17,35.25,34.75,35.03,3129680,0
20120223,35.12,35.53,35.07,35.47,2106510,0
20120224,35.56,35.76,35.09,35.64,1861921,0
20120227,35.46,35.48,35.29,35.38,3726502,0
20120228,35.36,35.38,35.01,35.20,2445709,0
20120229,35.15,35.18,34.89,34.98,3312268,0
20120301,35.09,35.40,34.94,35.15,2305841,0
20120302,35.17,35.27,34.80,34.89,1657858,0
20120305,34.89,35.15,34.80,35.10,2008767,0
20120306,34.86,35.01,34.63,34.72,2467922,0
20120307,34.44,34.56,34.21,34.45,2044731,0
20120308,34.66,34.94,34.61,34.82,1350196,0
20120309,34.82,35.10,34.77,34.90,2197898,0
20120312,34.95,35.18,34.75,34.90,1471508,0
20120313,35.07,35.07,34.63,35.02,3488925,0
20120314,35.00,35.04,34.52,34.82,2764065,0
20120315,34.82,34.90,34.54,34.65,3478788,0
20120316,34.61,34.95,34.54,34.84,3758728,0
20120319,34.90,34.97,34.67,34.79,2707145,0
20120320,34.70,34.83,34.52,34.81,1523810,0
20120321,34.76,35.14,34.70,35.06,2890413,0
20120322,34.86,35.01,34.62,34.94,1940649,0
20120323,35.00,35.00,34.70,34.95,1755004,0
20120326,35.15,35.41,35.05,35.41,2338049,0
20120327,35.42,35.48,35.25,35.32,1685194,0
20120328,35.25,35.41,34.93,34.99,2012545,0
20120329,34.84,34.93,34.60,34.91,1713187,0
20120330,35.00,35.12,34.80,34.96,1921466,0
20120402,34.85,35.35,34.80,35.19,1728756,0
20120403,35.17,35.18,34.88,34.94,2127298,0
20120404,34.73,35.06,34.62,35.06,2693572,0
20120405,34.93,35.17,34.84,35.11,1939720,0
20120409,34.88,35.10,34.76,34.95,2041318,0
20120410,34.85,34.99,34.49,34.49,2291379,0
20120411,34.83,35.00,34.69,34.89,1700634,0
20120412,34.89,35.50,34.89,35.39,1972364,0
20120413,35.28,35.34,35.10,35.14,3324442,0
20120416,35.19,35.39,35.12,35.35,4248361,0
20120417,35.48,35.73,35.29,35.68,1874900,0
20120418,35.69,35.99,35.68,35.89,2114981,0
20120419,35.85,36.16,35.58,35.74,2623551,0
20120420,35.81,36.35,35.81,35.96,3555687,0
20120423,35.85,35.90,35.57,35.87,2165056,0
20120424,35.92,36.25,35.87,35.98,2622327,0
20120425,36.15,36.33,35.96,36.08,2673847,0
20120426,35.55,35.81,34.98,35.29,4858102,0
20120427,35.23,35.25,33.92,34.25,10798778,0
20120430,34.20,34.46,34.15,34.20,4640881,0
20120501,34.20,34.62,34.09,34.54,2928530,0
20120502,34.39,34.49,34.23,34.46,2343731,0
20120503,34.40,34.56,34.08,34.27,2163212,0
20120504,34.13,34.29,33.93,33.97,2161025,0
20120507,33.93,34.27,33.90,34.01,2775007,0
20120508,33.88,34.05,33.78,33.98,3465316,0
20120509,33.75,34.07,33.65,33.79,2610061,0
20120510,33.86,34.05,33.73,33.83,2013087,0
20120511,33.73,33.82,33.46,33.48,3570957,0
20120514,33.27,33.31,32.46,32.62,5601346,0
20120515,32.67,32.98,32.57,32.66,2918138,0
20120516,32.91,32.94,32.67,32.69,1858006,0
20120517,32.67,32.81,32.25,32.38,2984777,0
20120518,32.46,32.65,32.16,32.30,2635004,0
20120521,32.34,32.67,32.31,32.65,1698950,0
20120522,32.73,33.00,32.55,32.85,2181873,0
20120523,32.68,33.21,32.62,33.15,3665154,0
20120524,33.20,33.35,32.85,33.09,10155450,0
20120525,33.13,33.32,32.93,32.96,8543340,0
20120529,33.00,33.10,32.85,32.95,11503249,0
20120530,32.81,32.85,32.56,32.63,2740857,0
20120531,32.64,32.67,32.33,32.44,3144534,0
20120601,32.20,32.34,32.13,32.16,3656405,0
20120604,32.27,32.33,31.95,32.15,2960770,0
20120605,32.12,32.28,32.08,32.20,4861016,0
20120606,32.15,32.37,32.01,32.30,6223551,0
20120607,32.58,32.88,32.38,32.40,3951219,0
20120608,32.31,32.55,32.28,32.48,2296351,0
20120611,32.68,32.68,32.22,32.22,1612447,0
20120612,32.23,32.42,32.06,32.39,2894193,0
20120613,32.34,32.49,32.20,32.40,2833499,0
20120614,32.49,32.58,32.28,32.36,3026371,0
20120615,32.48,32.55,32.30,32.50,3089783,0
20120618,32.49,32.60,32.36,32.50,1968599,0
20120619,32.65,33.00,32.62,32.69,2391356,0
20120620,32.77,32.80,32.51,32.70,2523084,0
20120621,32.79,33.00,32.42,32.42,3898691,0
20120622,32.64,32.67,32.28,32.37,2569863,0
20120625,32.21,32.42,31.93,32.16,4460690,0
20120626,32.26,32.39,32.10,32.17,4077116,0
20120627,32.16,32.55,32.16,32.41,4274450,0
20120628,32.15,32.56,32.06,32.55,4014973,0
20120629,32.96,33.41,32.90,33.40,4886119,0
20120702,33.55,33.55,33.03,33.27,3771051,0
20120703,33.26,33.53,33.17,33.45,1558960,0
20120705,33.28,33.44,33.19,33.27,2741857,0
20120706,33.04,33.17,32.95,33.00,2645988,0
20120709,32.96,33.16,32.85,33.04,5439604,0
20120710,33.09,33.33,32.92,33.07,5890730,0
20120711,32.69,32.75,31.07,31.59,16989357,0
20120712,31.42,32.09,31.36,31.89,7152220,0
20120713,31.84,32.39,31.83,32.37,5854672,0
20120716,32.32,32.47,32.10,32.47,4615101,0
20120717,32.45,32.79,32.27,32.79,3868453,0
20120718,32.68,33.30,32.61,33.22,4659189,0
20120719,33.20,33.40,32.84,33.33,3082448,0
20120720,33.20,33.37,32.91,32.95,4583105,0
20120723,32.63,32.97,32.30,32.92,6116213,0
20120724,32.87,32.90,32.34,32.53,6767729,0
20120725,32.60,32.65,32.16,32.44,6082896,0
20120726,32.34,33.27,32.01,33.10,9325734,0
20120727,33.32,34.50,33.17,34.15,7137437,0
20120730,34.16,34.64,34.10,34.58,3436716,0
20120731,34.59,34.65,34.35,34.40,2893132,0
20120801,34.50,34.53,34.04,34.22,4545016,0
20120802,34.03,34.46,33.97,34.26,3914812,0
20120803,34.61,34.97,34.58,34.77,2676184,0
20120806,34.94,35.06,34.85,34.90,2141256,0
20120807,35.00,35.09,34.80,34.96,1910045,0
20120808,34.76,34.93,34.55,34.89,1708749,0
20120809,34.88,35.00,34.75,34.90,1413320,0
20120810,34.83,35.08,34.66,35.05,1366649,0
20120813,35.00,35.05,34.88,35.01,1463755,0
20120814,35.14,35.22,35.00,35.21,1898566,0
20120815,35.12,35.41,35.06,35.33,2020392,0
20120816,35.28,35.70,35.15,35.68,1997483,0
20120817,35.65,35.66,35.43,35.66,2009147,0
20120820,34.93,34.99,33.88,34.60,7905791,0
20120821,34.50,34.80,34.44,34.48,4085529,0
20120822,34.39,34.60,34.31,34.40,2507038,0
20120823,34.37,34.48,34.25,34.34,2939426,0
20120824,34.22,34.54,34.16,34.28,2307788,0
20120827,34.29,34.40,34.03,34.09,2395868,0
20120828,34.05,34.38,34.01,34.23,2342121,0
20120829,34.19,34.76,34.19,34.65,3672835,0
20120830,34.45,34.65,34.35,34.53,2360226,0
20120831,34.61,34.80,34.46,34.58,9377859,0
20120904,34.73,34.88,34.45,34.76,11117127,0
20120905,34.36,34.36,33.87,34.00,3046664,0
20120906,34.25,34.45,34.11,34.44,2818764,0
20120907,34.49,34.55,34.33,34.50,2237462,0
20120910,34.34,34.45,34.09,34.27,1822196,0
20120911,34.32,34.36,34.09,34.15,2215624,0
20120912,34.24,34.33,33.97,33.99,2346593,0
20120913,34.00,34.19,33.72,34.07,3388118,0
20120914,34.13,34.20,33.88,33.96,3564084,0
20120917,34.00,34.24,33.88,33.94,4789758,0
20120918,33.94,34.09,33.86,33.94,3174225,0
20120919,33.38,33.55,32.65,32.69,7623349,0
20120920,32.62,32.66,32.41,32.55,4620411,0
20120921,32.63,32.63,32.38,32.48,6846938,0
20120924,32.45,32.55,32.29,32.35,2946739,0
20120925,32.47,32.56,32.08,32.08,4913469,0
20120926,32.14,32.39,31.86,31.86,3638538,0
20120927,31.90,32.18,31.89,32.02,3998452,0
20120928,31.90,32.15,31.87,32.08,3718083,0
20121001,32.07,32.12,31.55,31.63,4664682,0
20121002,31.65,31.71,31.54,31.67,3133083,0
20121003,31.66,31.80,31.53,31.68,2702990,0
20121004,31.72,32.10,31.52,32.01,3943976,0
20121005,32.23,32.29,31.97,32.05,2745004,0
20121008,31.95,32.23,31.91,32.09,2370378,0
20121009,32.08,32.22,31.89,31.89,2643424,0
20121010,31.83,32.14,31.80,32.00,3069683,0
20121011,32.10,32.16,31.96,32.11,2040762,0
20121012,32.18,32.25,32.01,32.09,2884263,0
20121015,32.07,32.32,31.99,32.32,2045757,0
20121016,32.41,32.56,32.35,32.47,2835937,0
20121017,32.48,32.84,32.40,32.75,2504315,0
20121018,32.73,33.03,32.70,32.98,2155943,0
20121019,32.87,32.99,32.44,32.53,2951628,0
20121022,32.45,32.68,32.40,32.58,1618941,0
20121023,32.36,32.41,32.12,32.30,1803950,0
20121024,32.40,32.45,32.10,32.16,1937367,0
20121025,32.38,32.75,32.30,32.69,2085541,0
20121026,32.63,32.71,32.49,32.54,1637814,0
20121031,32.90,33.40,32.72,32.74,3645770,0
20121101,32.80,33.25,32.75,33.00,2589382,0
20121102,33.13,33.13,32.13,32.17,4072300,0
20121105,32.09,32.46,31.80,32.28,2839030,0
20121106,32.35,32.51,32.15,32.23,3277479,0
20121107,32.03,32.16,31.91,31.92,3627095,0
20121108,31.92,32.05,31.65,31.65,3154947,0
20121109,31.64,32.00,31.64,31.82,2324534,0
20121112,31.84,31.89,31.72,31.81,1532831,0
20121113,31.70,31.87,31.54,31.55,2421113,0
20121114,31.55,31.66,31.05,31.08,3093712,0
20121115,31.06,31.23,30.82,30.96,2304438,0
20121116,30.93,31.43,30.92,31.43,4825280,0
20121119,31.67,31.75,31.43,31.62,2360271,0
20121120,31.60,31.83,31.47,31.82,2021301,0
20121121,31.85,32.18,31.70,32.11,2556611,0
20121123,32.14,32.36,32.08,32.36,1285799,0
20121126,31.97,32.12,31.92,32.04,2733284,0
20121127,32.00,32.12,31.89,31.91,1831890,0
20121128,31.81,32.37,31.79,32.37,2447737,0
20121129,32.50,32.59,32.30,32.56,1967249,0
20121130,32.55,32.66,32.37,32.57,2166164,0
20121203,32.68,32.69,32.33,32.52,1781576,0
20121204,32.50,32.76,32.48,32.63,2139412,0
20121205,33.17,33.70,33.09,33.52,5020529,0
20121206,33.59,33.77,33.35,33.68,3548202,0
20121207,33.79,34.14,33.64,34.12,3395077,0
20121210,34.00,34.34,34.00,34.33,3715522,0
20121211,34.37,34.45,33.95,34.00,6199684,0
20121212,34.07,34.11,33.27,33.50,6429594,0
20121213,33.56,33.84,33.48,33.64,5716721,0
20121214,33.64,33.67,33.44,33.57,2682328,0
20121217,33.60,33.78,33.57,33.74,2433657,0
20121218,33.71,33.91,33.57,33.91,4946362,0
20121219,33.90,34.05,33.59,33.80,4732914,0
20121220,33.83,34.01,33.65,34.01,2936662,0
20121221,33.71,34.06,33.66,33.85,4697224,0
20121224,33.76,33.93,33.60,33.84,1454632,0
20121226,33.89,34.01,33.66,33.73,2752828,0
20121227,33.72,33.83,33.53,33.71,2995813,0
20121228,33.58,33.69,33.40,33.46,3060234,0
20121231,33.36,33.74,33.20,33.74,3418371,0
20130102,34.13,34.13,33.70,33.97,4248120,0
20130103,34.00,34.33,33.75,34.09,2467195,0
20130104,34.19,34.21,33.85,34.08,3657706,0
20130107,33.97,34.12,33.85,33.97,2887161,0
20130108,33.97,34.06,33.84,34.04,2366903,0
20130109,34.12,34.75,34.00,34.57,3578237,0
20130110,34.63,34.89,34.49,34.86,2983191,0
20130111,34.85,34.89,34.65,34.81,1510728,0
20130114,34.83,34.99,34.72,34.86,1620270,0
20130115,34.80,34.93,34.69,34.91,1800402,0
20130116,34.88,34.99,34.68,34.97,2251243,0
20130117,35.00,35.35,34.97,35.27,2256757,0
20130118,35.38,35.39,34.93,35.25,4900904,0
20130122,35.28,35.75,35.27,35.75,2062329,0
20130123,35.66,35.75,35.26,35.50,2753358,0
20130124,35.48,35.61,35.42,35.52,2711511,0
20130125,35.52,35.72,35.37,35.69,2430197,0
20130128,35.97,37.98,35.74,36.46,13811196,0
20130129,36.47,36.69,36.29,36.31,3215757,0
20130130,36.37,36.42,35.90,36.05,3690155,0
20130131,36.14,36.43,35.95,36.38,3745465,0
20130201,36.55,36.55,36.17,36.30,2625374,0
20130204,36.14,36.30,35.89,35.92,1888988,0
20130205,36.09,36.28,35.85,35.97,2784407,0
20130206,35.84,36.13,35.60,36.10,3093672,0
20130207,36.10,36.83,36.06,36.55,4971470,0
20130208,36.21,36.34,35.81,36.30,3671444,0
20130211,36.31,36.49,36.29,36.31,1670479,0
20130212,36.30,36.49,36.20,36.46,1525593,0
20130213,36.52,36.82,36.44,36.64,3344596,0
20130214,35.99,37.44,35.50,37.14,6155708,0
20130215,37.11,37.16,36.51,36.69,3601227,0
20130219,36.80,36.80,36.43,36.62,2603866,0
20130220,36.53,36.72,36.50,36.53,2040457,0
20130221,36.48,36.58,36.23,36.42,2075293,0
20130222,36.50,36.70,36.43,36.61,2150126,0
20130225,36.70,36.74,36.34,36.34,3596942,0
20130226,36.48,36.69,36.37,36.60,1809034,0
20130227,36.52,37.11,36.51,37.05,2149494,0
20130228,37.06,37.50,36.89,37.32,3904935,0
20130301,37.18,37.23,36.70,36.90,2160752,0
20130304,36.92,37.30,36.77,37.20,2368485,0
20130305,37.32,37.63,37.29,37.50,2226658,0
20130306,37.60,37.64,37.16,37.23,1889167,0
20130307,36.86,37.06,36.59,36.75,2397954,0
20130308,36.93,37.04,36.72,36.92,2152359,0
20130311,36.92,37.13,36.77,37.00,2533735,0
20130312,37.03,37.31,36.85,36.96,1579008,0
20130313,37.02,37.33,36.99,37.26,1586525,0
20130314,37.28,37.43,37.10,37.23,2191899,0
20130315,37.08,37.55,37.01,37.52,2758287,0
20130318,37.25,37.55,37.24,37.48,1556994,0
20130319,37.57,37.63,37.23,37.42,2114861,0
20130320,37.53,37.94,37.40,37.93,2894812,0
20130321,37.75,37.97,37.71,37.88,2291237,0
20130322,37.95,38.38,37.89,38.37,2230231,0
20130325,38.38,38.44,38.10,38.38,2824886,0
20130326,38.59,38.74,38.47,38.64,1908166,0
20130327,38.49,38.78,38.32,38.62,2283562,0
20130328,38.64,39.27,38.55,39.21,4284683,0
20130401,39.05,39.18,38.44,38.64,2287843,0
20130402,38.78,39.12,38.67,38.78,2483530,0
20130403,38.88,39.11,38.55,38.64,2620570,0
20130404,38.68,39.00,38.65,38.85,1936877,0
20130405,38.57,38.61,38.34,38.51,2262838,0
20130408,38.51,38.75,38.37,38.75,1683406,0
20130409,38.80,39.15,38.70,38.89,1814530,0
20130410,39.00,39.49,38.98,39.36,1923839,0
20130411,39.32,39.44,39.02,39.30,2728110,0
20130412,38.95,39.34,38.95,39.21,1938319,0
20130415,39.02,39.17,38.31,38.43,2334517,0
20130416,38.59,39.10,38.51,39.05,1992088,0
20130417,38.85,38.93,38.19,38.40,2046649,0
20130418,38.49,38.50,37.97,38.14,2287408,0
20130419,38.27,38.81,38.22,38.70,1992003,0
20130422,38.77,38.87,38.40,38.53,1784978,0
20130423,38.71,38.95,38.33,38.70,2318265,0
20130424,38.83,39.88,38.78,39.55,3144799,0
20130425,39.95,40.98,39.90,40.02,4441614,0
20130426,40.10,40.45,39.96,40.19,2106672,0
20130429,40.23,40.61,40.12,40.47,2571779,0
20130430,40.38,41.00,40.10,40.98,3565780,0
20130501,40.81,41.18,40.55,40.55,2377744,0
20130502,40.64,40.85,40.46,40.80,2391113,0
20130503,41.05,41.23,40.97,41.12,2966554,0
20130506,41.04,41.23,41.00,41.09,1167646,0
20130507,41.22,41.48,41.15,41.42,1522747,0
20130508,41.39,41.53,41.14,41.53,1462223,0
20130509,41.47,41.55,41.06,41.30,1669947,0
20130510,41.27,41.41,41.06,41.21,1097308,0
20130513,41.16,41.18,40.93,41.03,1033256,0
20130514,41.09,41.50,41.04,41.50,1416750,0
20130515,41.40,42.05,41.21,41.98,1735482,0
20130516,41.83,42.12,41.80,41.99,1147336,0
20130517,42.04,42.41,42.01,42.39,1893493,0
20130520,42.39,42.68,42.33,42.59,1844369,0
20130521,42.62,42.94,42.59,42.75,1659331,0
20130522,42.70,43.00,42.15,42.32,1956585,0
20130523,41.79,42.50,41.79,42.30,1519473,0
20130524,42.09,42.44,42.05,42.38,1216341,0
20130528,42.63,42.80,42.20,42.45,2102074,0
20130529,42.30,42.32,41.64,41.90,2034957,0
20130530,41.95,42.34,41.92,42.15,1238506,0
20130531,42.02,42.40,41.93,41.93,2534123,0
20130603,42.00,42.00,41.40,41.62,2472108,0
20130604,41.53,41.93,41.53,41.77,2888433,0
20130605,41.47,41.47,40.73,40.98,2344413,0
20130606,40.90,41.09,40.04,40.59,2936545,0
20130607,39.70,40.52,38.82,40.47,5462604,0
20130610,40.61,40.75,40.37,40.45,2576080,0
20130611,40.25,40.59,40.12,40.26,1639733,0
20130612,40.48,40.48,40.10,40.14,1642499,0
20130613,39.68,40.00,39.59,39.84,3278662,0
20130614,39.75,39.94,39.64,39.68,2317527,0
20130617,39.92,40.62,39.74,40.45,2409142,0
20130618,40.54,40.93,40.40,40.85,1237073,0
20130619,40.84,40.85,40.16,40.17,1646469,0
20130620,39.95,39.95,39.47,39.54,2009137,0
20130621,39.83,40.03,39.45,39.86,2894194,0
20130624,39.45,39.57,39.03,39.04,2439448,0
20130625,39.32,39.54,38.81,39.11,2852691,0
20130626,39.41,40.09,39.36,40.06,2528536,0
20130627,40.23,40.40,40.03,40.21,1541635,0
20130628,40.14,40.51,39.72,40.33,2429905,0
20130701,40.40,40.99,40.34,40.68,1502930,0
20130702,40.56,40.98,40.25,40.40,1258526,0
20130703,40.25,40.30,39.93,40.18,749004,0
20130705,40.29,40.78,40.08,40.75,1216512,0
20130708,40.79,41.05,40.42,40.68,2309750,0
20130709,40.78,41.38,40.75,41.24,1785528,0
20130710,41.22,41.74,41.22,41.40,2130968,0
20130711,41.83,42.00,41.66,41.98,1147569,0
20130712,42.00,42.19,41.83,42.07,1194446,0
20130715,42.03,42.22,41.97,42.07,1107744,0
20130716,42.05,42.20,41.71,41.86,1073558,0
20130717,42.00,42.12,41.73,41.88,854124,0
20130718,42.10,42.49,42.07,42.32,1512503,0
20130719,42.42,42.43,42.07,42.39,1196665,0
20130722,42.43,42.61,42.26,42.35,925042,0
20130723,42.36,42.43,42.10,42.43,1182718,0
20130724,42.45,42.83,42.23,42.31,1449441,0
20130725,42.13,42.41,42.01,42.35,1079630,0
20130726,42.08,42.20,41.75,42.05,1504073,0
20130729,42.04,42.10,41.77,41.85,1237741,0
20130730,41.85,42.23,41.59,41.72,1607040,0
20130731,41.88,42.31,41.79,42.03,1979773,0
20130801,42.24,42.67,42.18,42.54,1491200,0
20130802,42.54,42.72,42.24,42.60,1413181,0
20130805,42.45,42.76,42.41,42.74,1444986,0
20130806,42.66,42.77,42.53,42.64,1323416,0
20130807,42.58,42.83,42.19,42.80,1697813,0
20130808,42.85,43.23,42.76,43.09,1234059,0
20130809,43.12,43.22,42.80,43.20,1280773,0
20130812,43.18,43.48,43.02,43.17,1914911,0
20130813,43.22,43.58,43.09,43.50,1601096,0
20130814,43.52,43.52,43.03,43.12,1701041,0
20130815,42.45,42.45,41.65,41.85,2938609,0
20130816,41.73,42.07,41.71,41.93,1497189,0
20130819,41.90,41.98,41.69,41.73,1265851,0
20130820,41.73,42.38,41.54,42.12,1664291,0
20130821,42.03,42.04,41.50,41.58,1415652,0
20130822,41.64,42.17,41.59,41.89,1205341,0
20130823,42.02,42.27,41.98,42.12,1164463,0
20130826,42.14,42.22,41.90,41.98,961253,0
20130827,41.60,41.80,41.15,41.17,2110131,0
20130828,41.10,41.22,40.92,41.10,1206723,0
20130829,41.00,41.24,40.83,40.92,1172355,0
20130830,40.91,40.92,40.31,40.44,2003114,0
20130903,40.87,40.95,39.90,40.15,2047074,0
20130904,39.78,40.29,39.60,40.04,2334950,0
20130905,40.00,40.15,39.83,39.85,2313996,0
20130906,40.03,40.10,39.60,39.92,1639904,0
20130909,40.04,40.36,40.02,40.34,1082813,0
20130910,40.50,40.78,40.40,40.70,1174381,0
20130911,40.72,40.99,40.57,40.91,1226058,0
20130912,40.98,41.18,40.84,40.87,1282800,0
20130913,41.01,41.08,40.77,40.89,1184173,0
20130916,41.20,41.61,41.14,41.40,1206089,0
20130917,41.40,41.47,40.90,41.19,1447002,0
20130918,41.17,42.24,41.10,42.22,2229802,0
20130919,42.25,42.48,42.14,42.27,1259357,0
20130920,42.33,42.37,42.00,42.09,2218630,0
20130923,42.00,42.20,41.72,41.85,1332398,0
20130924,41.75,42.06,41.65,41.69,1450272,0
20130925,41.55,41.69,41.33,41.37,1410535,0
20130926,41.50,41.74,41.45,41.69,1463139,0
20130927,41.49,41.56,41.13,41.39,1196902,0
20130930,41.04,41.32,40.98,41.24,1309884,0
20131001,41.24,41.62,41.11,41.58,939666,0
20131002,41.40,41.40,40.90,41.22,1280183,0
20131003,41.08,41.12,40.28,40.62,1419507,0
20131004,40.63,40.90,40.50,40.80,1050296,0
20131007,40.49,41.00,40.39,40.86,1407450,0
20131008,40.76,40.89,40.46,40.49,1236622,0
20131009,40.61,40.64,40.30,40.40,1277485,0
20131010,40.84,41.23,40.66,41.23,1322911,0
20131011,41.15,41.85,41.09,41.74,1452690,0
20131014,41.50,41.83,41.33,41.72,798742,0
20131015,41.53,41.83,41.40,41.43,974549,0
20131016,41.72,41.99,41.55,41.98,1068318,0
20131017,41.77,42.49,41.61,42.47,1768862,0
20131018,42.55,42.59,42.34,42.45,1284182,0
20131021,42.44,42.54,42.09,42.52,1376618,0
20131022,42.62,43.06,42.58,43.01,1447335,0
20131023,42.90,43.37,42.74,43.30,1904331,0
20131024,43.47,43.47,42.97,43.27,1644820,0
20131025,43.19,43.68,43.02,43.65,1552630,0
20131028,43.63,43.87,43.37,43.61,2419848,0
20131029,43.57,44.60,43.21,43.25,4017121,0
20131030,43.25,43.70,42.49,42.54,3818846,0
20131031,42.50,43.65,42.50,43.54,2620876,0
20131101,43.52,43.83,43.44,43.69,1830754,0
20131104,43.75,43.84,43.56,43.62,1967593,0
20131105,43.55,43.79,43.36,43.70,1680882,0
20131106,43.79,43.91,43.57,43.78,2714507,0
20131107,43.82,44.04,43.36,43.38,1908388,0
20131108,43.45,44.16,43.40,44.16,1461432,0
20131111,44.09,44.36,43.97,44.12,1123067,0
20131112,43.95,44.04,43.43,43.79,1838460,0
20131113,43.75,44.18,43.35,44.18,3458993,0
20131114,44.15,44.95,44.14,44.79,2175834,0
20131115,44.77,45.32,44.77,45.21,2052556,0
20131118,45.28,45.72,45.17,45.48,1923931,0
20131119,45.32,45.54,45.15,45.34,2928487,0
20131120,45.46,45.73,45.26,45.41,1530078,0
20131121,45.40,45.88,45.20,45.78,6290905,0
20131122,45.57,46.13,45.47,46.10,7267565,0
20131125,46.22,46.38,45.53,45.67,8638437,0
20131126,45.66,45.80,45.62,45.72,2082791,0
20131127,45.75,45.80,45.36,45.64,1713757,0
20131129,45.59,45.82,45.44,45.68,1131079,0
20131202,45.27,45.36,44.89,44.95,3319496,0
20131203,44.63,44.91,44.51,44.63,2221400,0
20131204,44.50,44.79,44.31,44.56,2324721,0
20131205,44.47,44.61,44.27,44.34,2068613,0
20131206,44.82,45.05,44.74,44.83,1687287,0
20131209,44.85,44.93,44.61,44.65,1716050,0
20131210,44.68,44.77,44.46,44.55,2321228,0
20131211,44.50,44.64,43.72,43.76,2506035,0
20131212,43.70,44.13,43.55,43.81,2350620,0
20131213,43.85,43.97,43.55,43.62,1997905,0
20131216,43.68,43.92,43.60,43.73,3054047,0
20131217,43.66,43.72,43.35,43.46,2734050,0
20131218,43.58,44.03,42.95,43.99,3454650,0
20131219,43.91,44.09,43.69,43.89,2047605,0
20131220,43.84,44.45,43.84,44.37,3735622,0
20131223,44.46,44.79,44.45,44.73,2723606,0
20131224,44.78,45.09,44.78,44.92,766296,0
20131226,45.10,45.12,44.80,44.98,986951,0
20131227,44.91,45.02,44.80,44.91,702885,0
20131230,44.81,44.93,44.68,44.88,1019530,0
20131231,44.91,45.00,44.75,44.87,1026955,0
20140102,44.79,44.80,44.10,44.20,1507563,0
20140103,44.25,44.46,44.00,44.19,1463366,0
20140106,44.38,44.39,43.71,43.76,1907241,0
20140107,44.04,44.18,43.84,44.08,2136745,0
20140108,44.09,44.14,43.78,43.99,1761759,0
20140109,44.10,44.17,43.60,43.73,1637050,0
20140110,44.06,44.14,43.43,43.61,2015353,0
20140113,43.34,43.47,42.93,43.03,2472153,0
20140114,43.09,43.42,43.05,43.30,1794205,0
20140115,43.44,43.48,43.15,43.19,1832088,0
20140116,43.11,43.19,42.75,42.86,2193205,0
20140117,42.96,43.33,42.84,43.12,2450796,0
20140121,43.41,43.45,42.75,42.91,1949274,0
20140122,43.04,43.05,42.68,42.75,1744117,0
20140123,42.49,42.51,41.91,42.31,3057500,0
20140124,42.05,42.12,41.61,41.64,3041645,0
20140127,41.61,41.84,41.37,41.54,2464839,0
20140128,41.63,41.78,41.23,41.44,2139846,0
20140129,41.15,41.46,40.86,41.07,3043570,0
20140130,41.37,41.92,41.31,41.79,1863837,0
20140131,41.34,41.84,41.16,41.78,2745501,0
20140203,41.72,41.86,40.89,41.00,3098455,0
20140204,41.15,41.37,41.08,41.29,1764610,0
20140205,41.13,41.65,41.12,41.50,2167271,0
20140206,41.50,42.25,41.39,42.07,2090587,0
20140207,42.31,43.00,42.31,42.84,2421963,0
20140210,42.84,42.85,42.37,42.64,2498311,0
20140211,42.54,43.07,42.50,42.85,1645945,0
20140212,42.86,43.06,42.80,42.88,1208826,0
20140213,42.72,43.37,42.62,43.33,1134859,0
20140214,43.22,43.78,43.01,43.67,1717300,0
20140218,42.69,43.45,41.40,41.72,6161397,0
20140219,41.17,41.68,40.67,41.19,4958803,0
20140220,41.13,41.41,40.84,40.98,3454656,0
20140221,41.08,41.29,40.83,40.99,2672241,0
20140224,41.04,41.31,40.90,41.06,3222351,0
20140225,41.00,41.16,40.60,40.76,2978411,0
20140226,40.74,41.10,40.65,40.85,2813718,0
20140227,40.83,41.09,40.45,40.58,2166409,0
20140228,40.55,41.51,40.55,41.50,3545914,0
20140303,40.88,41.42,40.88,41.28,2574836,0
20140304,41.60,41.81,41.07,41.37,3013928,0
20140305,41.40,41.51,41.19,41.34,2074205,0
20140306,40.95,41.24,40.91,41.20,2087734,0
20140307,41.29,41.56,41.17,41.38,1714542,0
20140310,41.30,41.39,41.14,41.35,1138788,0
20140311,41.35,41.47,41.07,41.26,1331726,0
20140312,41.00,41.09,40.53,40.59,2662109,0
20140313,40.74,40.81,40.35,40.41,1989924,0
20140314,40.46,40.92,40.39,40.81,2216251,0
20140317,40.92,41.10,40.88,41.06,1649211,0
20140318,41.09,41.38,41.09,41.31,1355283,0
20140319,41.25,41.51,40.96,41.18,1711057,0
20140320,41.08,41.31,40.99,41.07,1138535,0
20140321,41.43,41.51,40.71,40.73,3765440,0
20140324,40.91,41.15,40.42,40.51,2856310,0
20140325,40.66,40.89,40.54,40.61,2033309,0
20140326,40.82,40.96,40.50,40.52,1767886,0
20140327,40.57,41.10,40.41,40.90,1737713,0
20140328,41.13,41.47,41.00,41.15,1630649,0
20140331,41.37,42.10,41.34,42.07,3596255,0
20140401,42.12,42.21,41.75,41.93,1965334,0
20140402,41.83,42.05,41.64,41.71,1959100,0
20140403,41.76,41.86,41.55,41.84,1597408,0
20140404,41.94,42.31,41.81,41.83,1837240,0
20140407,41.82,42.15,41.53,41.60,2118592,0
20140408,41.59,42.06,41.53,42.00,1871617,0
20140409,42.07,42.15,41.77,41.97,1650498,0
20140410,41.97,42.21,41.36,41.38,1691466,0
20140411,41.29,41.48,41.04,41.06,1450106,0
20140414,41.36,41.49,41.11,41.40,1138335,0
20140415,41.38,41.50,41.09,41.40,1507995,0
20140416,41.68,42.36,41.60,42.16,2188446,0
20140417,41.98,42.11,41.85,42.03,1546538,0
20140421,41.87,42.08,41.64,41.86,1393013,0
20140422,42.00,42.21,41.92,41.96,1425583,0
20140423,41.86,42.22,41.73,41.99,2135912,0
20140424,41.96,43.24,41.84,42.84,3982504,0
20140425,42.88,43.30,42.77,43.04,1983626,0
20140428,43.33,43.91,43.27,43.81,2625409,0
20140429,43.98,44.24,43.66,43.91,2050995,0
20140430,43.97,44.50,43.88,44.45,2414067,0
20140501,44.39,44.50,44.15,44.33,1715659,0
20140502,44.28,44.39,44.05,44.14,1433190,0
20140505,44.00,44.16,43.76,44.11,1418643,0
20140506,44.00,44.01,43.57,43.57,2364155,0
20140507,43.75,44.01,43.55,43.96,1811493,0
20140508,44.00,44.35,43.88,44.07,1349435,0
20140509,44.00,44.05,43.69,43.92,1165905,0
20140512,44.10,44.17,43.76,43.88,1563722,0
20140513,44.09,44.24,43.85,44.11,1662015,0
20140514,44.10,44.24,43.94,44.01,1115340,0
20140515,43.89,44.09,43.69,43.95,2292523,0
20140516,43.92,43.95,43.52,43.80,1590558,0
20140519,43.73,43.91,43.53,43.89,1973976,0
20140520,43.89,43.97,43.24,43.42,1454141,0
20140521,43.54,43.65,43.28,43.65,1036020,0
20140522,43.60,43.62,43.31,43.48,1661803,0
20140523,43.57,43.64,43.26,43.37,1719806,0
20140527,43.41,43.73,43.25,43.73,1891752,0
20140528,43.90,44.48,43.81,44.25,2305891,0
20140529,44.30,44.39,44.10,44.36,1475322,0
20140530,44.35,44.72,44.30,44.68,2030704,0
20140602,44.69,44.84,44.55,44.81,1497158,0
20140603,44.64,44.71,44.33,44.67,1778799,0
20140604,44.20,44.44,44.09,44.20,2580180,0
20140605,44.29,44.29,43.99,44.13,1608036,0
20140606,44.21,44.30,44.11,44.26,1819318,0
20140609,44.10,44.58,44.10,44.53,2317526,0
20140610,44.47,44.87,44.47,44.55,1136111,0
20140611,44.41,44.42,44.08,44.09,1319068,0
20140612,44.05,44.15,43.74,43.89,1930817,0
20140613,43.92,44.28,43.83,44.00,1212599,0
20140616,43.97,44.25,43.90,43.99,1066685,0
20140617,43.88,44.42,43.80,44.26,1239490,0
20140618,44.26,44.43,44.02,44.30,1438060,0
20140619,44.31,44.48,44.21,44.37,1453606,0
20140620,44.47,44.69,44.40,44.63,2224210,0
20140623,44.69,44.85,44.20,44.39,1240913,0
20140624,44.31,44.50,44.24,44.37,1023723,0
20140625,44.30,44.50,44.17,44.46,990078,0
20140626,44.43,44.57,44.31,44.44,960990,0
20140627,44.32,44.89,44.32,44.84,2025306,0
20140630,44.82,44.83,44.52,44.73,1283111,0
20140701,44.75,44.97,44.56,44.83,1021307,0
20140702,44.83,44.90,44.37,44.47,926117,0
20140703,44.52,44.71,44.45,44.71,662484,0
20140707,44.56,44.70,44.34,44.54,1125230,0
20140708,44.46,44.69,44.39,44.60,1391301,0
20140709,44.60,44.69,44.07,44.24,1809033,0
20140710,44.00,44.30,43.83,44.18,1064214,0
20140711,44.17,44.35,44.02,44.34,1252254,0
20140714,44.49,44.49,44.26,44.40,1447114,0
20140715,44.36,44.62,44.18,44.51,1579235,0
20140716,44.55,44.69,44.39,44.65,931271,0
20140717,44.45,44.58,44.07,44.07,1083345,0
20140718,44.23,44.50,44.00,44.44,834273,0
20140721,44.37,44.58,44.05,44.48,1232700,0
20140722,44.55,44.66,44.35,44.51,1151638,0
20140723,44.51,44.57,44.28,44.28,794539,0
20140724,44.33,44.36,44.12,44.31,1221667,0
20140725,44.25,44.58,44.05,44.10,1170681,0
20140728,44.00,44.17,43.49,43.89,1506361,0
20140729,44.13,45.67,44.13,45.59,7869603,0
20140730,45.69,45.69,45.11,45.40,2174810,0
20140731,45.23,45.35,44.89,44.89,2171804,0
20140801,44.72,44.84,44.29,44.41,1800834,0
20140804,44.40,44.68,44.22,44.55,1872044,0
20140805,44.53,44.82,44.33,44.50,2883162,0
20140806,44.29,44.51,44.12,44.23,1620474,0
20140807,44.40,44.55,43.97,44.05,1716794,0
20140808,44.11,45.23,44.02,45.18,1666846,0
20140811,45.17,45.59,45.04,45.28,1514839,0
20140812,45.24,45.53,45.23,45.48,1531181,0
20140813,45.65,45.96,45.58,45.70,1359124,0
20140814,45.68,45.89,45.61,45.85,852186,0
20140815,45.90,46.07,45.51,45.82,1591477,0
20140818,45.99,46.15,45.87,46.09,1364991,0
20140819,46.18,46.43,46.09,46.33,947064,0
20140820,46.30,46.70,46.21,46.68,1376605,0
20140821,46.64,46.92,46.58,46.70,1324402,0
20140822,46.70,46.80,46.39,46.43,1146513,0
20140825,46.46,46.69,46.39,46.49,1352136,0
20140826,46.53,46.74,46.49,46.57,978971,0
20140827,46.85,47.35,46.81,46.96,2361907,0
20140828,46.79,46.98,46.68,46.82,1321909,0
20140829,46.85,47.06,46.70,46.97,1217566,0
20140902,46.97,47.27,46.85,47.26,1517511,0
20140903,47.00,47.09,46.82,46.92,1527080,0
20140904,46.93,47.21,46.67,46.86,1491215,0
20140905,46.85,47.18,46.81,47.03,2222652,0
20140908,47.05,47.24,46.96,47.17,1263842,0
20140909,47.09,47.22,46.97,47.01,906997,0
20140910,46.99,47.42,46.99,47.30,1282751,0
20140911,47.12,47.28,47.03,47.20,913164,0
20140912,47.32,47.38,46.51,46.80,1991294,0
20140915,46.89,47.30,46.74,47.12,1119209,0
20140916,47.15,47.34,46.88,47.25,943439,0
20140917,47.26,47.55,47.21,47.36,1256794,0
20140918,47.36,47.50,47.17,47.40,1364351,0
20140919,47.67,47.69,47.29,47.35,1801319,0
20140922,47.24,47.36,47.07,47.11,1189686,0
20140923,47.10,47.29,46.91,46.92,1543046,0
20140924,47.04,47.46,46.93,47.41,1159743,0
20140925,47.27,47.40,46.88,46.90,1349352,0
20140926,46.88,47.30,46.82,47.18,1282747,0
20140929,47.18,47.54,47.11,47.40,1645666,0
20140930,47.46,47.68,47.30,47.53,1517949,0
20141001,47.64,47.64,47.06,47.15,1810621,0
20141002,47.16,47.48,46.97,47.12,1618944,0
20141003,47.39,47.62,47.26,47.60,1597170,0
20141006,47.64,47.79,47.30,47.51,1040159,0
20141007,47.35,47.36,46.72,46.73,1807108,0
20141008,46.73,47.60,46.62,47.58,1596792,0
20141009,47.58,47.74,46.84,46.92,1464905,0
20141010,46.96,47.37,46.80,46.82,2699592,0
20141013,46.83,47.13,46.63,46.64,2167383,0
20141014,46.79,47.09,46.33,46.49,3235292,0
20141015,46.00,46.49,45.50,46.28,3158293,0
20141016,45.66,46.39,45.62,46.29,2880341,0
20141017,46.54,46.86,46.31,46.72,2274748,0
20141020,46.53,46.70,46.41,46.65,1718214,0
20141021,46.73,47.29,46.66,47.26,1783176,0
20141022,47.40,47.54,47.18,47.19,1895667,0
20141023,47.65,48.07,47.60,47.89,1589001,0
20141024,48.00,48.05,47.74,47.96,1084412,0
20141027,47.98,48.22,47.87,48.12,1066934,0
20141028,48.33,48.42,48.04,48.42,1391129,0
20141029,48.38,48.50,46.48,47.73,4958816,0
20141030,47.73,48.75,47.70,48.55,2767203,0
20141031,49.03,49.18,48.60,48.89,3261936,0
20141103,48.79,48.89,48.25,48.61,2212916,0
20141104,48.62,48.78,48.22,48.34,3713706,0
20141105,48.41,48.92,48.22,48.89,1707025,0
20141106,49.02,49.40,48.92,49.23,1643778,0
20141107,49.31,49.66,49.31,49.45,1578470,0
20141110,49.54,49.71,49.43,49.49,1966429,0
20141111,49.46,49.61,49.26,49.36,1315867,0
20141112,49.32,49.52,49.25,49.38,1239091,0
20141113,49.43,49.53,49.22,49.37,1115447,0
20141114,49.26,49.45,49.01,49.09,1230336,0
20141117,49.03,49.16,48.98,49.09,1149043,0
20141118,49.16,49.27,49.04,49.10,1453100,0
20141119,49.07,49.07,48.36,48.56,2776867,0
20141120,48.34,48.44,48.20,48.32,2191583,0
20141121,48.78,48.78,48.37,48.53,2150871,0
20141124,48.50,48.77,48.42,48.67,1410059,0
20141125,48.70,48.75,48.36,48.51,2370776,0
20141126,48.58,48.81,48.55,48.70,1847780,0
20141128,48.88,49.26,48.67,48.73,1271908,0
20141201,48.73,48.79,48.47,48.49,1930612,0
20141202,48.73,49.12,48.60,48.81,3721573,0
20141203,48.58,49.26,48.50,49.16,4255147,0
20141204,49.06,49.47,48.84,49.25,3025588,0
20141205,49.18,49.52,49.07,49.45,3070657,0
20141208,49.42,49.42,49.01,49.19,3165456,0
20141209,48.95,49.04,48.56,48.94,1683535,0
20141210,49.01,49.10,48.51,48.65,1998697,0
20141211,48.71,49.42,48.70,49.07,1687298,0
20141212,48.96,49.07,48.38,48.50,1960437,0
20141215,48.60,49.18,48.29,49.10,4429654,0
20141216,49.09,49.85,48.92,49.39,3588361,0
20141217,49.27,49.58,48.53,49.55,3370441,0
20141218,50.00,50.86,49.92,50.86,2867540,0
20141219,51.09,51.14,50.49,50.78,3662058,0
20141222,50.78,51.15,50.58,51.12,1340915,0
20141223,51.18,51.49,51.04,51.21,1386328,0
20141224,51.40,51.40,51.05,51.16,659023,0
20141226,51.37,51.61,51.17,51.36,939864,0
20141229,51.40,51.71,51.23,51.54,1249131,0
20141230,51.53,51.65,51.21,51.58,1446121,0
20141231,51.74,51.95,51.28,51.32,2238836,0
20150102,51.25,51.78,51.20,51.75,3146760,0
20150105,51.43,51.62,51.13,51.23,3859108,0
20150106,51.27,51.64,50.86,51.27,3013167,0
20150107,51.42,51.62,51.05,51.31,2243273,0
20150108,51.64,51.94,51.53,51.90,2941842,0
20150109,51.82,51.89,51.37,51.53,1664010,0
20150112,51.60,51.69,51.24,51.47,1315833,0
20150113,51.68,52.11,51.07,51.51,1780458,0
20150114,51.25,51.88,51.10,51.81,1624100,0
20150115,51.80,52.14,51.76,51.82,1352568,0
20150116,51.78,52.28,51.56,52.24,1311210,0
20150120,52.54,52.95,52.32,52.91,2422928,0
20150121,52.72,53.06,52.56,52.73,2409886,0
20150122,52.98,53.19,52.46,52.78,2857920,0
20150123,52.71,53.06,52.62,53.00,2400385,0
20150126,52.95,53.35,52.66,53.21,1599892,0
20150127,52.96,53.35,52.89,53.14,2293123,0
20150128,53.18,53.49,52.59,52.64,1752362,0
20150129,52.56,52.64,52.01,52.55,1447217,0
20150130,52.23,52.30,51.39,51.43,3119529,0
20150202,51.46,51.58,50.82,51.56,4397815,0
20150203,51.43,52.24,51.38,52.24,2220476,0
20150204,52.20,52.59,52.01,52.22,1773767,0
20150205,52.22,52.62,52.21,52.60,1086972,0
20150206,52.56,52.81,52.20,52.44,1387613,0
20150209,52.20,52.76,52.20,52.53,1629999,0
20150210,52.74,52.96,52.52,52.70,1554408,0
20150211,52.77,52.98,52.42,52.56,1605477,0
20150212,52.59,52.97,52.45,52.70,1692439,0
20150213,51.60,51.65,50.67,51.29,4966281,0
20150217,52.20,54.49,52.20,53.94,5272275,0
20150218,54.08,54.77,53.74,54.63,2558922,0
20150219,54.50,54.62,53.85,54.39,1962015,0
20150220,54.48,54.72,54.18,54.51,2262361,0
20150223,54.51,54.80,54.35,54.57,1442982,0
20150224,54.40,54.73,54.35,54.47,1605613,0
20150225,54.62,54.84,54.44,54.53,1683468,0
20150226,54.62,54.66,54.03,54.28,1759260,0
20150227,54.31,54.68,54.12,54.48,1702588,0
20150302,54.66,54.90,54.49,54.85,2004178,0
20150303,54.70,55.27,54.66,55.18,3237487,0
20150304,55.00,55.16,54.87,55.07,3352070,0
20150305,54.72,54.84,54.23,54.50,2054411,0
20150306,54.16,54.29,53.64,53.65,2521169,0
20150309,53.61,53.84,53.58,53.67,2991321,0
20150310,53.32,53.53,52.90,52.91,2854037,0
20150311,52.93,53.07,52.67,52.69,2797539,0
20150312,52.72,53.19,52.71,53.09,1974612,0
20150313,53.18,53.40,52.84,53.32,1908663,0
20150316,53.50,54.50,53.49,54.40,2280052,0
20150317,54.41,54.66,54.32,54.47,1508115,0
20150318,54.27,55.20,54.05,55.07,2049004,0
20150319,55.12,55.31,54.73,54.73,1704854,0
20150320,54.79,54.85,54.38,54.55,5120323,0
20150323,54.72,55.13,54.47,54.92,2467674,0
20150324,54.92,54.96,54.57,54.61,1879185,0
20150325,54.65,54.70,53.84,53.86,1508632,0
20150326,53.64,53.71,53.38,53.40,1376145,0
20150327,53.38,53.70,53.38,53.40,1590865,0
20150330,53.56,54.23,53.53,54.01,1585978,0
20150331,53.88,54.40,53.82,54.23,2337277,0
20150401,54.25,54.38,53.57,53.65,2061428,0
20150402,53.69,54.00,53.66,53.90,1401459,0
20150406,53.89,54.73,53.75,54.55,3344045,0
20150407,54.47,54.89,54.35,54.74,2023189,0
20150408,54.76,55.09,54.58,54.61,3859855,0
20150409,54.67,55.13,54.42,54.97,4105704,0
20150410,55.17,55.93,54.99,55.14,4470917,0
20150413,55.00,55.16,54.74,54.84,2603161,0
20150414,54.73,54.76,54.15,54.24,1967510,0
20150415,54.37,54.64,54.22,54.25,1233737,0
20150416,54.06,54.15,53.63,53.99,2056264,0
20150417,53.61,53.83,52.75,52.88,2859729,0
20150420,53.16,53.44,53.00,53.02,2767713,0
20150421,53.11,53.36,52.74,52.84,4163606,0
20150422,52.81,53.17,52.20,52.61,3544450,0
20150423,52.49,52.81,52.45,52.68,4064251,0
20150424,52.64,52.76,52.26,52.66,3995240,0
20150427,52.94,52.94,52.17,52.29,1868340,0
20150428,52.34,52.69,52.08,52.47,1768359,0
20150429,51.50,52.02,49.63,49.88,5639938,0
20150430,49.77,50.10,49.43,49.53,4134180,0
20150501,49.57,50.23,49.57,50.09,2120643,0
20150504,50.11,50.45,49.80,49.85,2826585,0
20150505,49.87,50.04,48.75,48.86,2948278,0
20150506,49.02,49.20,48.09,48.47,3186166,0
20150507,48.50,48.99,48.48,48.86,2224225,0
20150508,49.16,49.59,49.13,49.33,1681324,0
20150511,49.16,49.90,49.05,49.43,3939271,0
20150512,49.23,49.70,49.08,49.51,1924361,0
20150513,49.54,49.81,49.32,49.37,2035570,0
20150514,49.49,49.86,49.49,49.72,1434377,0
20150515,49.81,49.97,49.73,49.83,1476171,0
20150518,49.94,49.95,49.69,49.85,1540866,0
20150519,49.79,49.95,49.61,49.86,1572174,0
20150520,49.81,49.95,49.67,49.72,1337768,0
20150521,49.71,50.25,49.65,50.12,2043369,0
20150522,49.98,50.27,49.98,50.06,1388308,0
20150526,50.00,50.14,49.44,49.57,2593611,0
20150527,49.79,49.97,49.48,49.84,1181620,0
20150528,49.81,50.00,49.71,49.79,1625887,0
20150529,49.64,49.86,49.41,49.65,2362564,0
20150601,49.82,49.91,49.54,49.74,1358014,0
20150602,49.61,49.84,49.50,49.56,1699578,0
20150603,49.28,49.34,49.06,49.25,1696228,0
20150604,49.00,49.27,48.47,48.68,3159719,0
20150605,48.60,48.67,48.33,48.41,2020037,0
20150608,48.37,48.62,48.30,48.46,1363621,0
20150609,48.46,48.56,48.23,48.32,1431818,0
20150610,48.39,48.76,48.39,48.44,1810652,0
20150611,48.59,48.77,48.31,48.49,1906429,0
20150612,48.45,48.50,48.19,48.44,1876364,0
20150615,48.11,48.11,47.63,47.71,1686829,0
20150616,47.79,47.90,47.69,47.80,1489421,0
20150617,47.93,48.01,47.57,47.88,2002122,0
20150618,48.00,48.39,48.00,48.30,1504245,0
20150619,48.25,48.25,47.74,47.76,2121472,0
20150622,48.07,48.11,47.57,47.70,1643739,0
20150623,47.68,47.85,47.30,47.34,1629384,0
20150624,47.25,47.40,47.12,47.17,1881707,0
20150625,47.28,47.29,46.88,46.94,1161061,0
20150626,46.98,47.19,46.82,47.03,1268529,0
20150629,46.75,46.90,46.33,46.35,1606830,0
20150630,46.70,46.80,46.31,46.35,1345961,0
20150701,46.64,46.68,46.24,46.51,1241150,0
20150702,46.57,46.67,46.22,46.37,884581,0
20150706,46.04,46.54,45.86,46.53,1228540,0
20150707,46.53,47.11,46.41,47.02,1986316,0
20150708,46.66,47.26,46.60,46.81,2051667,0
20150709,47.17,47.34,47.07,47.15,2254252,0
20150710,47.56,47.89,47.31,47.75,1920274,0
20150713,48.14,48.17,47.78,47.93,2082372,0
20150714,47.86,48.67,47.83,48.60,2285072,0
20150715,48.63,48.74,48.32,48.40,1573892,0
20150716,48.67,49.23,48.48,48.94,2299899,0
20150717,48.83,48.89,48.51,48.68,1602073,0
20150720,48.64,48.73,48.44,48.53,1022934,0
20150721,48.51,48.61,48.02,48.23,1269456,0
20150722,48.22,48.47,47.55,47.80,2750066,0
20150723,47.76,49.36,47.76,49.08,4709274,0
20150724,49.21,49.56,48.73,48.83,3129720,0
20150727,48.73,49.54,48.69,49.06,3871662,0
20150728,49.71,50.25,49.52,50.16,3520456,0
20150729,50.27,50.79,50.21,50.70,3278939,0
20150730,50.54,51.38,50.54,51.20,2769387,0
20150731,51.43,51.46,51.04,51.13,1658329,0
20150803,51.05,51.13,50.67,50.80,2178613,0
20150804,50.87,51.38,50.79,50.97,1854808,0
20150805,51.21,51.83,51.18,51.60,2052227,0
20150806,51.60,51.80,50.95,50.98,1820746,0
20150807,50.96,51.12,50.56,50.76,2309141,0
20150810,51.03,51.43,50.95,51.39,1606822,0
20150811,51.01,51.57,50.94,51.52,1590608,0
20150812,51.24,51.91,51.15,51.85,2531555,0
20150813,51.72,52.27,51.61,51.90,1872906,0
20150814,51.96,52.29,51.83,52.25,1104621,0
20150817,51.92,52.70,51.63,52.64,1428350,0
20150818,52.54,53.06,52.50,52.70,2028810,0
20150819,52.43,52.95,52.17,52.60,2285060,0
20150820,52.29,53.04,52.10,52.57,3257094,0
20150821,52.06,52.36,51.63,51.64,3558664,0
20150824,49.18,50.68,48.79,49.47,4431559,0
20150825,50.37,50.77,49.12,49.15,3039221,0
20150826,50.32,50.34,49.12,49.50,4369616,0
20150827,50.03,50.31,49.31,50.03,3856951,0
20150828,50.08,50.50,49.93,50.21,2509984,0
20150831,50.13,50.27,49.92,50.06,2075423,0
20150901,49.32,49.84,48.90,49.31,2870876,0
20150902,49.74,49.96,49.29,49.78,1703040,0
20150903,49.88,50.55,49.88,50.28,1934753,0
20150904,49.69,50.19,49.57,49.93,2295326,0
20150908,50.58,50.90,50.25,50.70,2922625,0
20150909,51.02,51.18,50.03,50.13,3217011,0
20150910,49.78,50.14,49.51,49.80,2729447,0
20150911,49.68,50.05,49.55,50.00,1889806,0
20150914,50.01,50.03,49.44,49.89,2187027,0
20150915,50.05,50.33,49.88,50.15,2945881,0
20150916,50.29,50.29,49.99,50.16,2215169,0
20150917,50.24,50.51,49.94,50.07,2119522,0
20150918,49.46,50.05,49.44,49.89,3756391,0
20150921,50.26,50.35,49.97,50.11,2083750,0
20150922,49.65,49.92,49.32,49.87,1972798,0
20150923,49.88,50.06,49.44,49.95,2004215,0
20150924,49.66,49.92,49.42,49.80,3534496,0
20150925,50.22,50.66,49.94,50.37,3294353,0
20150928,50.18,50.28,49.68,49.78,2076217,0
20150929,49.72,49.77,48.98,49.22,5423714,0
20150930,49.58,49.86,49.07,49.81,3399576,0
20151001,49.85,50.24,49.52,50.10,2361644,0
20151002,49.70,50.53,49.49,50.53,1761209,0
20151005,50.84,51.53,50.79,51.46,1556535,0
20151006,51.41,51.64,51.14,51.43,1857826,0
20151007,51.56,51.99,51.48,51.82,1593728,0
20151008,51.80,52.98,51.49,52.95,2472168,0
20151009,52.95,53.55,52.85,53.16,1482756,0
20151012,53.07,53.56,53.01,53.41,893962,0
20151013,53.24,53.42,52.98,53.06,1393352,0
20151014,52.97,53.03,52.43,52.45,1412470,0
20151015,52.55,52.70,52.23,52.50,1829896,0
20151016,52.66,53.10,52.19,52.45,2384655,0
20151019,52.37,52.65,52.04,52.51,2003028,0
20151020,52.45,52.87,52.38,52.71,1727658,0
20151021,53.28,53.78,53.28,53.44,3239250,0
20151022,53.86,53.97,53.46,53.51,2538619,0
20151023,53.60,53.81,52.97,53.19,2839629,0
20151026,53.26,53.63,53.10,53.19,2226173,0
20151027,52.94,54.50,52.80,54.34,3126172,0
20151028,54.59,54.85,54.06,54.61,2812752,0
20151029,54.67,54.69,54.20,54.46,1523795,0
20151030,54.44,54.69,53.76,53.76,3320661,0
20151102,53.86,54.60,53.86,54.44,2193224,0
20151103,54.31,54.61,53.88,54.05,2082313,0
20151104,54.09,55.28,53.93,54.14,2343713,0
20151105,54.36,54.57,54.23,54.43,1829333,0
20151106,54.43,54.44,53.97,54.43,1400252,0
20151109,54.27,54.41,53.50,53.69,1556140,0
20151110,53.57,54.03,53.53,53.65,1526032,0
20151111,53.74,54.08,53.61,53.63,1527868,0
20151112,53.46,53.57,52.77,52.77,1882074,0
20151113,52.65,52.85,52.02,52.16,2404373,0
20151116,52.05,52.57,52.04,52.56,2935933,0
20151117,52.62,52.85,52.44,52.68,1492222,0
20151118,52.77,53.63,52.56,53.58,1900018,0
20151119,53.77,53.90,53.51,53.63,1181521,0
20151120,53.86,54.17,53.78,54.12,1223817,0
20151123,54.12,54.45,53.94,54.14,1422186,0
20151124,53.87,54.08,53.54,53.98,1541249,0
20151125,54.02,54.16,53.91,54.03,1038714,0
20151127,53.99,54.24,53.70,53.92,780652,0
20151130,54.03,54.17,53.75,53.77,1809356,0
20151201,54.05,54.57,53.60,53.92,1980562,0
20151202,53.55,53.84,53.38,53.51,1695193,0
20151203,53.52,53.67,51.63,51.84,3822643,0
20151204,52.01,52.70,52.01,52.66,4590559,0
20151207,52.46,52.67,51.80,52.10,2420299,0
20151208,51.85,52.63,51.70,52.53,2426797,0
20151209,52.30,52.63,51.65,51.89,1916866,0
20151210,51.97,52.40,51.74,52.02,1450725,0
20151211,51.63,51.84,51.17,51.34,2142472,0
20151214,51.49,51.88,51.08,51.83,3198769,0
20151215,52.10,53.42,52.10,53.34,3434239,0
20151216,53.70,54.24,53.16,53.93,2270058,0
20151217,53.91,54.10,53.27,53.28,3179052,0
20151218,53.00,53.09,52.39,52.73,4070392,0
20151221,52.98,53.26,52.49,52.81,1383557,0
20151222,52.99,53.40,52.52,53.20,1412275,0
20151223,53.41,53.74,53.29,53.66,1229881,0
20151224,53.47,53.62,53.20,53.43,529517,0
20151228,53.40,53.97,53.34,53.91,986043,0
20151229,54.02,54.44,54.02,54.35,849431,0
20151230,54.33,54.48,53.92,53.98,825101,0
20151231,53.83,53.97,53.35,53.37,1055230,0
20160104,52.60,52.61,52.00,52.45,2067396,0
20160105,52.42,52.70,52.23,52.65,2401370,0
20160106,52.17,53.32,52.12,53.30,3277358,0
20160107,52.58,53.05,52.42,52.67,3309867,0
20160108,52.69,53.15,52.23,52.35,2617432,0
20160111,52.35,53.04,52.25,52.86,2127954,0
20160112,52.97,53.32,52.66,53.20,2299865,0
20160113,53.19,53.35,52.00,52.26,2445120,0
20160114,52.44,53.01,51.94,52.78,2786763,0
20160115,51.92,52.11,51.05,51.52,3406123,0
20160119,51.99,52.73,51.84,52.62,2156708,0
20160120,51.96,52.37,50.36,51.92,4118908,0
20160121,51.90,52.58,51.63,51.98,2414133,0
20160122,52.53,53.14,52.29,52.98,2244625,0
20160125,52.92,52.92,52.09,52.24,1748218,0
20160126,52.19,52.57,51.98,52.29,1990944,0
20160127,52.13,52.49,51.46,51.89,2885379,0
20160128,52.00,52.38,51.64,52.07,1451085,0
20160129,52.31,53.07,52.18,52.95,3446580,0
20160201,52.69,53.47,52.39,53.26,1742136,0
20160202,52.70,52.96,51.75,52.12,2529195,0
20160203,52.47,53.27,51.79,53.08,2225927,0
20160204,52.92,53.55,52.73,53.19,1682741,0
20160205,52.93,53.19,52.28,52.57,2150925,0
20160208,52.23,52.88,51.68,52.70,1916762,0
20160209,52.23,53.58,52.20,53.28,2733927,0
20160210,53.49,54.20,53.37,53.52,1686566,0
20160211,52.57,53.15,52.23,52.96,3380890,0
20160212,53.24,54.23,53.05,53.98,2457211,0
20160216,54.72,54.87,54.03,54.79,2896836,0
20160217,54.87,55.25,54.58,54.90,2775420,0
20160218,54.80,55.58,54.34,55.31,3123256,0
20160219,55.25,55.72,54.86,55.50,3046064,0
20160222,55.76,56.25,55.64,56.18,2600547,0
20160223,56.18,56.80,56.14,56.30,1801017,0
20160224,56.04,56.26,55.11,56.09,2669624,0
20160225,56.25,56.50,55.97,56.17,2458241,0
20160226,56.48,56.50,55.97,56.04,2227747,0
20160229,56.11,56.17,55.50,55.85,2960942,0
20160301,56.19,57.18,56.06,57.05,2357602,0
20160302,56.85,57.09,56.52,57.08,2188601,0
20160303,56.72,57.31,56.38,57.27,1773033,0
20160304,57.25,57.49,56.91,57.15,2129760,0
20160307,56.97,57.09,56.64,56.95,1442422,0
20160308,56.75,57.61,56.40,57.32,3068247,0
20160309,57.44,57.96,57.44,57.66,1745702,0
20160310,57.78,57.97,57.18,57.67,2180392,0
20160311,58.00,58.42,57.93,58.40,1854949,0
20160314,58.39,58.54,57.97,58.22,2242947,0
20160315,57.82,58.85,57.70,58.67,2149712,0
20160316,58.59,59.06,58.21,58.83,2421459,0
20160317,58.90,58.97,58.55,58.78,2832780,0
20160318,58.86,59.01,58.44,58.60,6734568,0
20160321,58.42,58.90,58.39,58.73,2433495,0
20160322,58.51,58.76,58.28,58.46,2594129,0
20160323,58.45,58.99,58.25,58.91,2234741,0
20160324,58.75,59.12,58.58,59.11,2112779,0
20160328,59.11,59.49,59.09,59.38,1685116,0
20160329,59.14,59.99,59.14,59.71,3088177,0
20160330,59.74,59.82,59.42,59.63,1363593,0
20160331,59.52,59.82,58.94,59.00,2030471,0
20160401,58.84,59.27,58.75,59.17,3369172,0
20160404,59.06,59.13,58.52,58.68,2558391,0
20160405,58.25,58.42,58.13,58.25,4811276,0
20160406,58.22,58.44,57.46,57.71,5144834,0
20160407,57.50,57.72,57.37,57.59,2807315,0
20160408,57.84,58.08,57.58,57.67,1707539,0
20160411,57.84,58.00,57.27,57.29,1900160,0
20160412,57.37,57.50,57.08,57.21,1534647,0
20160413,57.35,57.47,56.46,57.01,2357473,0
20160414,57.01,57.24,56.85,56.96,1370943,0
20160415,57.08,57.13,56.83,56.90,1944409,0
20160418,56.94,57.26,56.82,57.17,1859508,0
20160419,57.26,57.53,57.09,57.13,1430405,0
20160420,57.28,57.45,56.73,56.74,3854766,0
20160421,56.60,56.89,56.34,56.35,1920314,0
20160422,56.32,56.62,56.18,56.39,2810796,0
20160425,56.20,56.43,56.05,56.35,1742566,0
20160426,56.45,56.95,56.38,56.53,1834916,0
20160427,56.59,56.76,56.07,56.40,5057301,0
20160428,56.40,58.96,56.40,58.31,5062832,0
20160429,58.40,58.94,58.01,58.79,2691195,0
20160502,59.00,59.98,58.93,59.98,3067547,0
20160503,59.74,59.98,59.47,59.84,2558722,0
20160504,59.84,60.46,59.44,60.41,2219658,0
20160505,60.68,60.94,60.22,60.30,2954922,0
20160506,60.29,60.71,60.13,60.69,2979753,0
20160509,60.70,61.27,60.52,61.20,2992055,0
20160510,61.22,61.49,61.03,61.35,1499458,0
20160511,61.30,61.55,61.07,61.31,1533558,0
20160512,61.30,61.86,61.13,61.78,1548861,0
20160513,61.66,62.05,61.26,61.46,1842562,0
20160516,61.25,61.63,61.00,61.45,1463478,0
20160517,61.27,61.69,60.56,60.73,1572170,0
20160518,60.76,61.22,60.41,60.80,1391838,0
20160519,60.63,60.84,60.47,60.76,1627713,0
20160520,61.07,61.24,60.56,60.73,1630766,0
20160523,60.73,60.79,60.42,60.49,1140686,0
20160524,60.96,61.28,60.88,61.04,2209837,0
20160525,61.05,61.19,60.55,60.64,2276993,0
20160526,60.69,61.23,60.64,61.11,2179081,0
20160527,61.12,61.44,61.04,61.33,1540334,0
20160531,61.34,61.63,60.60,60.95,3144126,0
20160601,60.61,61.10,60.59,60.98,1926336,0
20160602,61.00,61.41,60.95,61.41,1385449,0
20160603,61.40,61.65,61.05,61.47,1308095,0
20160606,61.41,61.91,61.41,61.83,1323491,0
20160607,61.64,62.16,61.64,62.07,2157077,0
20160608,62.17,62.24,62.02,62.22,1173787,0
20160609,62.04,62.64,62.01,62.62,1903141,0
20160610,62.62,62.92,62.40,62.62,1063934,0
20160613,62.64,62.93,62.54,62.56,1769868,0
20160614,62.47,63.02,62.25,62.98,1574224,0
20160615,63.13,63.20,62.71,62.80,1316042,0
20160616,62.77,63.49,62.73,63.41,1936900,0
20160617,63.38,63.42,62.52,62.65,2359638,0
20160620,62.90,62.92,62.53,62.57,1803114,0
20160621,62.92,63.01,62.60,62.73,1208100,0
20160622,62.95,63.35,62.89,63.06,1189615,0
20160623,63.41,63.52,63.23,63.45,1063556,0
20160624,61.97,64.00,61.72,63.70,6874073,0
20160627,63.50,63.79,63.05,63.65,2809675,0
20160628,63.75,64.26,63.37,64.20,2111544,0
20160629,64.50,64.98,64.47,64.78,2089440,0
20160630,64.87,66.27,64.86,66.27,2335911,0
20160701,66.15,66.61,66.00,66.47,2482847,0
20160705,66.33,70.50,66.16,67.07,4079579,0
20160706,67.15,67.37,66.25,67.21,2866453,0
20160707,67.30,67.63,66.88,67.29,1610073,0
20160708,67.44,67.97,67.35,67.61,2039188,0
20160711,67.61,67.87,67.48,67.71,1708476,0
20160712,67.99,68.18,67.29,67.47,2502284,0
20160713,67.61,67.95,67.15,67.81,3187246,0
20160714,68.12,68.47,67.69,67.90,2415173,0
20160715,68.06,68.09,67.19,67.45,2304126,0
20160718,67.78,67.88,67.12,67.23,1471129,0
20160719,67.29,67.66,67.20,67.62,1535692,0
20160720,67.56,67.83,67.51,67.77,1116215,0
20160721,67.63,67.75,67.08,67.18,1650166,0
20160722,67.28,67.50,67.04,67.20,2397579,0
20160725,67.07,67.34,66.91,67.22,2276877,0
20160726,67.29,67.40,66.81,67.35,2161078,0
20160727,67.82,68.31,65.65,66.10,3907188,0
20160728,66.42,66.85,66.18,66.36,2133117,0
20160729,66.36,66.40,65.85,66.12,2079276,0
20160801,66.25,66.64,66.14,66.48,1725740,0
20160802,66.31,66.47,65.78,66.11,2130701,0
20160803,66.02,66.23,65.62,65.82,1597785,0
20160804,66.00,66.27,65.68,65.78,1331172,0
20160805,66.05,66.29,65.85,65.97,1952104,0
20160808,65.98,66.18,65.50,65.51,1653261,0
20160809,65.76,66.12,65.66,65.76,2189818,0
20160810,65.93,66.58,65.74,66.55,1686553,0
20160811,66.67,67.24,66.54,66.82,1698377,0
20160812,66.46,66.95,66.46,66.67,1101058,0
20160815,66.65,66.89,66.22,66.23,1352236,0
20160816,65.99,65.99,64.87,64.97,2238595,0
20160817,65.19,65.43,64.86,65.41,2417656,0
20160818,65.26,65.33,64.69,64.92,2111298,0
20160819,64.78,65.08,64.69,64.97,1525451,0
20160822,65.00,65.69,64.91,65.51,2194508,0
20160823,65.51,65.63,65.13,65.28,1380743,0
20160824,65.22,65.42,65.06,65.29,1297717,0
20160825,65.34,65.63,65.15,65.21,1592487,0
20160826,64.99,65.32,63.77,63.97,2609515,0
20160829,64.10,64.56,63.98,64.37,2233540,0
20160830,64.52,64.52,63.84,64.05,1671396,0
20160831,63.88,64.04,63.61,63.94,1520342,0
20160901,63.98,64.13,63.67,64.00,2225297,0
20160902,64.32,64.62,64.08,64.35,1513997,0
20160906,64.51,64.84,64.20,64.65,2494100,0
20160907,64.20,64.30,63.83,64.11,2023081,0
20160908,63.95,64.45,63.86,64.31,1790135,0
20160909,63.87,63.87,62.74,62.75,2536495,0
20160912,62.89,63.56,62.63,63.34,3803220,0
20160913,63.00,63.22,62.60,62.69,3682948,0
20160914,62.78,62.94,62.41,62.65,1964858,0
20160915,62.58,63.14,62.45,62.83,2722168,0
20160916,62.51,62.90,62.48,62.81,2975502,0
20160919,62.66,63.17,62.57,62.99,2501460,0
20160920,63.48,63.70,63.17,63.22,3085430,0
20160921,63.36,64.05,63.25,64.00,2558464,0
20160922,64.20,64.25,63.70,64.01,5233177,0
20160923,63.12,63.74,63.12,63.36,1922472,0
20160926,63.31,63.67,63.09,63.50,1450078,0
20160927,63.71,64.03,63.71,63.89,2660580,0
20160928,63.96,64.16,63.72,63.85,1455716,0
20160929,63.73,63.78,63.21,63.27,1650763,0
20160930,63.49,64.04,63.40,63.76,2471686,0
20161003,63.70,63.76,63.38,63.46,1230606,0
20161004,63.47,63.58,62.38,62.65,1813868,0
20161005,62.82,62.96,62.26,62.41,1665858,0
20161006,62.37,63.00,62.06,62.78,2706075,0
20161007,62.73,62.85,62.28,62.28,2323044,0
20161010,62.34,62.86,62.34,62.78,2356791,0
20161011,62.61,62.85,62.22,62.43,1440912,0
20161012,62.54,63.14,62.36,62.82,1826341,0
20161013,62.10,62.22,61.08,61.70,2567384,0
20161014,61.85,62.46,61.74,61.88,1869137,0
20161017,61.87,62.82,61.81,62.64,1733083,0
20161018,63.05,63.15,62.45,62.54,941125,0
20161019,62.55,62.59,61.98,62.43,1394718,0
20161020,62.40,62.59,62.17,62.44,979459,0
20161021,62.02,62.25,61.59,62.21,1158406,0
20161024,62.40,62.71,62.40,62.58,1263526,0
20161025,62.48,63.39,62.33,62.74,2363179,0
20161026,64.04,64.25,62.96,63.97,2276462,0
20161027,64.19,64.44,63.22,63.36,2113721,0
20161028,63.51,64.43,63.51,63.98,2556292,0
20161031,64.93,65.87,64.92,65.66,3529596,0
20161101,64.92,65.00,63.79,63.95,2696173,0
20161102,64.07,64.28,63.50,63.64,1853974,0
20161103,63.64,63.64,63.19,63.41,1069814,0
20161104,63.41,63.72,63.35,63.37,1136631,0
20161107,64.26,64.75,64.04,64.70,1905043,0
20161108,64.68,65.58,64.52,65.29,1712317,0
20161109,64.68,66.10,64.32,65.96,2532872,0
20161110,66.00,66.66,65.56,66.54,2748506,0
20161111,66.40,67.87,66.40,67.61,2425302,0
20161114,67.65,68.00,67.14,67.72,1956889,0
20161115,67.84,68.68,67.75,68.65,2988181,0
20161116,68.66,69.45,68.30,68.71,2564469,0
20161117,68.58,68.91,68.42,68.77,1863973,0
20161118,68.76,68.97,68.52,68.90,2078869,0
20161121,68.99,69.58,68.81,69.53,1635232,0
20161122,69.67,69.90,69.49,69.57,1591110,0
20161123,69.54,69.92,69.37,69.54,1422076,0
20161125,69.59,70.13,69.53,70.03,750453,0
20161128,70.00,70.36,69.76,70.23,1514667,0
20161129,70.02,70.67,69.90,70.39,2391445,0
20161130,70.36,70.36,69.52,69.52,2896651,0
20161201,69.62,69.81,68.93,69.29,2392898,0
20161202,69.58,70.41,69.41,69.87,1835032,0
20161205,69.90,70.22,68.88,69.00,2621290,0
20161206,68.89,69.53,68.84,69.51,2257416,0
20161207,69.46,69.95,68.97,69.94,2539210,0
20161208,69.91,70.28,69.79,70.06,1385306,0
20161209,70.07,70.23,69.76,70.02,1628119,0
20161212,69.94,70.77,69.87,70.70,1402086,0
20161213,70.76,71.17,70.39,70.83,1787963,0
20161214,71.03,71.10,69.99,70.04,2384243,0
20161215,69.89,70.41,69.87,70.10,3199729,0
20161216,70.33,70.81,70.00,70.08,3669867,0
20161219,70.74,71.36,70.66,71.09,2249702,0
20161220,71.25,71.78,71.10,71.14,1460797,0
20161221,71.10,71.35,70.68,70.69,1440682,0
20161222,70.69,70.93,70.61,70.79,1608774,0
20161223,70.96,71.11,70.76,70.92,910778,0
20161227,70.96,71.11,70.85,70.96,708457,0
20161228,71.00,71.40,70.90,70.96,1098845,0
20161229,71.00,71.24,70.93,71.01,871339,0
20161230,71.27,71.50,70.75,70.91,1231153,0
20170103,71.00,71.28,70.19,70.52,1743978,0
20170104,70.75,71.18,70.32,70.32,1606324,0
20170105,70.37,71.10,70.29,70.59,2464180,0
20170106,70.41,70.80,70.18,70.19,1570683,0
20170109,70.35,70.48,69.67,69.78,2262522,0
20170110,69.58,69.98,69.18,69.49,2089923,0
20170111,69.46,70.27,69.35,70.13,1731907,0
20170112,69.96,70.11,69.39,69.89,1337763,0
20170113,70.11,70.29,69.73,69.79,1611451,0
20170117,69.54,69.72,69.38,69.48,1795012,0
20170118,69.43,69.67,69.43,69.59,1423055,0
20170119,69.37,69.69,69.25,69.57,1162073,0
20170120,69.72,69.83,69.45,69.66,1331271,0
20170123,69.69,69.87,69.23,69.34,1005048,0
20170124,69.35,69.62,69.00,69.56,1090857,0
20170125,69.56,69.98,69.56,69.67,1931793,0
20170126,69.69,69.85,69.60,69.73,1137098,0
20170127,69.85,69.85,69.54,69.64,1134767,0
20170130,69.69,69.69,69.37,69.60,1146193,0
20170131,69.71,69.98,69.34,69.50,1374112,0
20170201,69.32,69.61,69.00,69.18,1718970,0
20170202,69.15,69.70,69.06,69.64,1613202,0
20170203,69.78,69.99,69.58,69.65,1351963,0
20170206,69.81,69.93,69.31,69.42,1006173,0
20170207,69.48,70.09,69.46,69.90,1554793,0
20170208,69.85,70.13,69.75,70.01,1604552,0
20170209,69.89,70.31,69.74,70.25,1512116,0
20170210,70.16,70.83,70.04,70.54,1617277,0
20170213,70.59,70.99,70.51,70.84,1548833,0
20170214,70.79,71.05,70.72,70.86,1230156,0
20170215,70.64,71.44,70.50,71.35,1499012,0
20170216,69.64,71.23,69.55,71.18,2252560,0
20170217,71.17,72.47,71.15,72.45,2436710,0
20170221,72.35,73.20,72.21,72.82,1717039,0
20170222,72.85,73.21,72.57,73.01,1319229,0
20170223,73.14,73.30,72.59,72.91,1490226,0
20170224,72.98,73.15,72.76,73.15,1150636,0
20170227,73.07,73.45,73.00,73.24,1144251,0
20170228,73.21,73.53,73.13,73.32,2115271,0
20170301,73.35,73.65,72.85,73.37,1746832,0
20170302,73.15,73.55,73.06,73.28,1108206,0
20170303,73.27,73.29,72.68,72.83,2133808,0
20170306,72.58,73.08,72.43,73.01,1994603,0
20170307,72.85,73.26,72.68,72.70,1762511,0
20170308,72.21,72.58,72.01,72.19,1517431,0
20170309,72.21,72.41,71.94,72.30,1568252,0
20170310,72.54,73.10,72.51,73.00,1638927,0
20170313,72.87,73.15,72.67,73.10,1359607,0
20170314,73.09,73.22,72.72,72.98,1070110,0
20170315,73.03,73.86,72.86,73.78,1575566,0
20170316,73.65,73.90,72.94,73.11,1462395,0
20170317,73.36,73.79,73.17,73.54,3203339,0
20170320,73.58,73.61,73.07,73.11,1444768,0
20170321,73.35,73.37,72.41,72.52,2194418,0
20170322,72.78,72.95,72.54,72.65,1399219,0
20170323,72.56,72.89,72.47,72.56,1213824,0
20170324,72.60,72.87,72.15,72.32,1577953,0
20170327,72.18,72.18,71.56,71.88,1624514,0
20170328,71.62,72.46,71.53,72.34,1619799,0
20170329,71.85,72.43,71.82,72.15,1768501,0
20170330,72.19,72.94,72.15,72.93,1352056,0
20170331,72.72,73.14,72.68,72.92,1330977,0
20170403,73.08,73.09,72.50,72.59,1528701,0
20170404,72.67,72.92,72.43,72.53,2316324,0
20170405,72.78,73.73,72.78,73.27,1559183,0
20170406,73.15,73.26,72.74,73.09,1257094,0
20170407,73.19,73.52,73.05,73.21,1175032,0
20170410,73.11,73.24,72.76,72.89,1226932,0
20170411,72.88,72.97,72.51,72.87,1212117,0
20170412,72.71,72.82,72.15,72.30,1551509,0
20170413,72.12,72.39,71.91,72.02,1927456,0
20170417,72.22,72.71,72.22,72.50,1241108,0
20170418,72.40,72.55,72.23,72.45,1322130,0
20170419,72.61,72.85,72.49,72.71,1430411,0
20170420,72.87,72.97,72.70,72.84,1138327,0
20170421,72.90,73.57,72.85,73.38,1356143,0
20170424,73.82,74.20,73.72,74.10,1407814,0
20170425,74.20,74.58,74.13,74.23,1616207,0
20170426,74.08,74.27,72.16,72.30,2914740,0
20170427,72.84,73.62,72.61,72.84,1663419,0
20170428,72.78,73.10,72.56,72.78,1501037,0
20170501,73.08,73.11,72.27,73.01,1720997,0
20170502,73.21,73.29,72.56,72.86,1256340,0
20170503,72.83,72.95,72.50,72.88,1351566,0
20170504,73.05,73.13,72.63,72.95,1367350,0
20170505,73.03,73.43,72.93,73.39,903992,0
20170508,73.44,73.62,73.11,73.26,1210469,0
20170509,73.11,73.44,72.53,72.76,1316485,0
20170510,72.63,73.24,72.53,73.09,1457831,0
20170511,72.85,72.91,72.41,72.55,1429139,0
20170512,72.77,72.77,71.87,71.96,1223846,0
20170515,71.85,72.27,71.58,72.17,1334723,0
20170516,72.18,72.30,71.16,71.25,1898183,0
20170517,71.00,71.23,70.68,70.73,1644709,0
20170518,70.66,71.19,70.25,70.96,2235724,0
20170519,70.88,70.99,70.09,70.50,3271872,0
20170522,70.68,71.10,70.61,70.97,2345507,0
20170523,71.13,71.50,70.72,71.02,1603256,0
20170524,71.30,71.47,71.10,71.38,1521637,0
20170525,71.49,71.74,71.34,71.57,1292050,0
20170526,71.37,71.93,71.28,71.84,1076744,0
20170530,71.78,72.25,71.62,72.14,1365824,0
20170531,72.15,72.99,72.11,72.91,2364243,0
20170601,72.96,73.50,72.72,73.46,1629965,0
20170602,73.71,74.42,73.59,74.25,1857581,0
20170605,74.03,74.50,73.73,73.91,1523934,0
20170606,73.96,74.09,73.25,73.41,1774983,0
20170607,73.20,73.50,73.11,73.33,1633784,0
20170608,73.31,73.52,72.31,72.54,2232589,0
20170609,72.47,72.77,72.24,72.65,2025020,0
20170612,72.65,73.00,72.50,72.88,1961521,0
20170613,72.88,73.62,72.76,73.37,1431971,0
20170614,73.63,73.88,73.27,73.42,1492560,0
20170615,73.15,74.17,73.15,74.05,2523346,0
20170616,74.20,74.48,73.94,74.14,2601593,0
20170619,74.19,74.52,73.91,74.18,2244560,0
20170620,74.07,74.44,73.77,73.77,1275318,0
20170621,73.77,74.03,73.12,73.40,2568121,0
20170622,73.34,73.56,73.02,73.36,1063553,0
20170623,73.27,73.59,73.20,73.43,1649222,0
20170626,73.60,73.80,73.33,73.46,1233948,0
20170627,73.23,73.54,73.11,73.11,1033961,0
20170628,73.53,74.15,73.45,73.52,1289889,0
20170629,73.49,73.70,72.58,73.02,2280887,0
20170630,73.38,73.65,73.22,73.35,1460868,0
20170703,73.44,73.84,73.32,73.40,758209,0
20170705,73.80,73.85,73.40,73.72,1413883,0
20170706,73.41,73.58,73.18,73.39,1552173,0
20170707,73.55,74.19,73.49,73.99,1468317,0
20170710,73.97,74.29,73.76,73.98,1399317,0
20170711,73.98,74.20,73.74,73.86,1202870,0
20170712,74.22,74.53,74.16,74.17,1167254,0
20170713,74.17,74.22,73.73,73.99,1013244,0
20170714,74.09,74.30,74.01,74.27,773467,0
20170717,74.21,74.62,74.03,74.50,1162112,0
20170718,74.60,74.97,74.40,74.79,1383586,0
20170719,74.82,75.07,74.72,74.92,2227405,0
20170720,74.81,75.28,74.65,75.00,2184818,0
20170721,74.89,75.42,74.86,75.37,1385563,0
20170724,75.30,75.46,75.03,75.09,1516912,0
20170725,75.27,75.97,75.12,75.64,2202146,0
20170726,76.00,76.00,73.48,74.66,3670608,0
20170727,74.95,75.49,74.49,75.45,1881963,0
20170728,75.46,75.64,74.61,74.80,1494289,0
20170731,74.94,75.34,74.81,75.15,1368218,0
20170801,75.33,75.50,75.15,75.22,1485682,0
20170802,74.99,75.42,74.82,75.25,1311791,0
20170803,75.38,75.73,75.24,75.62,1890120,0
20170804,75.66,75.95,75.38,75.52,1519363,0
20170807,75.52,75.68,75.27,75.39,868227,0
20170808,75.27,75.54,75.17,75.34,1325309,0
20170809,75.24,75.46,75.13,75.23,1454634,0
20170810,75.06,75.42,74.76,74.81,1628064,0
20170811,74.96,75.22,74.61,74.61,958391,0
20170814,75.13,75.67,75.09,75.55,1091522,0
20170815,75.55,75.87,75.47,75.70,1161752,0
20170816,75.85,76.25,75.73,76.00,1663727,0
20170817,76.00,76.33,75.49,75.53,1476747,0
20170818,75.43,75.66,75.20,75.25,1555063,0
20170821,75.29,75.88,75.28,75.54,1819918,0
20170822,75.72,76.20,75.72,76.20,1526438,0
20170823,75.88,76.16,75.81,76.03,1067339,0
20170824,76.17,76.25,75.60,75.65,864372,0
20170825,75.95,76.32,75.88,75.89,972461,0
20170828,76.01,76.36,75.78,76.26,1986116,0
20170829,76.12,76.85,76.00,76.75,1407643,0
20170830,76.72,76.96,76.37,76.95,1847790,0
20170831,77.03,77.18,76.75,77.11,2115528,0
20170901,77.24,77.52,77.13,77.19,1782454,0
20170905,77.18,77.19,75.83,75.94,2792145,0
20170906,76.03,76.29,75.96,76.13,1857187,0
20170907,75.94,76.11,75.72,76.08,1835982,0
20170908,75.99,77.25,75.77,77.12,2240595,0
20170911,77.60,77.81,77.29,77.72,2340785,0
20170912,77.59,78.38,77.50,78.32,1470127,0
20170913,78.31,78.39,77.70,77.81,1697320,0
20170914,77.74,78.00,77.62,77.84,1630228,0
20170915,77.81,78.04,77.35,78.00,2335827,0
20170918,78.10,78.35,77.98,78.18,1233701,0
20170919,78.21,78.33,77.92,78.26,1137908,0
20170920,78.37,78.71,78.27,78.39,1625667,0
20170921,78.48,78.56,77.78,78.28,1737887,0
20170922,78.24,78.55,78.19,78.20,1003464,0
20170925,78.44,78.60,78.25,78.60,1463573,0
20170926,78.62,78.79,78.40,78.62,1266181,0
20170927,78.64,78.82,78.19,78.32,1817140,0
20170928,78.10,78.47,77.79,78.41,2376839,0
20170929,78.36,78.53,78.06,78.27,1917443,0
20171002,78.50,78.77,78.30,78.77,1775536,0
20171003,78.76,79.28,78.44,79.28,1922206,0
20171004,77.88,77.99,75.86,76.33,5727711,0
20171005,76.26,76.90,76.13,76.67,2500686,0
20171006,76.41,76.55,75.97,76.28,2530645,0
20171009,76.44,76.88,76.39,76.79,1116539,0
20171010,77.06,77.18,76.63,76.74,1770150,0
20171011,76.99,77.30,76.80,77.08,2039224,0
20171012,77.00,77.21,76.86,76.92,2544528,0
20171013,77.17,77.50,76.93,77.02,1592814,0
20171016,77.00,77.20,76.61,76.69,1536369,0
20171017,76.60,77.01,76.55,76.84,1746229,0
20171018,77.00,77.15,76.85,76.94,1437399,0
20171019,76.85,77.49,76.84,77.37,1123448,0
20171020,77.65,77.88,77.55,77.73,1330010,0
20171023,77.26,77.94,77.14,77.72,1564710,0
20171024,77.95,78.15,77.84,77.95,1298811,0
20171025,77.93,77.93,77.38,77.51,1827681,0
20171026,78.58,81.43,78.00,81.31,3762489,0
20171027,81.67,82.70,81.37,82.31,2601274,0
20171030,82.31,82.87,81.59,81.87,1751897,0
20171031,81.75,82.28,81.61,82.17,1885251,0
20171101,82.21,82.45,80.86,81.10,2516368,0
20171102,81.25,82.04,81.25,81.65,2603066,0
20171103,81.87,82.63,81.70,81.70,1911825,0
20171106,81.63,81.71,81.24,81.24,1222564,0
20171107,81.28,81.71,81.21,81.63,1496755,0
20171108,81.54,82.21,81.53,81.84,1261467,0
20171109,81.55,81.76,81.01,81.40,906005,0
20171110,81.21,81.53,81.07,81.32,1401454,0
20171113,81.32,82.19,81.27,82.14,1036498,0
20171114,81.71,82.50,81.53,82.38,1404365,0
20171115,82.20,82.25,78.33,81.73,1100942,0
20171116,81.85,82.25,81.53,81.70,1454667,0
20171117,81.61,81.72,80.54,80.65,2092300,0
20171120,80.88,81.31,80.69,80.92,1359622,0
20171121,81.02,81.17,80.65,80.87,1337316,0
20171122,80.87,80.88,80.24,80.26,1902223,0
20171124,80.33,80.50,79.76,80.38,528987,0
20171127,80.50,81.05,80.36,80.85,979775,0
20171128,81.04,81.65,80.86,81.61,866856,0
20171129,81.49,82.97,81.34,82.62,1876707,0
20171130,82.44,82.88,81.99,82.25,3478010,0
20171201,82.39,82.65,80.82,81.81,2184348,0
20171204,82.38,83.93,82.29,83.15,2108886,0
20171205,83.40,83.90,83.07,83.32,2263788,0
20171206,83.43,83.69,83.12,83.50,1384386,0
20171207,83.52,83.95,83.29,83.91,1124666,0
20171208,84.00,84.57,83.68,84.57,1476907,0
20171211,85.87,85.87,84.99,85.37,1891141,0
20171212,85.13,85.49,84.53,84.64,1829741,0
20171213,84.58,85.51,84.15,85.34,1944824,0
20171214,85.51,85.57,84.66,84.66,1448493,0
20171215,86.05,86.82,85.44,85.87,3613179,0
20171218,86.15,86.52,85.82,86.12,2171169,0
20171219,86.44,86.50,85.45,85.65,1739027,0
20171220,85.75,86.44,85.71,85.79,1277836,0
20171221,86.04,86.16,85.57,85.79,1403496,0
20171222,85.96,86.25,85.72,85.91,769795,0
20171226,85.92,86.34,85.66,85.88,520768,0
20171227,85.98,86.15,85.72,86.11,650202,0
20171228,86.20,86.31,85.70,86.29,710623,0
20171229,86.57,86.89,86.30,86.30,1066475,0
20180102,86.15,86.49,85.55,86.10,1812225,0
20180103,87.51,87.54,86.67,87.35,2031835,0
20180104,87.69,88.41,87.58,88.10,2407892,0
20180105,88.31,88.35,87.45,87.99,1533281,0
20180108,87.70,88.15,87.55,88.05,1470678,0
20180109,88.15,88.31,87.63,87.69,1217989,0
20180110,87.50,87.60,87.12,87.27,1054708,0
20180111,87.27,88.21,87.24,88.18,1559689,0
20180112,88.20,88.66,87.65,88.27,1950952,0
20180116,88.44,88.73,88.14,88.16,1406424,0
20180117,88.10,88.65,87.90,88.53,1468181,0
20180118,88.40,88.42,87.89,87.96,1222123,0
20180119,88.26,88.42,87.66,88.06,2040136,0
20180122,88.23,88.72,88.09,88.66,1517885,0
20180123,88.47,88.73,88.01,88.60,1060395,0
20180124,88.85,89.13,88.22,88.50,988781,0
20180125,88.66,88.78,88.11,88.56,1297417,0
20180126,88.83,89.73,88.57,89.71,1722643,0
20180129,89.27,89.38,88.22,88.22,1461474,0
20180130,87.76,88.55,87.66,87.95,1432235,0
20180131,88.05,88.90,87.88,88.43,1420775,0
20180201,88.47,88.64,87.42,87.85,1585979,0
20180202,87.26,88.04,86.49,86.53,1943368,0
20180205,86.10,86.21,81.49,81.75,4229365,0
20180206,80.91,82.97,78.87,81.80,5818022,0
20180207,81.88,83.47,81.63,81.73,2629942,0
20180208,81.88,82.23,79.07,79.12,3956078,0
