DATE, OPEN, HIGH, LOW, CLOSE, VOL, p
20111102,27.40,27.40,25.79,26.62,2476685,0
20111103,26.94,27.07,26.38,26.39,1615000,0
20111104,26.17,26.59,24.88,25.19,1923266,0
20111107,24.91,25.48,24.37,24.60,2703443,0
20111108,25.10,25.34,24.76,24.94,2024426,0
20111109,24.35,25.00,23.84,23.89,1570806,0
20111110,24.48,24.71,23.52,23.65,1165905,0
20111111,23.88,24.09,23.63,23.79,1266127,0
20111114,23.58,24.10,23.49,23.93,1338952,0
20111115,23.94,24.36,23.82,23.99,1657666,0
20111116,23.95,24.60,23.78,24.12,1804502,0
20111117,24.00,24.19,23.66,23.85,1279111,0
20111118,23.88,24.14,23.72,23.93,1426202,0
20111121,23.70,23.81,23.34,23.62,1282010,0
20111122,25.02,26.14,22.67,23.63,2126367,0
20111123,23.27,23.75,22.88,23.68,1009639,0
20111125,23.45,23.45,22.88,23.00,991092,0
20111128,23.66,24.18,23.14,23.49,1567249,0
20111129,23.51,23.60,23.17,23.27,1222452,0
20111130,24.06,24.19,23.33,23.90,2320784,0
20111201,23.81,24.36,23.65,24.27,1046646,0
20111202,25.48,25.48,24.22,24.25,1208825,0
20111205,24.57,25.15,24.41,25.09,930821,0
20111206,25.02,25.07,24.51,24.83,662703,0
20111207,24.72,24.83,23.86,24.57,951186,0
20111208,24.45,24.55,23.80,23.88,938618,0
20111209,24.07,24.46,23.96,24.35,549757,0
20111212,23.95,24.19,23.24,23.92,1213318,0
20111213,24.02,24.45,23.71,23.85,1652724,0
20111214,23.60,23.60,22.93,23.41,1735951,0
20111215,23.55,24.06,23.44,23.92,1074896,0
20111216,24.14,24.94,24.01,24.67,2926928,0
20111219,24.67,24.85,24.15,24.25,1107108,0
20111220,24.59,24.72,23.96,24.31,1189902,0
20111221,24.45,25.03,24.02,24.92,2177306,0
20111222,25.07,25.65,24.80,24.83,971020,0
20111223,24.83,25.16,24.70,24.91,574944,0
20111227,24.84,25.05,24.47,25.05,664335,0
20111228,25.11,25.76,25.11,25.56,917655,0
20111229,25.67,26.46,25.50,25.95,3975152,0
20111230,25.99,25.99,25.14,25.69,1169701,0
20120103,26.02,26.43,25.07,25.14,1059026,0
20120104,25.07,26.07,24.84,25.97,1391847,0
20120105,25.78,25.81,24.87,25.60,2270700,0
20120106,25.54,25.62,25.12,25.17,524372,0
20120109,25.16,25.42,24.82,25.27,558658,0
20120110,25.46,25.70,25.25,25.58,1048244,0
20120111,25.46,26.26,25.39,26.06,1066217,0
20120112,26.08,26.14,25.68,25.70,709226,0
20120113,25.45,25.68,25.34,25.63,886123,0
20120117,25.90,26.28,25.59,25.63,465337,0
20120118,25.51,27.04,25.43,26.99,1453670,0
20120119,27.00,27.29,26.44,26.62,838326,0
20120120,26.62,26.68,26.30,26.36,1014818,0
20120123,26.45,26.60,25.56,25.75,842772,0
20120124,25.69,26.21,25.60,26.14,761348,0
20120125,26.04,26.63,25.82,26.60,881776,0
20120126,26.68,26.85,25.76,25.94,849938,0
20120127,25.61,25.98,25.61,25.81,685853,0
20120130,25.65,25.96,25.50,25.92,475232,0
20120131,26.11,26.25,25.65,25.91,792665,0
20120201,26.02,26.85,25.92,26.82,816601,0
20120202,26.86,26.99,26.62,26.65,715174,0
20120203,26.96,27.08,26.57,27.03,719800,0
20120206,26.90,27.12,26.64,26.78,655099,0
20120207,26.70,27.35,26.53,27.22,963738,0
20120208,27.16,27.39,26.80,27.39,737818,0
20120209,27.35,27.40,26.91,27.13,721478,0
20120210,26.96,27.13,26.83,27.07,527246,0
20120213,27.35,27.35,26.83,27.03,638849,0
20120214,26.90,27.21,26.82,26.92,926326,0
20120215,26.97,27.11,26.87,27.00,1071282,0
20120216,27.02,27.32,26.96,27.15,639647,0
20120217,27.26,27.63,27.17,27.59,583461,0
20120221,27.66,28.12,27.51,27.82,753478,0
20120222,27.66,28.06,27.48,27.53,467403,0
20120223,27.52,27.83,27.30,27.78,335842,0
20120224,27.89,27.94,27.24,27.26,827853,0
20120227,27.10,27.40,26.87,27.36,1428987,0
20120228,27.24,27.24,26.12,26.84,3443811,0
20120229,26.76,26.95,25.91,25.98,4345609,0
20120301,26.00,27.32,25.77,26.69,1801321,0
20120302,26.37,26.95,26.37,26.60,1594867,0
20120305,26.60,26.70,26.04,26.22,1339794,0
20120306,25.95,26.02,25.39,25.85,1334109,0
20120307,26.09,26.30,25.74,26.21,933187,0
20120308,26.30,26.70,25.97,26.62,894769,0
20120309,26.57,27.36,26.53,27.25,719491,0
20120312,27.38,27.63,27.26,27.53,879771,0
20120313,27.64,28.44,27.64,28.42,861562,0
20120314,28.41,28.48,28.20,28.36,1183033,0
20120315,28.39,28.84,28.06,28.73,689158,0
20120316,28.74,28.87,28.17,28.19,903039,0
20120319,28.21,28.50,27.88,27.94,796443,0
20120320,27.85,27.92,27.08,27.31,993164,0
20120321,27.30,27.56,27.25,27.33,871973,0
20120322,27.12,27.37,26.98,27.22,665756,0
20120323,27.37,27.37,27.06,27.20,519460,0
20120326,27.37,27.86,27.37,27.85,642094,0
20120327,27.92,28.02,27.61,27.99,601000,0
20120328,27.96,28.11,27.54,27.96,917926,0
20120329,27.81,27.81,27.25,27.66,855474,0
20120330,27.83,27.86,27.40,27.75,1311510,0
20120402,27.71,28.35,27.70,28.32,817040,0
20120403,28.33,28.55,27.93,28.25,1034277,0
20120404,27.91,27.94,27.58,27.80,1070496,0
20120405,27.75,28.23,27.75,27.97,477464,0
20120409,27.47,27.55,27.20,27.36,495403,0
20120410,27.24,27.34,26.58,26.94,909828,0
20120411,27.19,27.30,26.83,27.00,810198,0
20120412,26.91,27.39,26.87,27.32,646459,0
20120413,27.10,27.21,26.79,26.83,492701,0
20120416,27.11,27.30,26.50,26.90,850380,0
20120417,27.29,27.31,26.85,27.20,540528,0
20120418,27.12,27.73,27.04,27.65,1118701,0
20120419,27.61,27.97,26.90,27.10,1061279,0
20120420,27.18,27.64,27.07,27.36,807403,0
20120423,27.06,27.06,26.52,26.89,556403,0
20120424,26.95,27.50,26.90,27.10,518084,0
20120425,27.34,27.81,27.34,27.70,569558,0
20120426,27.64,28.10,27.63,28.10,459040,0
20120427,28.14,28.52,28.14,28.38,642610,0
20120430,28.32,28.32,27.81,27.88,363918,0
20120501,27.91,28.32,27.58,27.66,638983,0
20120502,27.45,27.95,27.40,27.76,834999,0
20120503,27.69,27.72,27.05,27.30,990227,0
20120504,27.30,27.30,26.45,26.45,869979,0
20120507,26.39,26.64,26.13,26.21,995143,0
20120508,26.10,26.44,25.65,26.36,925973,0
20120509,25.91,26.39,25.61,26.13,923465,0
20120510,26.30,26.56,26.05,26.14,701427,0
20120511,26.00,26.47,25.92,26.03,625735,0
20120514,25.83,26.05,25.43,25.43,567173,0
20120515,25.38,25.57,25.17,25.21,565472,0
20120516,25.43,25.76,25.30,25.37,1045305,0
20120517,25.34,25.36,24.42,24.42,1456121,0
20120518,24.42,24.87,24.42,24.67,994753,0
20120521,24.78,25.51,24.69,25.34,1096617,0
20120522,25.47,25.85,25.37,25.59,958068,0
20120523,25.36,25.79,24.83,25.79,1252419,0
20120524,25.94,26.14,25.76,26.14,528777,0
20120525,26.19,26.31,25.61,25.65,677719,0
20120529,25.79,26.34,25.74,25.89,800997,0
20120530,25.46,25.84,25.27,25.45,591896,0
20120531,25.54,25.55,24.97,25.33,1021519,0
20120601,24.71,25.03,24.45,24.48,1379367,0
20120604,24.48,24.55,24.03,24.51,643371,0
20120605,24.38,24.66,23.94,24.58,499542,0
20120606,24.89,25.49,24.89,25.49,553764,0
20120607,26.63,26.63,25.59,25.74,802010,0
20120608,25.71,26.09,25.32,25.92,862268,0
20120611,26.29,26.33,25.45,25.51,816095,0
20120612,25.50,25.67,25.35,25.58,1222697,0
20120613,25.34,25.50,25.07,25.17,891281,0
20120614,25.21,25.25,24.92,25.00,1478348,0
20120615,25.14,25.43,24.92,25.32,3023706,0
20120618,25.21,25.28,24.94,25.13,860856,0
20120619,25.25,25.60,25.05,25.08,1441322,0
20120620,25.03,25.05,24.49,24.72,1123043,0
20120621,25.17,25.45,24.27,24.28,1418578,0
20120622,24.39,24.39,23.89,24.02,1278872,0
20120625,23.70,23.79,23.21,23.61,1097589,0
20120626,23.62,24.07,23.48,23.92,1163853,0
20120627,24.02,24.35,23.85,24.29,1045051,0
20120628,23.60,24.61,23.02,24.59,1942859,0
20120629,25.28,25.51,25.03,25.17,1590715,0
20120702,25.27,25.46,24.90,25.04,708659,0
20120703,24.99,25.68,24.94,25.68,324886,0
20120705,25.55,25.70,25.33,25.53,620040,0
20120706,25.22,25.50,25.15,25.20,433059,0
20120709,25.09,25.25,24.77,25.00,692639,0
20120710,25.09,25.45,24.28,24.36,916138,0
20120711,24.35,24.35,23.30,23.93,1620484,0
20120712,23.71,23.71,23.17,23.18,1070430,0
20120713,23.23,23.85,23.22,23.31,1232546,0
20120716,23.24,23.48,23.00,23.16,990556,0
20120717,23.35,23.68,23.19,23.65,1377699,0
20120718,23.52,24.07,23.52,23.93,684761,0
20120719,23.96,24.16,23.66,24.12,689502,0
20120720,23.93,24.21,23.72,23.79,570816,0
20120723,23.41,24.00,23.31,23.88,660745,0
20120724,23.82,23.95,23.37,23.59,790812,0
20120725,23.72,23.99,23.52,23.91,568737,0
20120726,24.25,24.25,23.69,23.73,1402151,0
20120727,23.92,24.29,23.76,24.20,810636,0
20120730,24.17,24.28,24.01,24.20,626300,0
20120731,24.17,24.22,23.95,23.98,631628,0
20120801,24.06,24.19,23.54,23.90,1667477,0
20120802,23.38,23.71,22.43,23.57,1850800,0
20120803,23.65,24.15,23.65,24.03,1228619,0
20120806,24.11,24.25,23.83,24.13,701857,0
20120807,24.24,24.27,24.08,24.24,678217,0
20120808,24.10,24.23,23.90,24.15,488248,0
20120809,24.21,24.64,24.09,24.47,470647,0
20120810,24.36,24.72,24.26,24.46,627338,0
20120813,24.44,24.67,24.27,24.51,330077,0
20120814,24.67,24.82,23.96,24.06,609345,0
20120815,24.03,24.29,23.94,24.29,475660,0
20120816,24.25,25.06,24.25,24.94,942070,0
20120817,24.95,25.19,24.89,25.14,718662,0
20120820,25.30,25.40,25.06,25.29,710552,0
20120821,25.40,25.71,25.20,25.20,608529,0
20120822,25.10,25.20,24.83,25.02,575595,0
20120823,24.97,25.11,24.53,24.63,630865,0
20120824,24.58,24.72,24.34,24.50,581203,0
20120827,24.67,24.68,24.11,24.14,662901,0
20120828,23.93,24.57,23.93,24.05,517317,0
20120829,24.07,24.15,23.88,24.01,597690,0
20120830,23.88,24.19,23.85,24.09,503073,0
20120831,24.33,24.33,23.93,24.29,1153993,0
20120904,24.23,24.24,23.81,24.00,914953,0
20120905,24.04,24.23,23.91,24.07,1199583,0
20120906,24.31,24.97,24.30,24.97,689350,0
20120907,25.49,25.51,24.87,25.10,627564,0
20120910,24.87,25.00,24.57,24.58,864380,0
20120911,24.63,25.47,24.57,25.38,985362,0
20120912,25.40,25.47,24.82,25.00,788920,0
20120913,25.06,25.45,24.80,25.36,755954,0
20120914,25.38,25.68,25.31,25.57,1722770,0
20120917,25.57,25.59,25.11,25.34,799250,0
20120918,25.26,25.71,25.22,25.71,1182337,0
20120919,25.66,26.00,25.58,25.98,1004454,0
20120920,25.68,25.92,25.25,25.60,1498219,0
20120921,25.70,25.78,25.36,25.44,1292846,0
20120924,25.30,25.58,25.26,25.50,919715,0
20120925,25.55,25.71,25.40,25.41,1661661,0
20120926,25.44,25.53,24.81,24.98,1354947,0
20120927,25.14,25.50,24.97,25.30,944418,0
20120928,25.17,25.34,24.99,25.15,1538172,0
20121001,25.25,25.50,24.84,25.24,1837947,0
20121002,25.29,25.49,25.06,25.25,1068436,0
20121003,25.35,25.35,24.90,25.02,887027,0
20121004,25.15,25.28,24.98,25.15,903763,0
20121005,25.32,25.49,25.03,25.14,716929,0
20121008,25.07,25.14,24.90,25.11,434127,0
20121009,25.12,25.17,24.75,24.79,920069,0
20121010,24.77,24.84,24.47,24.56,717598,0
20121011,24.70,24.78,24.27,24.32,832824,0
20121012,24.59,24.88,24.52,24.61,1001761,0
20121015,24.68,24.83,24.34,24.73,620770,0
20121016,24.83,25.43,24.61,25.37,881274,0
20121017,25.26,25.48,25.01,25.08,814941,0
20121018,24.68,24.72,24.13,24.64,1419602,0
20121019,24.59,24.59,23.90,24.22,1757481,0
20121022,24.22,24.32,23.85,24.29,771361,0
20121023,23.99,24.23,23.79,24.20,1365217,0
20121024,24.30,24.30,23.41,23.44,1154514,0
20121025,23.66,24.02,23.59,23.71,1296061,0
20121026,23.74,24.05,23.52,23.59,1096253,0
20121031,24.11,24.55,23.70,24.26,1763551,0
20121101,24.34,25.49,24.26,25.40,1535000,0
20121102,25.60,26.12,25.38,25.63,1503922,0
20121105,25.63,26.14,25.61,26.00,1349520,0
20121106,26.01,26.14,25.87,26.05,1512082,0
20121107,25.77,25.96,25.29,25.31,1157982,0
20121108,25.24,25.41,24.91,24.92,1120203,0
20121109,24.87,25.06,24.68,24.71,1445542,0
20121112,24.78,24.91,24.38,24.76,966538,0
20121113,24.63,25.00,24.53,24.53,704624,0
20121114,24.54,24.56,23.94,24.05,1001995,0
20121115,24.02,24.34,23.92,24.03,769756,0
20121116,24.02,24.22,23.92,24.19,984392,0
20121119,24.49,24.99,24.44,24.84,883979,0
20121120,24.82,25.17,24.77,25.12,775300,0
20121121,25.05,25.41,25.00,25.34,546064,0
20121123,25.39,25.52,25.18,25.52,341071,0
20121126,25.42,25.96,25.42,25.86,872921,0
20121127,25.79,25.89,25.47,25.63,633574,0
20121128,25.51,25.97,25.41,25.94,662305,0
20121129,26.03,26.18,25.82,26.13,584111,0
20121130,26.11,26.31,25.95,26.09,971358,0
20121203,26.25,26.31,25.73,25.77,648339,0
20121204,25.74,25.91,25.58,25.70,531096,0
20121205,25.76,26.23,25.61,26.00,663776,0
20121206,26.00,26.09,25.60,26.09,613237,0
20121207,26.23,26.38,26.02,26.38,530055,0
20121210,26.37,26.53,26.22,26.48,638141,0
20121211,26.48,26.75,26.36,26.63,777565,0
20121212,26.67,26.99,26.67,26.79,749205,0
20121213,26.80,26.93,26.54,26.69,520783,0
20121214,26.68,26.89,26.51,26.76,591622,0
20121217,26.79,26.84,26.45,26.55,681431,0
20121218,26.63,27.24,26.38,27.20,1044065,0
20121219,27.25,27.67,27.06,27.57,1007207,0
20121220,27.54,27.64,26.49,26.84,1646046,0
20121221,26.43,26.81,26.22,26.76,2001148,0
20121224,26.79,26.89,26.62,26.87,286764,0
20121226,26.92,27.05,26.70,26.78,298503,0
20121227,26.76,26.92,26.49,26.85,392262,0
20121228,26.60,26.74,26.41,26.43,402357,0
20121231,26.36,27.11,26.34,27.10,536704,0
20130102,27.63,27.99,27.42,27.50,927252,0
20130103,27.50,27.79,27.24,27.41,610706,0
20130104,27.51,27.64,27.25,27.37,563325,0
20130107,27.19,27.32,26.92,27.01,481287,0
20130108,26.93,26.94,26.39,26.68,1084482,0
20130109,26.82,27.14,26.76,27.10,985500,0
20130110,27.34,27.55,27.12,27.48,841985,0
20130111,27.58,27.60,27.09,27.18,353322,0
20130114,27.09,27.24,26.75,27.21,417312,0
20130115,27.10,27.16,26.73,27.13,734366,0
20130116,27.03,27.12,26.65,26.95,431748,0
20130117,27.06,27.47,26.83,27.42,653444,0
20130118,27.55,27.55,27.14,27.51,711601,0
20130122,27.65,27.68,27.34,27.68,1457835,0
20130123,27.62,27.92,27.58,27.90,977322,0
20130124,27.86,28.26,27.80,27.98,1095031,0
20130125,28.09,28.14,27.56,27.70,831331,0
20130128,27.76,28.00,27.55,27.92,875904,0
20130129,27.88,28.01,27.81,27.97,1000747,0
20130130,27.95,28.16,27.90,27.94,811070,0
20130131,27.93,28.01,27.89,27.93,922637,0
20130201,28.00,28.31,27.91,28.01,1239074,0
20130204,27.87,27.90,27.50,27.55,914032,0
20130205,27.73,27.99,27.65,27.77,695291,0
20130206,27.61,28.03,27.53,27.85,1350619,0
20130207,28.03,28.03,26.84,26.91,1576366,0
20130208,27.01,27.64,27.01,27.09,1206284,0
20130211,27.11,27.53,27.02,27.46,875010,0
20130212,27.52,28.10,27.48,27.95,904935,0
20130213,28.00,28.37,27.94,28.26,622205,0
20130214,28.22,28.61,28.20,28.47,927050,0
20130215,28.22,28.47,28.02,28.28,806462,0
20130219,28.36,28.85,28.36,28.76,1188046,0
20130220,28.71,28.76,27.93,27.96,765723,0
20130221,27.85,28.05,27.52,27.68,1038785,0
20130222,27.75,27.86,27.60,27.79,483518,0
20130225,28.02,28.16,27.02,27.02,1093959,0
20130226,27.14,27.23,26.80,27.00,1204551,0
20130227,27.00,27.55,26.94,27.47,1019092,0
20130228,27.53,27.77,27.45,27.50,772904,0
20130301,27.32,27.66,26.94,27.49,865564,0
20130304,27.39,27.51,27.14,27.49,682823,0
20130305,27.68,28.51,27.67,28.45,1210593,0
20130306,28.57,29.43,28.56,29.34,1701262,0
20130307,29.06,29.49,28.32,28.40,2081905,0
20130308,28.58,28.69,28.20,28.43,1793230,0
20130311,28.47,28.96,28.45,28.76,910318,0
20130312,28.70,28.74,28.33,28.53,988587,0
20130313,28.52,28.57,28.37,28.47,608422,0
20130314,28.57,28.82,28.53,28.71,524072,0
20130315,28.59,29.03,28.45,28.96,1380409,0
20130318,28.66,28.98,28.55,28.78,501945,0
20130319,28.85,28.85,28.21,28.44,548400,0
20130320,28.63,28.76,28.36,28.51,709295,0
20130321,28.32,28.76,28.27,28.56,1205844,0
20130322,28.69,28.76,28.35,28.44,1154578,0
20130325,28.64,28.64,27.57,27.73,865032,0
20130326,27.82,27.97,27.57,27.69,1082362,0
20130327,27.50,27.54,27.28,27.29,1269681,0
20130328,27.37,27.59,27.26,27.56,1392830,0
20130401,27.56,27.65,27.04,27.25,661558,0
20130402,27.42,27.66,27.12,27.22,552612,0
20130403,27.15,27.33,26.80,27.12,1416701,0
20130404,27.16,27.72,27.16,27.72,982455,0
20130405,27.41,27.65,27.20,27.60,1422015,0
20130408,27.59,27.85,27.38,27.85,642221,0
20130409,27.85,28.03,27.59,27.96,753914,0
20130410,28.05,28.69,28.03,28.69,1109962,0
20130411,28.65,28.86,28.47,28.86,924699,0
20130412,28.71,28.76,28.42,28.60,618515,0
20130415,28.20,28.36,27.29,27.42,1604510,0
20130416,27.53,27.69,27.25,27.66,1391510,0
20130417,27.48,27.61,27.02,27.28,1193124,0
20130418,27.37,27.52,26.88,27.04,772802,0
20130419,27.10,27.39,26.93,26.99,789452,0
20130422,26.96,27.11,26.64,26.84,906952,0
20130423,26.92,27.43,26.92,27.39,622222,0
20130424,27.46,27.97,27.46,27.69,630868,0
20130425,27.79,27.95,27.74,27.86,1024943,0
20130426,27.88,27.88,27.53,27.71,721454,0
20130429,27.76,28.29,27.69,28.25,664392,0
20130430,27.81,28.10,26.38,27.75,2809676,0
20130501,27.61,27.70,27.12,27.50,1728684,0
20130502,27.51,27.71,27.41,27.44,1041265,0
20130503,27.74,27.74,27.24,27.36,1388238,0
20130506,27.38,27.66,27.26,27.41,1050574,0
20130507,27.53,27.83,27.46,27.68,1070055,0
20130508,27.71,28.20,27.64,28.11,1142163,0
20130509,28.12,28.20,27.79,27.88,923943,0
20130510,27.96,28.09,27.70,27.80,863858,0
20130513,27.75,27.82,27.35,27.54,1153064,0
20130514,27.61,28.40,27.59,28.31,1665286,0
20130515,28.19,28.94,28.13,28.60,1695824,0
20130516,28.59,28.95,28.59,28.64,798902,0
20130517,28.85,29.09,28.79,28.93,502670,0
20130520,28.77,29.15,28.64,28.88,666590,0
20130521,28.90,29.19,28.68,28.70,450091,0
20130522,28.68,28.97,28.37,28.51,1412355,0
20130523,28.28,28.45,27.92,28.05,931506,0
20130524,27.85,27.96,27.61,27.85,582593,0
20130528,28.17,28.39,27.98,28.06,715811,0
20130529,27.90,28.13,27.77,28.05,887995,0
20130530,28.13,28.68,28.05,28.55,1034332,0
20130531,28.41,28.70,28.14,28.14,912159,0
20130603,28.22,28.39,27.77,28.25,1013625,0
20130604,28.24,28.47,27.73,27.86,471599,0
20130605,27.82,27.86,27.19,27.20,668678,0
20130606,26.50,27.44,26.49,27.30,867843,0
20130607,27.48,27.80,27.33,27.55,866292,0
20130610,27.63,27.63,27.30,27.50,625536,0
20130611,27.25,27.49,27.10,27.21,654272,0
20130612,27.48,27.48,26.96,27.01,834388,0
20130613,26.94,27.39,26.91,27.27,805793,0
20130614,27.24,27.51,27.05,27.12,349599,0
20130617,27.26,27.54,27.07,27.27,750566,0
20130618,27.36,27.67,27.34,27.66,666690,0
20130619,27.65,27.69,27.24,27.25,605339,0
20130620,26.99,27.12,26.39,26.41,1268228,0
20130621,26.62,26.70,25.87,26.10,1933125,0
20130624,25.89,26.02,25.56,25.77,1399812,0
20130625,25.95,26.10,25.81,25.93,1246753,0
20130626,26.07,26.18,25.98,26.08,971107,0
20130627,26.23,26.63,26.13,26.63,1214130,0
20130628,26.50,27.04,26.43,26.94,1762930,0
20130701,27.12,28.50,27.12,27.65,1479822,0
20130702,27.59,27.71,27.39,27.50,1432729,0
20130703,27.39,27.71,27.34,27.63,330275,0
20130705,27.78,28.00,27.65,27.98,570053,0
20130708,28.06,28.27,28.01,28.16,759370,0
20130709,28.34,29.01,28.30,28.54,1425569,0
20130710,28.54,29.05,28.50,28.97,1068634,0
20130711,29.38,29.79,28.92,29.03,1195033,0
20130712,29.03,29.21,28.92,29.08,670921,0
20130715,29.21,29.30,29.06,29.06,903613,0
20130716,29.13,29.18,28.56,28.58,901700,0
20130717,28.75,28.82,28.55,28.63,539035,0
20130718,28.76,29.25,28.76,28.93,609550,0
20130719,28.76,28.96,28.64,28.79,602775,0
20130722,28.84,29.00,28.68,28.87,560572,0
20130723,28.90,28.91,28.65,28.71,898012,0
20130724,28.74,28.86,28.52,28.59,546311,0
20130725,28.49,28.94,28.49,28.83,826516,0
20130726,28.59,28.87,28.49,28.67,632014,0
20130729,28.47,28.66,28.42,28.46,659292,0
20130730,26.00,26.68,23.61,25.54,10022418,0
20130731,25.45,25.45,24.79,24.93,6312280,0
20130801,25.18,25.43,24.91,25.19,5562282,0
20130802,25.09,25.41,25.04,25.27,1798447,0
20130805,25.17,25.40,25.06,25.28,1636013,0
20130806,25.26,25.48,25.20,25.43,1934518,0
20130807,25.36,25.36,24.82,24.90,2169059,0
20130808,25.08,25.21,24.95,24.98,1776150,0
20130809,24.93,25.06,24.82,24.98,2123230,0
20130812,24.88,25.02,24.72,24.83,1474416,0
20130813,24.95,25.03,24.76,24.97,1580039,0
20130814,25.00,25.03,24.83,24.99,1350166,0
20130815,24.78,24.96,24.60,24.72,3129218,0
20130816,24.64,24.70,24.29,24.52,1352539,0
20130819,24.57,24.76,24.43,24.62,832867,0
20130820,24.60,24.61,24.26,24.30,1491303,0
20130821,24.42,24.53,24.19,24.19,1029183,0
20130822,24.20,24.49,24.14,24.38,1113441,0
20130823,24.45,24.50,24.27,24.30,1656425,0
20130826,24.35,24.69,24.35,24.58,1059667,0
20130827,24.41,24.48,24.18,24.27,1339152,0
20130828,24.22,24.54,24.22,24.51,840010,0
20130829,24.47,25.01,24.42,24.95,1687931,0
20130830,24.94,24.94,24.68,24.78,1844210,0
20130903,25.03,25.16,24.95,25.08,1935797,0
20130904,25.04,25.65,25.04,25.50,913215,0
20130905,25.50,26.01,25.50,25.91,1055780,0
20130906,26.08,26.36,25.78,26.17,1870032,0
20130909,26.23,26.85,26.22,26.78,1924162,0
20130910,26.89,27.16,26.87,27.07,1922125,0
20130911,27.01,27.18,27.00,27.11,3056850,0
20130912,27.05,27.09,26.89,26.96,1407479,0
20130913,26.93,26.99,26.84,26.95,2205294,0
20130916,27.26,27.30,27.05,27.16,2204303,0
20130917,27.17,27.30,27.01,27.25,1527032,0
20130918,27.22,27.66,26.71,27.49,2833331,0
20130919,27.57,28.09,27.33,27.51,2545273,0
20130920,27.66,27.72,27.15,27.17,3534470,0
20130923,27.12,27.28,26.94,27.00,980620,0
20130924,27.04,27.47,27.00,27.36,1378724,0
20130925,27.41,27.61,27.38,27.53,1673179,0
20130926,28.02,28.40,28.02,28.23,2730662,0
20130927,28.06,28.15,27.89,27.99,1658771,0
20130930,27.77,27.98,27.71,27.93,1112909,0
20131001,27.96,28.28,27.93,28.24,1110422,0
20131002,28.03,28.12,27.82,28.12,1588945,0
20131003,28.02,28.12,27.71,27.90,1390550,0
20131004,27.90,28.27,27.80,28.18,624650,0
20131007,27.97,28.11,27.89,28.00,1045630,0
20131008,28.00,28.08,27.39,27.40,1093364,0
20131009,27.48,27.53,26.99,27.21,1478316,0
20131010,27.49,27.96,27.46,27.93,727994,0
20131011,27.85,28.15,27.70,28.10,943067,0
20131014,28.04,28.24,27.96,28.17,1045551,0
20131015,28.04,28.24,27.88,27.92,1376387,0
20131016,28.02,28.05,27.76,27.92,1117237,0
20131017,27.84,27.91,27.37,27.49,2235098,0
20131018,27.61,27.85,27.58,27.83,898930,0
20131021,27.82,28.35,27.74,28.33,2118811,0
20131022,28.35,28.43,27.91,28.21,1403862,0
20131023,28.14,28.42,27.99,28.34,983504,0
20131024,28.37,28.75,28.30,28.69,781891,0
20131025,28.74,29.02,28.61,28.99,983673,0
20131028,28.94,29.12,28.62,28.93,1648444,0
20131029,33.13,33.80,31.56,32.53,7931923,0
20131030,32.48,33.56,32.33,33.48,3006263,0
20131031,33.45,34.66,33.39,34.50,2501014,0
20131101,34.53,34.64,32.98,33.22,3774837,0
20131104,33.39,34.10,33.27,33.91,1749841,0
20131105,33.75,33.87,33.47,33.75,1612939,0
20131106,33.88,33.93,33.17,33.51,1935049,0
20131107,33.59,33.69,33.05,33.11,1592037,0
20131108,33.14,34.07,33.12,33.98,1457325,0
20131111,33.98,34.17,33.83,33.96,842560,0
20131112,33.82,34.09,33.63,33.94,1118814,0
20131113,33.81,34.34,33.63,34.32,987665,0
20131114,34.45,34.59,33.92,34.38,1167123,0
20131115,34.37,34.65,34.22,34.47,795134,0
20131118,34.47,34.53,33.84,33.94,999544,0
20131119,33.95,34.28,33.95,34.15,1273148,0
20131120,34.39,34.93,34.06,34.30,1382846,0
20131121,34.40,34.72,34.24,34.58,1410808,0
20131122,34.56,34.66,34.33,34.58,1158620,0
20131125,34.60,34.88,34.37,34.53,1008896,0
20131126,34.61,34.82,34.37,34.67,822035,0
20131127,34.79,34.85,34.54,34.77,368663,0
20131129,34.76,34.86,34.53,34.56,563789,0
20131202,34.68,34.68,33.85,33.91,1295187,0
20131203,33.85,34.08,33.17,33.58,2468743,0
20131204,33.45,33.73,33.07,33.56,1062468,0
20131205,33.52,33.98,33.43,33.78,1124517,0
20131206,34.08,34.08,33.41,33.51,1535559,0
20131209,33.64,33.95,33.55,33.63,980429,0
20131210,33.53,33.93,33.53,33.54,785505,0
20131211,33.51,33.56,32.88,32.91,941241,0
20131212,32.94,33.68,32.79,33.51,1312642,0
20131213,33.53,33.90,33.51,33.81,1077601,0
20131216,33.87,34.23,33.79,33.88,867296,0
20131217,33.85,34.11,33.72,34.10,1044752,0
20131218,34.20,34.74,33.96,34.70,1218859,0
20131219,34.52,34.79,34.07,34.16,1205148,0
20131220,34.29,34.46,33.95,34.08,1959298,0
20131223,34.31,34.55,34.17,34.19,704916,0
20131224,34.23,34.50,34.18,34.33,311242,0
20131226,34.51,34.79,34.48,34.69,270753,0
20131227,34.69,34.88,34.47,34.55,242719,0
20131230,34.49,34.84,34.44,34.58,561674,0
20131231,34.65,34.87,34.59,34.60,557969,0
20140102,34.39,34.50,33.99,34.16,765141,0
20140103,34.15,34.85,34.15,34.47,454495,0
20140106,34.64,34.89,34.33,34.41,849360,0
20140107,34.47,34.84,34.40,34.51,611127,0
20140108,34.44,34.63,34.13,34.49,1234973,0
20140109,34.55,34.77,34.37,34.63,760815,0
20140110,34.55,35.29,34.55,34.91,955725,0
20140113,34.89,35.29,34.83,35.02,1856699,0
20140114,35.04,35.59,34.86,35.58,1716682,0
20140115,35.78,36.44,35.78,36.37,2145224,0
20140116,36.28,37.01,36.10,36.64,1238260,0
20140117,36.76,37.05,36.43,36.57,868285,0
20140121,36.69,36.73,35.67,35.92,1514993,0
20140122,36.27,36.64,36.00,36.49,1207445,0
20140123,36.24,36.32,35.29,35.44,1027061,0
20140124,35.24,35.31,33.64,33.68,1575671,0
20140127,33.71,33.80,33.08,33.39,1654744,0
20140128,33.54,34.01,33.43,33.91,909487,0
20140129,33.71,34.32,33.21,33.24,1217323,0
20140130,33.57,33.68,33.33,33.36,1397845,0
20140131,33.00,33.38,32.62,33.36,1939700,0
20140203,33.36,33.52,32.63,32.80,3086580,0
20140204,34.86,36.42,34.42,36.27,3716291,0
20140205,36.31,36.48,35.38,35.52,2203764,0
20140206,35.59,36.65,35.59,36.46,1622466,0
20140207,36.74,37.22,36.66,36.96,1439543,0
20140210,37.00,37.13,36.41,36.88,835887,0
20140211,37.01,37.41,36.85,37.10,1415745,0
20140212,37.25,37.59,37.22,37.40,1110004,0
20140213,37.17,37.84,37.02,37.84,1030032,0
20140214,37.73,38.06,37.71,38.05,881670,0
20140218,38.24,38.73,38.07,38.57,1426039,0
20140219,38.53,38.75,37.53,37.62,1100174,0
20140220,37.76,38.79,37.66,38.71,852199,0
20140221,38.80,39.07,38.71,38.86,1320979,0
20140224,38.92,39.79,38.77,39.40,1168203,0
20140225,39.45,39.60,38.65,38.76,919654,0
20140226,38.93,39.44,38.71,39.25,1059535,0
20140227,39.24,39.47,38.93,39.37,573428,0
20140228,39.28,39.54,39.06,39.35,870041,0
20140303,39.14,39.24,38.34,38.60,1407719,0
20140304,38.98,39.20,38.57,38.79,1493178,0
20140305,38.67,38.93,38.47,38.50,1163125,0
20140306,38.50,38.86,38.26,38.30,1523120,0
20140307,38.55,38.84,38.35,38.64,1323904,0
20140310,38.50,38.58,37.83,38.05,970369,0
20140311,38.00,38.39,37.73,37.85,1349706,0
20140312,37.60,37.82,37.25,37.40,930775,0
20140313,37.49,37.70,36.56,36.74,1083391,0
20140314,36.65,37.18,36.65,36.79,862975,0
20140317,36.95,37.22,36.64,36.81,953894,0
20140318,36.90,36.93,36.71,36.78,923005,0
20140319,36.78,36.87,36.15,36.44,810100,0
20140320,36.29,36.58,35.88,36.34,1077477,0
20140321,36.64,36.76,36.25,36.28,2900585,0
20140324,36.42,36.72,35.69,35.71,1100817,0
20140325,35.97,36.82,35.97,36.62,1431408,0
20140326,36.77,36.95,35.82,35.84,762170,0
20140327,35.73,35.95,35.34,35.78,974880,0
20140328,35.83,36.31,35.78,36.00,626308,0
20140331,36.22,36.51,36.10,36.42,771489,0
20140401,36.47,37.25,36.35,37.15,1385538,0
20140402,37.14,37.78,36.95,37.77,1345669,0
20140403,37.80,37.93,37.24,37.27,1577457,0
20140404,37.47,37.88,37.25,37.30,1543673,0
20140407,37.22,37.35,36.05,36.38,1380858,0
20140408,36.23,36.55,35.97,36.04,1469302,0
20140409,36.21,37.03,35.98,37.01,813122,0
20140410,37.12,37.12,35.88,35.91,1586134,0
20140411,35.97,36.29,35.11,35.22,1295001,0
20140414,35.45,35.47,34.77,35.12,1137669,0
20140415,35.12,35.18,34.50,34.89,1391658,0
20140416,35.15,35.76,34.93,35.49,1106604,0
20140417,35.53,35.73,35.23,35.30,1431800,0
20140421,35.31,35.59,35.02,35.52,606234,0
20140422,35.53,35.94,35.38,35.71,635209,0
20140423,35.61,35.90,35.57,35.68,510142,0
20140424,35.91,36.20,35.43,35.80,834308,0
20140425,35.63,35.63,35.02,35.41,929058,0
20140428,35.67,35.73,34.93,35.36,1091254,0
20140429,37.39,37.58,36.08,36.44,1478329,0
20140430,37.15,37.64,36.63,37.59,1765877,0
20140501,37.53,37.61,36.72,36.96,1230369,0
20140502,37.00,37.36,36.83,36.86,776669,0
20140505,36.63,37.02,36.33,36.77,527762,0
20140506,36.71,37.14,36.53,36.93,716191,0
20140507,37.18,37.28,36.69,37.22,641078,0
20140508,38.50,38.50,36.93,37.30,702629,0
20140509,37.18,37.19,36.75,37.19,432474,0
20140512,37.46,38.06,37.31,38.03,714055,0
20140513,38.15,38.37,37.87,37.96,785585,0
20140514,37.95,38.02,37.53,37.76,649439,0
20140515,37.57,37.70,37.04,37.23,668398,0
20140516,37.16,37.28,36.65,36.90,938040,0
20140519,36.74,37.95,36.61,37.90,940016,0
20140520,37.81,37.94,37.10,37.28,1014712,0
20140521,37.35,38.34,37.29,37.82,2069208,0
20140522,37.82,38.21,37.65,37.95,952668,0
20140523,37.93,38.65,37.76,38.42,1272035,0
20140527,38.56,38.91,38.43,38.54,549953,0
20140528,38.50,38.63,38.14,38.16,741296,0
20140529,38.13,38.18,36.50,36.75,2807683,0
20140530,36.72,37.34,36.72,37.30,1674178,0
20140602,37.39,37.65,37.06,37.53,1171276,0
20140603,37.34,37.43,37.20,37.23,1268124,0
20140604,37.18,37.31,36.83,36.88,913649,0
20140605,36.95,37.49,36.89,37.37,1182201,0
20140606,37.21,37.80,36.96,37.75,1426070,0
20140609,37.57,38.50,37.57,38.11,1028081,0
20140610,38.03,38.27,37.74,38.13,811040,0
20140611,37.96,37.98,37.52,37.96,759873,0
20140612,37.84,38.04,37.46,37.77,2333384,0
20140613,37.74,38.65,37.73,38.60,1301387,0
20140616,38.49,38.74,38.33,38.47,869797,0
20140617,38.32,38.73,38.13,38.58,678583,0
20140618,38.71,39.08,38.25,38.92,889178,0
20140619,39.00,39.47,38.59,39.34,995404,0
20140620,39.42,39.84,39.03,39.67,1568756,0
20140623,39.72,39.96,39.43,39.78,1028409,0
20140624,39.64,40.00,39.14,39.23,907961,0
20140625,39.07,39.44,39.07,39.37,809769,0
20140626,38.60,39.50,38.60,39.13,760124,0
20140627,38.97,39.32,38.97,39.25,1616207,0
20140630,39.22,39.31,38.92,39.08,847374,0
20140701,39.33,39.43,39.08,39.13,644170,0
20140702,39.06,39.23,38.45,38.65,758985,0
20140703,38.88,39.16,38.77,39.02,433449,0
20140707,38.83,38.83,37.84,38.00,1026867,0
20140708,37.82,37.87,37.11,37.36,1299824,0
20140709,37.45,37.63,37.28,37.54,690657,0
20140710,36.99,37.53,36.70,37.24,725655,0
20140711,37.24,37.33,36.77,37.10,1030003,0
20140714,37.28,37.60,37.11,37.52,956111,0
20140715,37.51,37.75,36.92,37.23,1077064,0
20140716,37.36,37.61,37.01,37.59,723909,0
20140717,37.27,37.27,36.68,36.73,785931,0
20140718,36.82,37.49,36.59,37.45,587497,0
20140721,37.41,37.83,37.26,37.65,622045,0
20140722,37.78,38.04,37.56,37.60,547586,0
20140723,37.60,37.75,37.21,37.33,526385,0
20140724,37.45,37.52,37.08,37.21,590137,0
20140725,36.96,37.02,36.69,36.84,1494123,0
20140728,36.85,36.85,36.34,36.46,1560310,0
20140729,37.38,38.87,37.19,37.20,2247949,0
20140730,37.47,37.51,36.42,36.43,1653797,0
20140731,36.22,36.49,35.26,35.29,1195865,0
20140801,35.18,35.23,34.86,34.98,1630014,0
20140804,35.05,35.41,34.77,35.30,1167089,0
20140805,35.15,35.92,35.11,35.63,1247837,0
20140806,35.28,35.92,35.25,35.64,1061695,0
20140807,35.90,36.23,35.65,36.04,1650166,0
20140808,36.02,36.17,35.79,36.06,1029107,0
20140811,36.25,36.73,36.24,36.56,710038,0
20140812,36.55,37.07,36.44,36.51,753156,0
20140813,36.61,36.79,36.44,36.74,553504,0
20140814,36.72,36.88,36.56,36.69,342585,0
20140815,36.89,37.05,36.47,36.72,680849,0
20140818,37.01,37.41,36.98,37.40,539238,0
20140819,37.43,37.60,37.38,37.51,575767,0
20140820,37.51,38.13,37.46,38.01,899508,0
20140821,38.06,38.06,37.69,37.78,432385,0
20140822,37.66,37.73,37.36,37.40,578693,0
20140825,37.59,37.88,37.43,37.82,402715,0
20140826,37.88,38.04,37.64,37.65,314582,0
20140827,37.65,37.65,37.25,37.43,324448,0
20140828,37.35,37.40,37.15,37.26,547049,0
20140829,37.37,37.48,36.95,37.26,395228,0
20140902,37.50,38.10,37.38,38.06,930856,0
20140903,38.17,38.26,37.74,37.85,750999,0
20140904,37.89,38.34,37.79,37.88,1065004,0
20140905,37.82,37.82,37.36,37.77,528568,0
20140908,37.59,37.73,37.44,37.67,710466,0
20140909,37.56,37.72,37.28,37.37,489023,0
20140910,37.37,37.41,36.96,37.32,314621,0
20140911,37.14,37.55,37.12,37.41,496653,0
20140912,37.43,37.50,37.02,37.15,414618,0
20140915,37.16,37.33,37.04,37.18,403924,0
20140916,37.13,37.65,37.04,37.51,597988,0
20140917,37.45,37.76,37.23,37.40,484203,0
20140918,37.50,37.84,37.32,37.77,668341,0
20140919,37.79,37.94,37.48,37.77,1491024,0
20140922,37.71,37.71,37.13,37.33,623431,0
20140923,37.14,37.67,36.95,37.39,884100,0
20140924,37.32,37.52,37.05,37.38,1036693,0
20140925,37.16,37.18,36.48,36.51,1059348,0
20140926,36.49,36.69,36.27,36.60,424983,0
20140929,36.20,36.35,36.06,36.25,574877,0
20140930,36.18,36.23,35.38,35.49,1101897,0
20141001,35.45,35.53,34.68,34.86,997040,0
20141002,34.81,35.05,34.19,35.01,1028260,0
20141003,35.23,35.30,34.92,35.07,1223176,0
20141006,35.15,35.63,35.07,35.58,1036871,0
20141007,35.28,35.28,34.14,34.15,1199033,0
20141008,34.07,34.66,33.68,34.63,1073130,0
20141009,34.50,34.58,33.32,33.38,667445,0
20141010,33.32,33.39,32.50,32.50,1116279,0
20141013,32.55,32.82,31.88,31.91,1173041,0
20141014,32.37,33.26,32.32,32.70,1382081,0
20141015,32.23,33.70,31.80,33.30,2094277,0
20141016,32.59,34.29,32.47,34.04,1921111,0
20141017,34.33,34.66,33.81,34.21,1407857,0
20141020,34.14,34.29,33.55,33.71,1385362,0
20141021,33.99,34.65,33.87,34.51,1314137,0
20141022,34.58,34.71,34.01,34.06,919406,0
20141023,34.48,35.30,34.39,35.05,945009,0
20141024,35.04,35.35,34.76,35.34,788469,0
20141027,35.02,35.26,34.61,35.02,1397923,0
20141028,35.47,36.50,34.64,36.48,1857774,0
20141029,36.55,36.74,35.55,35.71,913949,0
20141030,35.45,36.05,35.07,35.81,658414,0
20141031,36.44,36.60,36.03,36.36,1161015,0
20141103,36.34,36.43,35.87,36.04,781110,0
20141104,35.91,36.20,35.79,35.94,693783,0
20141105,36.32,36.45,35.97,36.39,823741,0
20141106,36.41,37.12,36.26,37.11,1218181,0
20141107,37.10,37.25,36.82,37.04,669278,0
20141110,37.13,37.36,37.00,37.28,625778,0
20141111,37.24,37.37,37.04,37.35,534598,0
20141112,37.23,37.56,37.08,37.55,762540,0
20141113,37.44,37.63,37.21,37.45,1109118,0
20141114,37.38,37.63,37.10,37.62,1101451,0
20141117,37.60,37.86,37.46,37.73,700862,0
20141118,37.71,38.49,37.55,38.21,908406,0
20141119,38.02,38.11,37.14,37.34,857298,0
20141120,37.14,37.54,36.99,37.46,610697,0
20141121,37.95,38.50,37.73,38.25,1030635,0
20141124,38.29,38.57,38.24,38.40,643336,0
20141125,38.50,38.59,38.08,38.39,772716,0
20141126,38.36,38.56,38.07,38.54,550887,0
20141128,38.46,38.69,38.19,38.34,676375,0
20141201,38.11,38.47,37.84,38.44,850048,0
20141202,38.50,38.76,37.97,38.02,964261,0
20141203,38.01,38.99,38.01,38.89,697054,0
20141204,38.81,38.81,38.32,38.57,443265,0
20141205,38.67,38.80,38.46,38.59,392476,0
20141208,38.57,38.75,37.74,37.82,468915,0
20141209,37.39,38.18,37.39,38.12,616176,0
20141210,37.94,38.02,36.77,36.84,782671,0
20141211,37.01,37.45,36.89,36.98,586045,0
20141212,36.61,37.00,36.19,36.20,722650,0
20141215,36.43,36.73,36.01,36.24,726824,0
20141216,36.07,37.04,36.07,36.27,712928,0
20141217,36.23,37.00,35.69,36.91,1241837,0
20141218,37.57,38.10,37.23,38.10,698949,0
20141219,38.25,38.70,38.06,38.59,1534229,0
20141222,38.74,38.99,38.47,38.74,475873,0
20141223,38.92,39.23,38.66,38.72,645345,0
20141224,38.75,39.07,38.74,38.76,303489,0
20141226,38.88,39.15,38.88,38.95,249438,0
20141229,38.93,39.17,38.80,38.86,352274,0
20141230,38.82,38.91,38.42,38.43,437672,0
20141231,38.65,38.65,38.04,38.07,466877,0
20150102,38.40,38.59,37.50,38.08,606118,0
20150105,37.34,37.42,35.67,35.71,1369903,0
20150106,35.70,35.92,35.11,35.50,1336249,0
20150107,35.87,36.00,35.25,35.78,1039030,0
20150108,36.01,36.09,35.68,36.05,821836,0
20150109,36.08,36.11,35.32,35.37,756976,0
20150112,35.34,35.39,34.38,34.60,1437830,0
20150113,34.72,35.18,34.15,34.68,1140300,0
20150114,34.04,34.66,33.93,34.46,640698,0
20150115,34.63,34.90,34.20,34.22,974811,0
20150116,34.04,34.49,33.98,34.47,905386,0
20150120,34.60,34.72,34.04,34.40,971225,0
20150121,34.25,35.14,34.25,35.10,918983,0
20150122,35.32,35.54,34.96,35.33,874419,0
20150123,35.20,35.52,35.17,35.17,597385,0
20150126,35.12,35.25,34.83,35.19,691225,0
20150127,34.60,34.91,34.42,34.74,661443,0
20150128,34.90,35.25,34.17,34.26,802183,0
20150129,34.19,34.37,33.54,34.16,1959481,0
20150130,33.92,34.40,33.91,34.10,1633567,0
20150202,34.25,34.81,33.81,34.74,1554421,0
20150203,35.03,35.48,34.86,35.39,1196879,0
20150204,35.18,35.37,34.71,34.89,1372185,0
20150205,34.88,35.39,34.41,34.86,2360494,0
20150206,34.87,35.40,34.75,35.19,1986336,0
20150209,35.10,35.67,34.95,35.11,1828676,0
20150210,35.23,35.44,35.01,35.39,1244568,0
20150211,35.27,35.39,35.02,35.25,729530,0
20150212,35.39,35.67,35.16,35.61,849858,0
20150213,35.60,36.10,35.39,36.06,1057669,0
20150217,35.99,36.03,35.53,35.88,836046,0
20150218,35.88,36.10,35.69,35.84,622652,0
20150219,35.69,35.97,35.55,35.66,963707,0
20150220,35.60,36.17,35.37,36.03,770639,0
20150223,35.97,36.12,35.57,35.81,934685,0
20150224,35.74,36.03,35.70,35.96,730776,0
20150225,35.90,36.28,35.90,36.04,788470,0
20150226,36.06,36.06,35.64,35.77,906690,0
20150227,35.71,35.95,35.58,35.70,663238,0
20150302,35.66,36.25,35.54,36.17,823350,0
20150303,36.03,36.38,35.94,36.10,816748,0
20150304,35.90,35.90,35.52,35.69,968641,0
20150305,35.69,35.90,35.44,35.58,871779,0
20150306,35.31,35.58,35.06,35.17,1722125,0
20150309,35.23,35.47,35.12,35.25,849580,0
20150310,34.81,34.90,34.58,34.70,1161861,0
20150311,34.72,34.72,34.19,34.58,959631,0
20150312,34.67,35.26,34.62,35.17,814991,0
20150313,35.16,35.19,34.40,34.61,1423794,0
20150316,34.78,35.04,34.59,35.03,766876,0
20150317,34.95,34.95,34.51,34.67,683563,0
20150318,34.56,36.00,34.36,35.87,1209297,0
20150319,35.74,35.76,35.35,35.54,883500,0
20150320,35.84,36.04,35.77,35.99,1423994,0
20150323,35.27,35.60,35.10,35.10,1405989,0
20150324,35.06,35.26,34.89,35.07,964692,0
20150325,35.22,35.22,34.74,34.74,773146,0
20150326,34.54,34.80,34.46,34.67,676196,0
20150327,34.61,35.08,34.54,34.97,1077340,0
20150330,35.03,35.41,35.03,35.35,696521,0
20150331,35.25,35.25,34.73,35.02,790369,0
20150401,35.48,35.63,34.95,35.41,1057705,0
20150402,35.43,36.01,35.31,35.79,873644,0
20150406,35.48,36.30,35.48,36.07,779881,0
20150407,36.02,36.21,35.88,36.07,916704,0
20150408,35.96,36.12,35.01,35.25,1642108,0
20150409,35.14,35.23,34.80,34.96,1404317,0
20150410,35.11,35.31,34.98,35.20,1463697,0
20150413,35.09,35.42,35.08,35.16,663477,0
20150414,35.07,35.36,35.02,35.20,780700,0
20150415,35.32,35.72,35.26,35.49,1276298,0
20150416,35.40,36.03,35.25,35.83,913958,0
20150417,35.51,35.51,34.96,35.14,1145252,0
20150420,35.36,35.57,35.26,35.46,661123,0
20150421,35.52,35.68,35.09,35.36,521311,0
20150422,35.40,35.47,35.09,35.46,513155,0
20150423,35.49,36.19,35.37,35.90,816872,0
20150424,35.88,35.97,35.40,35.63,673908,0
20150427,35.73,36.31,35.70,36.30,798387,0
20150428,36.13,36.38,35.92,36.37,913078,0
20150429,36.16,36.76,36.15,36.63,1707110,0
20150430,36.65,37.48,36.13,37.02,1920759,0
20150501,37.29,37.32,36.23,37.14,1650275,0
20150504,37.16,37.25,36.73,36.90,920180,0
20150505,36.99,37.48,36.57,36.64,946925,0
20150506,36.77,36.90,36.27,36.53,775071,0
20150507,36.52,36.71,36.24,36.69,636432,0
20150508,37.11,37.16,36.85,36.90,1238605,0
20150511,36.85,37.12,36.74,36.81,976064,0
20150512,36.55,36.73,36.26,36.49,821724,0
20150513,36.66,36.97,36.65,36.79,942223,0
20150514,36.96,37.10,36.78,37.09,834898,0
20150515,37.08,37.15,36.68,36.83,874768,0
20150518,36.83,37.05,36.75,37.01,618923,0
20150519,37.05,37.14,36.67,36.78,630739,0
20150520,36.78,36.95,36.64,36.81,533127,0
20150521,36.75,37.20,36.72,37.14,1343276,0
20150522,37.12,37.15,36.80,36.99,577342,0
20150526,36.78,36.85,36.27,36.34,481995,0
20150527,36.41,36.57,36.19,36.50,589643,0
20150528,36.36,36.81,36.16,36.70,1088675,0
20150529,36.70,36.87,36.42,36.57,1275786,0
20150601,36.73,36.76,36.31,36.60,762170,0
20150602,36.52,37.07,36.43,36.69,1009238,0
20150603,36.69,37.04,36.57,36.96,455128,0
20150604,36.75,36.75,36.31,36.42,612449,0
20150605,36.21,36.41,36.08,36.38,725206,0
20150608,36.36,36.51,36.07,36.14,453084,0
20150609,36.21,36.39,36.04,36.10,292677,0
20150610,36.31,36.63,36.23,36.52,648381,0
20150611,36.55,36.99,36.44,36.91,725512,0
20150612,36.81,36.90,36.43,36.54,443663,0
20150615,36.36,36.43,36.05,36.12,575624,0
20150616,36.24,36.56,36.00,36.45,749953,0
20150617,36.58,36.84,36.23,36.38,814983,0
20150618,36.51,37.12,36.39,36.90,841216,0
20150619,36.83,36.83,36.40,36.44,1299090,0
20150622,36.95,37.07,36.57,37.00,981598,0
20150623,36.97,37.70,36.96,37.30,1732781,0
20150624,37.20,37.34,37.06,37.25,1060648,0
20150625,37.24,37.34,36.89,36.96,863081,0
20150626,37.03,37.18,36.88,36.94,3002780,0
20150629,36.70,36.75,36.25,36.26,987593,0
20150630,36.77,37.35,36.53,37.07,2068389,0
20150701,37.32,37.32,36.69,36.81,1183702,0
20150702,36.89,37.01,36.52,36.73,698305,0
20150706,36.33,36.49,36.04,36.25,938933,0
20150707,36.24,36.41,35.62,36.38,863066,0
20150708,36.10,36.27,35.46,35.57,657439,0
20150709,36.01,36.25,35.54,35.54,668561,0
20150710,35.91,35.95,35.35,35.39,1670505,0
20150713,35.70,36.09,35.52,36.06,920354,0
20150714,36.04,36.71,35.75,36.49,1899303,0
20150715,36.46,36.58,35.90,35.95,612296,0
20150716,36.22,36.38,35.80,36.02,561954,0
20150717,35.92,36.03,35.69,35.81,514847,0
20150720,35.82,35.93,35.71,35.77,556315,0
20150721,35.70,35.71,35.09,35.19,951199,0
20150722,35.00,35.20,34.86,34.98,968664,0
20150723,34.97,35.13,34.57,34.67,1125096,0
20150724,34.61,34.68,34.49,34.63,1121890,0
20150727,34.32,34.49,34.25,34.40,1366787,0
20150728,34.56,34.94,34.50,34.78,1400070,0
20150729,34.76,35.32,34.63,35.23,886293,0
20150730,34.91,35.66,34.73,35.22,1029350,0
20150731,35.26,35.46,34.33,34.53,1142545,0
20150803,34.50,34.50,33.60,33.85,1104695,0
20150804,33.88,34.18,33.66,33.74,1043203,0
20150805,33.98,34.30,33.65,33.89,1276707,0
20150806,33.95,34.13,33.57,33.68,1507927,0
20150807,33.64,33.86,33.38,33.50,887686,0
20150810,33.82,34.16,33.72,34.09,1166379,0
20150811,33.72,33.82,33.48,33.58,1099303,0
20150812,33.32,33.74,33.18,33.66,980924,0
20150813,33.62,33.72,33.42,33.49,1368453,0
20150814,33.62,33.76,33.28,33.70,1194885,0
20150817,33.55,33.79,33.33,33.77,1057745,0
20150818,33.78,33.80,33.38,33.41,995980,0
20150819,33.23,33.36,32.93,33.15,693359,0
20150820,32.84,33.12,32.65,32.66,1047287,0
20150821,32.48,32.58,32.05,32.07,1535150,0
20150824,30.49,31.92,29.90,30.91,2479069,0
20150825,31.93,31.98,30.43,30.46,2221495,0
20150826,31.00,31.44,30.78,31.38,2430396,0
20150827,31.77,32.40,31.61,32.37,1697116,0
20150828,32.24,32.79,32.16,32.70,1874075,0
20150831,32.43,32.68,32.05,32.45,1032811,0
20150901,31.76,32.03,30.98,31.13,973250,0
20150902,31.60,31.82,31.20,31.38,1913168,0
20150903,31.82,32.61,31.82,32.35,1931277,0
20150904,31.89,32.24,31.66,31.68,1702240,0
20150908,32.26,32.54,32.12,32.44,1398121,0
20150909,32.82,32.89,32.04,32.11,1337384,0
20150910,31.99,32.42,31.83,32.13,1398856,0
20150911,32.04,32.49,31.89,32.49,1464114,0
20150914,32.45,32.48,32.02,32.22,1258416,0
20150915,32.39,33.13,32.23,33.03,1871119,0
20150916,33.00,33.44,32.96,33.37,1089407,0
20150917,33.32,33.56,32.98,33.08,1461456,0
20150918,32.56,32.68,32.17,32.25,1512735,0
20150921,32.45,33.00,32.13,32.63,1905821,0
20150922,32.16,32.50,32.01,32.40,1333771,0
20150923,32.47,32.66,31.76,31.78,1047609,0
20150924,31.60,32.73,31.27,32.52,2303598,0
20150925,32.65,32.78,32.32,32.47,2088329,0
20150928,32.06,32.27,31.95,32.07,2123918,0
20150929,32.21,32.44,31.90,31.99,1344081,0
20150930,32.22,32.95,32.03,32.85,1708506,0
20151001,32.88,33.20,32.42,32.69,1498624,0
20151002,32.25,33.54,32.16,33.51,1451130,0
20151005,33.58,33.84,33.36,33.56,2376842,0
20151006,33.51,33.84,33.36,33.39,1679236,0
20151007,33.59,34.19,33.38,34.04,1670232,0
20151008,33.94,35.24,33.88,34.99,1770092,0
20151009,35.08,35.35,34.71,34.89,1946204,0
20151012,34.85,34.96,34.61,34.64,1003184,0
20151013,34.33,34.85,34.22,34.33,1807641,0
20151014,34.29,34.50,33.82,33.87,1424944,0
20151015,33.94,34.82,33.67,34.74,1909341,0
20151016,34.69,34.77,34.01,34.74,2124479,0
20151019,34.51,34.67,34.23,34.64,1297538,0
20151020,34.56,35.18,34.41,34.88,1210714,0
20151021,34.97,35.24,34.64,34.72,1397487,0
20151022,34.86,35.83,34.86,35.62,1415126,0
20151023,35.90,36.22,35.76,36.19,1524555,0
20151026,36.14,36.31,35.64,35.91,1340609,0
20151027,35.57,35.96,35.28,35.85,2315866,0
20151028,35.97,36.60,35.70,36.38,1557362,0
20151029,35.82,36.74,35.82,36.34,1770045,0
20151030,36.51,36.78,36.07,36.41,1865140,0
20151102,36.35,36.82,36.18,36.65,974119,0
20151103,36.65,36.91,36.40,36.58,1658957,0
20151104,36.60,36.90,36.47,36.65,1008615,0
20151105,36.60,36.94,36.31,36.79,889468,0
20151106,36.66,36.92,36.39,36.92,843708,0
20151109,36.79,36.92,36.31,36.45,905557,0
20151110,36.34,36.93,36.24,36.93,959676,0
20151111,37.00,37.26,36.93,36.97,780812,0
20151112,36.53,36.75,35.74,35.80,1542179,0
20151113,35.82,36.27,35.68,35.89,938473,0
20151116,35.80,36.69,35.74,36.60,1467933,0
20151117,36.66,37.14,36.46,37.00,1600537,0
20151118,37.15,37.50,37.01,37.46,1775240,0
20151119,37.42,37.77,37.09,37.67,1137749,0
20151120,37.83,38.00,37.45,37.50,1301331,0
20151123,37.56,37.85,37.40,37.55,870804,0
20151124,37.26,37.61,37.10,37.48,1044056,0
20151125,37.49,37.86,37.38,37.66,916309,0
20151127,37.53,37.62,37.28,37.58,514177,0
20151130,37.58,37.71,37.25,37.32,1470201,0
20151201,37.37,37.76,37.32,37.64,756867,0
20151202,37.45,37.58,36.87,36.95,616671,0
20151203,37.04,37.19,36.43,36.74,735292,0
20151204,36.78,37.69,36.78,37.65,1247317,0
20151207,37.42,37.56,36.78,36.91,638814,0
20151208,36.47,36.65,36.20,36.28,785464,0
20151209,36.10,36.79,35.93,36.26,1154646,0
20151210,36.14,36.97,36.14,36.70,1188618,0
20151211,36.20,36.77,36.13,36.22,1499770,0
20151214,36.27,36.67,36.19,36.64,1344429,0
20151215,36.89,37.07,36.65,36.70,1389536,0
20151216,36.93,37.63,36.80,37.46,1227014,0
20151217,37.42,37.63,36.45,36.46,1178513,0
20151218,36.26,36.31,35.81,35.84,1973727,0
20151221,36.13,36.31,35.88,36.14,662317,0
20151222,36.31,36.53,36.03,36.50,805186,0
20151223,36.73,37.28,36.66,37.13,667422,0
20151224,37.08,37.26,36.96,37.07,294202,0
20151228,36.97,36.99,36.67,36.94,630069,0
20151229,37.20,37.46,36.98,37.10,780513,0
20151230,37.10,37.22,36.85,36.87,439532,0
20151231,36.67,36.84,36.45,36.50,635138,0
20160104,35.92,36.19,35.60,36.08,1353443,0
20160105,36.06,36.20,35.51,36.07,1075354,0
20160106,36.43,36.61,35.22,35.62,1866048,0
20160107,35.17,35.27,34.49,34.70,1555388,0
20160108,34.87,35.03,34.28,34.37,1471489,0
20160111,34.51,34.57,33.69,34.08,852949,0
20160112,34.35,34.55,33.86,34.27,780966,0
20160113,34.39,34.51,33.32,33.38,1228521,0
20160114,33.50,33.77,33.11,33.57,1482437,0
20160115,32.73,33.10,32.61,32.98,1260300,0
20160119,33.47,33.53,32.61,32.96,1068523,0
20160120,32.44,33.10,31.67,32.80,1489179,0
20160121,32.97,33.57,32.65,33.23,1444163,0
20160122,33.79,34.12,33.47,34.03,827544,0
20160125,33.91,33.99,33.51,33.74,1133922,0
20160126,33.99,34.67,33.79,34.55,1841178,0
20160127,34.54,35.86,34.38,34.89,1987584,0
20160128,35.23,35.36,34.74,34.95,1523839,0
20160129,35.14,35.95,35.05,35.95,1827038,0
20160201,35.64,35.93,35.11,35.62,1269192,0
20160202,35.08,35.14,34.57,34.86,1256136,0
20160203,35.30,35.85,34.71,35.67,1946530,0
20160204,36.06,38.08,35.47,37.08,3974592,0
20160205,37.06,37.46,36.25,36.66,2398945,0
20160208,36.22,36.49,35.77,36.22,2206423,0
20160209,35.97,37.04,35.78,36.71,2051037,0
20160210,36.84,37.07,36.39,36.43,1574016,0
20160211,35.90,36.47,35.44,36.21,1750340,0
20160212,36.66,37.20,36.47,37.04,1581104,0
20160216,37.38,37.49,36.69,37.00,2144301,0
20160217,37.33,37.85,37.06,37.66,2219229,0
20160218,37.74,37.89,37.26,37.53,1377056,0
20160219,37.29,37.29,36.42,37.03,5043272,0
20160222,37.46,37.87,37.37,37.64,1500370,0
20160223,37.51,37.74,37.23,37.32,1144013,0
20160224,37.00,37.50,36.83,37.47,1360415,0
20160225,37.57,37.63,37.31,37.56,1504063,0
20160226,37.73,37.85,37.54,37.72,1830183,0
20160229,37.77,37.86,37.41,37.41,1226932,0
20160301,37.71,38.04,37.45,37.94,1431246,0
20160302,37.79,38.04,37.59,38.03,1859272,0
20160303,38.04,38.17,37.86,38.17,1168506,0
20160304,38.07,38.33,37.99,38.22,1495133,0
20160307,38.09,38.55,38.09,38.55,1345709,0
20160308,38.34,38.53,37.84,37.91,1112828,0
20160309,38.08,38.21,37.88,38.15,1458398,0
20160310,38.01,38.28,37.58,37.92,1031547,0
20160311,38.20,38.48,38.00,38.45,1691554,0
20160314,38.21,38.45,38.06,38.07,1199338,0
20160315,37.71,38.24,37.58,38.14,1307823,0
20160316,37.96,38.80,37.69,38.63,1391880,0
20160317,38.74,39.21,38.66,39.01,1452263,0
20160318,38.99,39.65,38.97,39.47,2879251,0
20160321,39.06,39.46,38.95,39.42,1351781,0
20160322,39.16,39.58,39.10,39.40,914167,0
20160323,39.21,39.53,38.93,39.37,1255291,0
20160324,39.04,39.82,39.01,39.82,1786494,0
20160328,39.82,39.98,39.66,39.90,980113,0
20160329,39.92,40.66,39.86,40.64,1451760,0
20160330,41.00,41.21,40.72,41.04,1385027,0
20160331,41.01,41.06,40.62,40.90,1696682,0
20160401,40.64,41.33,40.47,41.25,1295091,0
20160404,41.11,41.16,40.61,40.78,1231650,0
20160405,41.21,41.46,40.68,41.01,1412618,0
20160406,41.04,41.20,40.54,41.19,1193597,0
20160407,40.99,41.00,40.60,40.89,1133784,0
20160408,41.29,41.52,41.00,41.22,918154,0
20160411,41.12,41.49,40.76,41.23,1415088,0
20160412,41.37,41.93,41.31,41.65,1253526,0
20160413,41.75,41.90,41.54,41.84,1101204,0
20160414,42.02,42.24,41.73,41.99,1125378,0
20160415,41.99,42.30,41.70,42.28,1217303,0
20160418,42.25,42.65,42.03,42.61,1334488,0
20160419,42.75,42.96,42.56,42.71,880712,0
20160420,42.71,42.81,42.16,42.17,1036337,0
20160421,42.17,42.22,41.72,41.84,1408026,0
20160422,41.96,42.49,41.83,42.46,1894165,0
20160425,42.29,42.51,42.02,42.21,1100600,0
20160426,42.47,43.04,42.42,42.86,1943621,0
20160427,42.84,43.02,42.55,42.90,1081844,0
20160428,42.58,42.73,42.02,42.17,1135086,0
20160429,42.16,42.16,41.65,41.78,1795354,0
20160502,41.85,42.48,41.82,42.25,1727740,0
20160503,41.92,42.27,41.11,41.88,1773471,0
20160504,41.76,41.76,40.95,41.25,1426398,0
20160505,41.60,41.77,41.25,41.53,1660758,0
20160506,41.43,41.94,41.25,41.89,1122398,0
20160509,41.83,41.83,41.51,41.60,545084,0
20160510,41.71,42.54,41.67,42.53,1238606,0
20160511,42.56,42.99,42.53,42.88,1436036,0
20160512,43.00,43.28,42.67,43.24,1144439,0
20160513,43.23,43.41,42.89,43.15,1417201,0
20160516,43.25,43.69,43.22,43.43,1050203,0
20160517,43.33,43.87,43.22,43.48,1679797,0
20160518,43.29,43.66,43.02,43.26,1440999,0
20160519,42.90,43.13,42.71,43.07,899838,0
20160520,43.35,43.77,43.19,43.51,1695327,0
20160523,43.35,43.58,43.07,43.50,713449,0
20160524,43.62,44.50,43.51,44.46,1351286,0
20160525,44.75,44.86,44.48,44.72,1340353,0
20160526,44.82,45.00,44.57,44.74,762752,0
20160527,44.74,44.85,44.47,44.57,1141740,0
20160531,44.70,44.80,44.40,44.66,1256434,0
20160601,44.32,44.82,44.21,44.82,995864,0
20160602,44.72,45.21,44.68,45.21,1007072,0
20160603,45.21,45.54,44.97,45.48,1278447,0
20160606,45.57,45.79,45.38,45.69,1002234,0
20160607,45.70,46.08,45.64,45.98,719121,0
20160608,46.10,46.59,46.05,46.46,1241577,0
20160609,46.15,46.45,45.15,46.30,1243716,0
20160610,46.04,46.12,45.81,45.92,861035,0
20160613,45.71,45.88,45.51,45.67,1375326,0
20160614,45.50,45.71,45.40,45.65,1322728,0
20160615,45.81,45.97,45.55,45.59,1260448,0
20160616,45.45,45.50,44.97,45.37,1679776,0
20160617,45.46,45.80,45.36,45.53,1734299,0
20160620,46.10,46.67,45.95,46.10,1183419,0
20160621,46.13,46.31,45.93,45.99,854463,0
20160622,46.12,46.23,45.89,45.91,899205,0
20160623,46.39,46.48,46.14,46.35,624908,0
20160624,44.55,45.31,44.13,44.14,2883388,0
20160627,43.69,43.81,42.52,42.72,1680814,0
20160628,43.21,43.34,42.82,43.06,1596888,0
20160629,43.56,43.72,43.41,43.65,1085098,0
20160630,43.82,44.69,43.81,44.65,1755240,0
20160701,44.66,44.89,44.57,44.87,1199110,0
20160705,44.79,44.94,44.59,44.84,1519299,0
20160706,44.75,45.58,44.44,45.58,1486988,0
20160707,45.71,45.85,45.28,45.63,1499375,0
20160708,46.00,46.50,45.93,46.41,1109063,0
20160711,46.72,47.14,46.72,46.99,1176498,0
20160712,47.29,47.83,47.10,47.12,1251719,0
20160713,47.14,47.65,46.90,47.02,928758,0
20160714,47.42,47.53,46.83,46.83,1204006,0
20160715,46.99,47.07,46.85,47.05,1051535,0
20160718,47.07,47.27,46.85,46.99,597800,0
20160719,46.96,47.26,46.82,47.18,985528,0
20160720,47.07,47.37,46.92,47.20,641039,0
20160721,47.18,47.31,46.56,46.74,686116,0
20160722,46.71,47.07,46.62,46.96,763091,0
20160725,46.89,46.98,46.61,46.85,459224,0
20160726,46.94,47.80,46.86,47.78,1081303,0
20160727,47.77,48.02,47.54,47.78,542076,0
20160728,47.71,48.06,47.60,47.89,630720,0
20160729,47.72,47.96,47.47,47.81,681688,0
20160801,47.92,47.94,47.51,47.81,1250333,0
20160802,46.88,46.88,45.73,46.41,1926817,0
20160803,46.40,46.40,45.98,46.23,996350,0
20160804,46.26,47.30,46.26,46.92,891322,0
20160805,47.04,47.35,46.97,47.35,619688,0
20160808,47.31,47.67,47.05,47.49,699285,0
20160809,47.60,47.97,47.38,47.93,628916,0
20160810,47.94,48.02,47.75,47.89,647002,0
20160811,48.00,48.81,48.00,48.54,886332,0
20160812,48.48,48.69,48.22,48.45,1224224,0
20160815,49.20,50.51,49.20,50.32,1818499,0
20160816,50.30,50.48,49.87,50.20,1950541,0
20160817,50.00,50.47,49.56,50.34,901347,0
20160818,50.38,50.51,50.22,50.44,794576,0
20160819,50.35,50.88,50.12,50.80,989388,0
20160822,51.35,51.79,50.89,51.05,1655100,0
20160823,51.13,51.36,50.87,50.90,1128589,0
20160824,50.80,50.95,50.60,50.66,656340,0
20160825,50.59,50.63,50.41,50.58,706476,0
20160826,50.81,51.23,50.45,50.67,664086,0
20160829,50.89,51.18,50.69,50.98,1000512,0
20160830,51.06,51.12,50.89,50.97,736031,0
20160831,50.95,51.07,50.64,50.86,858955,0
20160901,50.77,51.08,50.05,50.41,1137958,0
20160902,50.76,51.22,50.53,50.92,934622,0
20160906,51.09,51.48,50.55,50.97,792084,0
20160907,50.77,51.05,50.65,50.94,1231932,0
20160908,50.95,51.23,50.83,51.05,703878,0
20160909,50.57,50.57,48.65,48.65,1447824,0
20160912,48.29,49.86,48.00,49.81,1980323,0
20160913,49.37,49.98,49.21,49.48,1634594,0
20160914,49.46,49.89,49.17,49.49,1074057,0
20160915,49.54,50.47,49.46,50.26,778197,0
20160916,50.09,50.09,49.64,49.96,1305546,0
20160919,50.26,50.76,50.16,50.53,707519,0
20160920,50.85,50.99,50.60,50.74,724244,0
20160921,51.00,51.85,50.97,51.81,1007151,0
20160922,52.19,52.68,51.96,52.62,1042892,0
20160923,52.61,52.61,51.49,51.55,1002535,0
20160926,51.22,51.66,50.94,51.49,1463782,0
20160927,51.33,52.13,50.87,52.10,1179492,0
20160928,52.31,52.59,51.93,52.21,1213305,0
20160929,51.93,52.36,51.64,51.82,1200471,0
20160930,52.00,52.71,51.91,52.45,1070115,0
20161003,52.11,52.80,51.82,52.47,884613,0
20161004,53.25,53.25,51.99,52.26,1232370,0
20161005,52.54,52.80,51.93,51.95,1063162,0
20161006,51.87,51.93,51.22,51.83,993717,0
20161007,51.83,51.83,50.57,50.76,1442606,0
20161010,51.12,51.20,50.30,50.38,1039452,0
20161011,50.35,50.37,49.43,49.70,1023250,0
20161012,49.84,50.31,49.67,50.11,1193657,0
20161013,49.63,49.89,49.15,49.66,1289862,0
20161014,49.99,50.15,49.46,49.47,931860,0
20161017,49.58,49.72,49.15,49.20,1269347,0
20161018,49.73,49.85,48.83,49.15,1541455,0
20161019,49.33,49.58,49.10,49.47,806610,0
20161020,49.17,49.42,48.87,48.92,1152387,0
20161021,48.52,48.88,48.34,48.84,1633856,0
20161024,49.09,49.22,48.55,48.64,1093642,0
20161025,48.58,48.64,47.97,48.03,1176467,0
20161026,47.86,48.59,47.69,48.39,1182507,0
20161027,48.57,48.57,47.83,48.03,1182873,0
20161028,48.04,49.28,48.04,48.61,1443196,0
20161031,48.74,48.85,48.29,48.33,1967135,0
20161101,46.83,47.36,45.60,47.19,2936579,0
20161102,47.57,48.08,46.90,46.96,1890113,0
20161103,47.12,47.55,46.81,47.24,1385459,0
20161104,47.27,47.89,47.06,47.40,1383470,0
20161107,48.15,48.60,47.75,48.56,1342168,0
20161108,48.49,49.50,48.45,49.24,1738814,0
20161109,48.73,51.01,48.71,50.66,1953964,0
20161110,51.10,52.86,51.08,52.74,2260394,0
20161111,52.56,53.13,52.20,52.75,1333033,0
20161114,52.97,53.28,52.30,53.24,1418677,0
20161115,53.06,54.79,52.65,54.75,2630428,0
20161116,54.50,54.89,53.82,54.35,1966722,0
20161117,54.73,54.99,53.99,54.01,1454406,0
20161118,53.89,53.96,53.09,53.29,1517031,0
20161121,53.53,53.70,53.06,53.46,895738,0
20161122,53.49,53.64,52.92,52.92,1541035,0
20161123,53.00,53.02,52.68,52.86,1926023,0
20161125,52.95,52.97,52.59,52.92,1023379,0
20161128,52.37,52.69,51.60,51.64,1901528,0
20161129,51.49,51.84,50.78,51.34,1634227,0
20161130,51.87,52.05,51.20,51.58,1520835,0
20161201,51.90,52.05,51.49,51.81,1734067,0
20161202,51.90,51.99,51.45,51.80,913272,0
20161205,52.11,52.22,51.62,51.72,1212208,0
20161206,51.77,52.18,51.60,52.17,1474024,0
20161207,52.20,52.40,51.46,52.06,1982022,0
20161208,52.13,52.29,51.40,51.89,1317553,0
20161209,51.85,51.85,51.12,51.48,814093,0
20161212,51.41,51.53,50.91,50.99,1063288,0
20161213,51.06,51.23,50.50,50.99,969004,0
20161214,50.94,51.48,50.41,50.57,1095478,0
20161215,50.40,51.02,50.09,50.14,1516977,0
20161216,50.16,50.79,49.92,50.10,2503929,0
20161219,50.09,50.81,49.88,50.76,1081113,0
20161220,50.87,51.06,50.55,50.92,954109,0
20161221,50.85,51.14,50.66,50.83,1018344,0
20161222,51.00,51.23,50.81,51.13,1003106,0
20161223,51.08,51.18,50.84,51.01,539530,0
20161227,51.00,51.22,50.67,50.86,466749,0
20161228,50.98,51.15,49.91,49.94,740084,0
20161229,50.03,50.22,49.68,49.77,626377,0
20161230,49.98,50.00,49.36,49.52,646428,0
20170103,49.95,50.25,49.21,49.65,1596877,0
20170104,49.71,50.45,49.71,50.39,1703035,0
20170105,50.18,50.50,49.68,49.93,1845990,0
20170106,50.01,50.13,49.56,49.58,1561643,0
20170109,49.55,49.60,49.16,49.37,1090516,0
20170110,49.31,49.51,49.07,49.14,1642488,0
20170111,49.25,49.50,49.01,49.40,1974591,0
20170112,49.26,49.37,47.97,48.30,1784568,0
20170113,48.17,49.15,48.07,48.76,2811321,0
20170117,48.70,48.70,47.92,48.20,1228913,0
20170118,48.27,48.66,48.11,48.43,1438906,0
20170119,48.67,49.22,48.67,49.05,1966411,0
20170120,49.20,49.38,48.87,49.06,867657,0
20170123,49.02,49.11,48.28,48.50,660264,0
20170124,48.65,49.27,48.59,49.07,2637935,0
20170125,49.40,50.55,49.39,50.15,2139386,0
20170126,50.11,50.51,49.83,50.09,1067441,0
20170127,50.29,50.66,49.94,50.05,1321902,0
20170130,49.87,49.99,49.09,49.50,1114832,0
20170131,49.21,49.37,48.50,49.31,1421747,0
20170201,49.05,49.66,48.45,49.15,2180342,0
20170202,49.15,50.16,48.52,48.80,2547345,0
20170203,49.37,49.55,48.82,49.25,2139034,0
20170206,49.05,49.05,46.67,47.18,3267733,0
20170207,47.27,47.84,46.78,47.22,1841515,0
20170208,47.16,47.22,46.86,47.00,1608642,0
20170209,47.02,47.75,46.86,47.62,1606081,0
20170210,47.81,48.28,47.48,47.88,1409875,0
20170213,48.15,48.47,47.76,48.28,1606068,0
20170214,48.02,48.22,47.32,47.65,1747781,0
20170215,47.52,47.94,47.37,47.67,1303240,0
20170216,47.70,47.93,47.46,47.75,1182971,0
20170217,47.55,47.81,47.17,47.80,2819403,0
20170221,47.82,48.47,47.55,48.33,1450547,0
20170222,47.59,48.31,47.59,48.25,2005150,0
20170223,48.63,48.85,47.19,47.52,1227124,0
20170224,46.95,48.13,46.95,47.90,1744418,0
20170227,47.81,48.96,47.81,48.95,2046271,0
20170228,48.76,49.08,48.10,48.12,1711696,0
20170301,48.70,49.70,48.65,49.55,1657065,0
20170302,49.50,49.55,48.76,48.89,1856458,0
20170303,48.91,49.12,48.55,48.73,1658874,0
20170306,48.29,48.89,48.26,48.53,1300684,0
20170307,48.45,49.01,48.32,48.78,1614867,0
20170308,48.71,48.91,47.50,47.55,2220914,0
20170309,47.48,48.10,47.37,47.67,1026261,0
20170310,48.13,48.47,47.75,48.26,1910982,0
20170313,48.27,48.72,48.26,48.52,1333841,0
20170314,48.30,48.43,47.73,48.05,920017,0
20170315,48.32,48.90,48.27,48.56,1532192,0
20170316,48.72,48.87,48.19,48.75,1187326,0
20170317,48.88,49.30,48.64,49.16,1855921,0
20170320,49.25,49.27,48.80,48.83,951807,0
20170321,49.03,49.21,47.95,48.06,1611411,0
20170322,48.16,49.37,47.92,49.28,1719773,0
20170323,49.30,49.39,48.70,48.89,1142235,0
20170324,49.14,49.61,48.97,49.22,1336237,0
20170327,48.48,49.26,48.13,49.10,878893,0
20170328,49.00,49.95,48.77,49.67,995152,0
20170329,49.55,49.79,49.29,49.39,1047188,0
20170330,49.43,50.11,49.18,49.90,969373,0
20170331,49.79,50.50,49.77,50.22,1230084,0
20170403,50.22,50.33,49.17,49.45,2097617,0
20170404,50.01,50.86,50.00,50.37,2379805,0
20170405,50.73,51.33,50.36,50.43,2417570,0
20170406,50.53,51.40,50.37,50.92,1288430,0
20170407,50.88,51.25,50.68,50.83,1355726,0
20170410,50.80,51.25,50.40,50.74,1099277,0
20170411,50.65,50.78,50.28,50.67,980679,0
20170412,50.57,50.70,49.28,49.38,2105124,0
20170413,49.27,49.56,48.81,48.88,1039818,0
20170417,49.11,49.49,48.86,49.46,790127,0
20170418,49.15,49.57,48.97,49.13,1116413,0
20170419,49.41,49.49,49.05,49.33,1292562,0
20170420,49.66,50.37,49.57,50.22,1191292,0
20170421,50.28,50.77,50.00,50.65,1500467,0
20170424,51.64,51.69,51.09,51.47,1796463,0
20170425,51.73,52.03,51.30,51.81,1366850,0
20170426,51.76,51.98,51.45,51.45,1197445,0
20170427,51.54,51.77,51.35,51.62,755091,0
20170428,51.66,51.79,51.25,51.41,1225286,0
20170501,51.46,51.46,51.00,51.32,1140178,0
20170502,51.78,52.44,50.28,50.41,2206234,0
20170503,50.34,50.51,49.71,49.96,1265481,0
20170504,50.04,51.60,49.81,51.52,2264314,0
20170505,51.73,52.37,51.62,52.30,1235745,0
20170508,52.17,52.77,52.11,52.20,1436608,0
20170509,52.15,52.43,51.60,51.85,1188238,0
20170510,51.79,51.99,50.87,51.04,1054082,0
20170511,50.82,50.97,50.12,50.88,928969,0
20170512,50.86,51.20,50.56,50.98,982854,0
20170515,51.76,52.79,51.76,52.29,1637803,0
20170516,52.33,52.80,51.37,51.77,1109409,0
20170517,51.17,51.81,51.11,51.55,1073364,0
20170518,51.47,51.75,51.03,51.48,969109,0
20170519,51.75,52.34,51.54,52.01,711435,0
20170522,52.16,52.56,52.06,52.27,961444,0
20170523,52.15,52.94,51.87,52.80,1291138,0
20170524,52.69,52.97,52.29,52.61,676285,0
20170525,52.70,52.87,51.89,52.13,1972288,0
20170526,52.03,52.19,51.35,51.41,1000766,0
20170530,51.40,52.00,51.29,51.79,802046,0
20170531,51.85,52.40,51.64,52.14,1600525,0
20170601,52.44,52.95,52.16,52.44,1467017,0
20170602,52.22,53.17,52.20,53.00,929931,0
20170605,53.00,53.50,52.89,53.20,1119168,0
20170606,52.94,53.24,52.54,52.69,882135,0
20170607,52.83,53.63,52.71,53.46,2016938,0
20170608,53.40,53.60,52.86,53.58,1929503,0
20170609,53.65,54.02,53.61,53.97,1149977,0
20170612,54.00,54.09,53.61,54.02,1064998,0
20170613,53.96,54.10,53.40,53.79,996400,0
20170614,53.73,53.89,53.33,53.66,1068003,0
20170615,53.43,53.96,53.23,53.96,824980,0
20170616,54.01,54.29,53.63,54.05,1607084,0
20170619,54.25,54.39,53.81,54.17,605321,0
20170620,53.99,54.24,53.69,53.88,705541,0
20170621,53.95,54.09,53.28,53.54,1027638,0
20170622,53.55,53.99,53.30,53.85,1012743,0
20170623,53.83,54.53,53.78,54.33,1151563,0
20170626,54.39,54.84,54.16,54.68,2000997,0
20170627,54.68,54.82,54.34,54.50,1235301,0
20170628,54.75,55.03,54.35,54.97,1321090,0
20170629,55.02,55.45,54.54,54.90,2108740,0
20170630,54.97,55.68,54.90,55.43,1814298,0
20170703,55.77,55.88,55.16,55.45,619802,0
20170705,55.41,55.59,54.52,54.94,2073518,0
20170706,54.89,55.07,54.32,54.38,2193564,0
20170707,54.56,55.16,54.34,54.95,1347513,0
20170710,54.78,55.07,54.52,54.61,2410555,0
20170711,54.59,54.66,54.08,54.34,898466,0
20170712,54.83,55.64,54.81,55.32,1249587,0
20170713,55.51,55.89,55.20,55.84,1226642,0
20170714,55.87,56.18,55.80,56.10,935536,0
20170717,55.95,56.93,55.90,56.72,1165246,0
20170718,56.57,56.62,56.18,56.42,954537,0
20170719,56.57,57.09,56.51,57.07,704679,0
20170720,57.08,57.10,56.68,56.93,756341,0
20170721,56.79,57.66,56.65,57.62,1169823,0
20170724,57.47,57.85,57.21,57.72,1094536,0
20170725,58.22,58.23,57.19,57.21,1203899,0
20170726,57.31,57.51,56.89,56.89,773243,0
20170727,56.88,57.13,56.33,56.87,1304618,0
20170728,56.75,57.13,56.58,56.93,1099838,0
20170731,57.05,57.31,56.55,56.73,2200034,0
20170801,57.62,59.77,57.62,59.30,2588823,0
20170802,59.46,60.71,59.37,59.92,1351919,0
20170803,59.77,59.80,59.14,59.56,1090836,0
20170804,59.87,60.14,59.35,60.02,1361834,0
20170807,59.93,60.14,59.66,60.04,870307,0
20170808,59.74,60.25,59.66,59.84,908624,0
20170809,59.83,60.32,59.63,59.71,1133951,0
20170810,59.62,59.87,58.89,58.98,598279,0
20170811,58.78,59.36,58.58,59.12,506147,0
20170814,59.57,60.28,59.39,59.88,720765,0
20170815,59.85,60.33,59.71,59.86,706675,0
20170816,59.88,60.03,59.81,59.93,420643,0
20170817,59.72,59.95,58.93,58.95,613676,0
20170818,58.70,59.33,58.62,59.03,630930,0
20170821,58.96,59.37,58.87,59.31,498663,0
20170822,59.35,59.98,59.29,59.96,514405,0
20170823,59.63,60.15,59.53,59.99,838801,0
20170824,59.99,60.21,59.96,60.10,790302,0
20170825,60.38,60.73,60.27,60.48,555727,0
20170828,60.76,61.39,60.70,61.16,941682,0
20170829,60.68,61.22,60.44,61.11,712462,0
20170830,61.05,61.59,61.00,61.55,676033,0
20170831,61.85,62.15,61.50,62.07,814462,0
20170901,62.18,62.41,61.88,61.97,572370,0
20170905,61.90,62.49,61.62,61.90,927408,0
20170906,62.13,62.34,61.54,62.02,721428,0
20170907,62.06,62.59,61.91,62.48,608455,0
20170908,62.37,63.15,62.34,62.78,723288,0
20170911,63.07,63.44,62.65,62.97,981045,0
20170912,63.09,63.42,62.71,62.93,644226,0
20170913,62.84,63.04,62.49,63.01,614620,0
20170914,62.65,63.12,62.51,63.01,754435,0
20170915,62.94,63.56,62.81,63.30,1276972,0
20170918,63.44,63.76,63.37,63.66,669621,0
20170919,63.79,64.49,63.66,63.83,725841,0
20170920,63.79,64.08,63.59,64.04,715678,0
20170921,64.10,64.38,63.91,63.93,794126,0
20170922,64.01,64.80,63.95,64.75,776095,0
20170925,64.63,64.80,64.25,64.46,765652,0
20170926,64.56,64.70,63.27,63.34,1570793,0
20170927,63.45,63.56,62.84,63.00,1528357,0
20170928,62.91,63.04,62.24,62.45,1348101,0
20170929,62.38,62.81,62.19,62.63,1030567,0
20171002,62.82,63.34,62.64,63.32,937741,0
20171003,63.39,63.93,62.87,63.93,1170814,0
20171004,63.99,64.66,63.73,64.52,1024555,0
20171005,64.58,64.61,64.00,64.47,758168,0
20171006,64.33,64.65,64.16,64.56,806123,0
20171009,64.63,64.86,64.41,64.65,520416,0
20171010,64.84,64.93,64.41,64.63,328773,0
20171011,64.61,64.75,64.20,64.31,511512,0
20171012,64.21,64.89,64.05,64.88,801543,0
20171013,65.10,65.42,64.62,64.71,536633,0
20171016,65.07,66.28,64.89,65.96,1340684,0
20171017,65.43,65.70,62.24,63.23,3082457,0
20171018,63.35,63.80,63.02,63.68,1081144,0
20171019,63.54,63.93,63.14,63.89,578558,0
20171020,64.29,64.38,64.02,64.23,748846,0
20171023,64.12,64.61,63.43,63.68,852795,0
20171024,64.13,64.90,63.81,64.83,1008117,0
20171025,64.83,64.88,64.13,64.53,794325,0
20171026,64.80,65.10,64.46,64.81,1045383,0
20171027,64.94,64.94,64.33,64.86,654657,0
20171030,64.70,65.06,64.41,64.64,776501,0
20171031,65.01,67.64,64.80,66.53,1874409,0
20171101,67.02,67.48,65.98,66.15,752330,0
20171102,66.27,67.09,65.41,67.06,1190332,0
20171103,66.98,67.04,66.46,66.57,559123,0
20171106,66.66,67.20,66.00,66.54,628762,0
20171107,66.59,66.82,66.16,66.61,486260,0
20171108,66.61,67.03,66.29,66.55,472970,0
20171109,66.12,66.48,65.68,66.28,370541,0
20171110,66.28,66.46,65.81,66.25,502321,0
20171113,66.11,66.37,65.89,66.03,471714,0
20171114,65.91,66.43,65.91,66.34,563534,0
20171115,65.96,66.18,65.69,65.90,482014,0
20171116,65.90,66.74,65.74,66.48,460225,0
20171117,66.17,66.65,65.68,66.42,554259,0
20171120,66.50,67.01,66.20,66.99,320802,0
20171121,67.33,67.50,67.04,67.41,836609,0
20171122,67.41,67.90,67.02,67.35,401723,0
20171124,67.51,67.99,67.32,67.69,195240,0
20171127,67.48,67.80,67.41,67.64,469192,0
20171128,67.87,68.54,67.39,68.52,619160,0
20171129,68.60,68.79,67.99,68.20,791865,0
20171130,68.20,69.69,68.08,69.34,1355716,0
20171201,69.38,69.67,67.86,69.01,657778,0
20171204,69.50,69.88,68.66,68.77,815269,0
20171205,68.75,69.12,67.70,67.84,709365,0
20171206,67.84,68.25,67.40,67.98,1046957,0
20171207,67.93,68.78,67.64,68.38,717367,0
20171208,68.51,68.52,68.09,68.19,669534,0
20171211,68.38,68.40,67.13,67.28,713935,0
20171212,67.53,67.96,66.80,67.54,981059,0
20171213,67.66,68.02,67.31,67.49,948523,0
20171214,67.50,67.59,66.65,66.70,937036,0
20171215,67.25,68.00,67.21,67.57,1574827,0
20171218,68.04,68.44,67.60,67.90,1053721,0
20171219,68.19,68.29,67.69,67.86,730651,0
20171220,68.24,68.37,67.77,67.82,531846,0
20171221,68.21,68.63,67.63,67.75,635549,0
20171222,67.94,67.95,67.20,67.58,333353,0
20171226,67.68,67.75,67.40,67.50,218265,0
20171227,67.74,68.40,67.66,68.23,437283,0
20171228,68.21,68.33,67.77,68.25,438242,0
20171229,68.53,68.80,67.92,68.20,1030887,0
20180102,68.21,68.21,67.50,68.07,687689,0
20180103,67.99,68.91,67.97,68.90,651167,0
20180104,69.03,69.64,69.03,69.36,677493,0
20180105,69.50,69.54,69.04,69.23,616044,0
20180108,69.20,69.59,68.85,69.48,546779,0
20180109,69.56,69.87,69.38,69.50,642785,0
20180110,69.31,69.40,68.65,69.00,762534,0
20180111,68.82,69.98,68.60,69.97,867160,0
20180112,70.11,70.79,70.05,70.46,813341,0
20180116,70.88,71.49,70.12,70.54,892253,0
20180117,71.00,71.24,70.70,71.02,938458,0
20180118,70.84,71.28,70.74,71.11,977536,0
20180119,71.54,75.16,71.23,71.91,1182052,0
20180122,71.95,72.66,71.50,72.65,781319,0
20180123,72.50,72.77,72.19,72.61,736727,0
20180124,72.75,73.15,72.12,72.57,602320,0
20180125,72.92,73.55,72.36,73.24,661731,0
20180126,73.50,74.44,73.38,74.41,763111,0
20180129,74.07,74.48,73.23,73.41,757447,0
20180130,72.84,73.52,72.60,73.07,795678,0
20180131,73.26,73.99,72.09,72.26,1545090,0
20180201,72.50,75.68,72.50,74.84,1785508,0
20180202,74.95,76.81,74.65,75.66,2002882,0
20180205,75.22,76.17,72.61,72.66,2161884,0
20180206,71.65,71.85,69.69,71.33,2281330,0
20180207,71.27,72.86,71.12,71.79,1633367,0
20180208,71.74,72.15,70.21,70.24,1495019,0
