DATE, OPEN, HIGH, LOW, CLOSE, VOL, p
20130204,31.09,31.99,30.76,31.02,7695943,0
20130205,31.25,31.98,30.85,31.04,5014316,0
20130206,30.98,31.43,30.75,31.03,2126101,0
20130207,31.00,32.73,31.00,32.00,3800770,0
20130208,32.31,33.48,32.30,33.05,2599232,0
20130211,33.06,33.50,32.88,33.26,1487115,0
20130212,33.40,34.00,33.15,33.74,1637279,0
20130213,33.80,33.80,33.00,33.55,1269625,0
20130214,33.39,33.45,32.77,33.27,2954424,0
20130215,33.31,34.09,33.00,33.98,5415665,0
20130219,34.02,34.07,33.57,33.84,1206819,0
20130220,33.84,33.88,32.60,32.72,1843361,0
20130221,32.50,32.80,31.86,32.56,3242213,0
20130222,32.78,32.93,32.50,32.59,954407,0
20130225,32.68,32.69,32.00,32.07,818858,0
20130226,32.05,32.40,31.99,32.04,1048603,0
20130227,32.00,33.05,32.00,32.32,1343563,0
20130228,32.56,33.55,32.56,33.45,2991401,0
20130301,33.36,34.70,33.15,34.60,2333917,0
20130304,34.80,34.89,34.24,34.35,865348,0
20130305,34.41,34.48,33.75,34.29,1413387,0
20130306,34.34,34.38,33.85,33.85,802112,0
20130307,33.95,34.68,33.56,34.56,1319992,0
20130308,34.03,34.69,33.80,34.09,1541064,0
20130311,33.97,34.26,33.25,34.18,1729408,0
20130312,34.12,34.24,33.60,33.82,1557570,0
20130313,33.90,34.06,33.08,34.00,2240952,0
20130314,34.33,35.42,34.30,34.64,1865195,0
20130315,34.70,34.84,33.31,33.44,2692330,0
20130318,32.75,32.94,32.64,32.84,2371964,0
20130319,32.80,33.42,32.33,32.80,1336276,0
20130320,32.90,33.54,32.50,33.51,1944682,0
20130321,33.90,34.00,33.29,33.47,514497,0
20130322,33.55,33.75,32.74,33.12,763527,0
20130325,33.48,33.48,32.25,32.46,1324563,0
20130326,32.73,32.79,32.00,32.51,1396456,0
20130327,32.38,32.89,32.06,32.74,1896725,0
20130328,32.85,33.50,32.63,33.40,7435237,0
20130401,33.42,33.59,32.43,32.59,1466313,0
20130402,32.66,33.13,32.46,32.55,712189,0
20130403,32.67,32.98,32.36,32.53,1409612,0
20130404,32.41,32.50,31.71,31.84,1946314,0
20130405,31.73,32.07,30.57,31.96,3963480,0
20130408,31.95,32.98,31.77,32.92,1965108,0
20130409,33.05,33.59,32.56,33.44,2006864,0
20130410,33.76,33.76,32.98,33.15,969452,0
20130411,33.22,33.24,32.87,33.16,1826538,0
20130412,32.97,33.35,32.60,33.23,723441,0
20130415,33.07,33.23,32.17,32.24,839485,0
20130416,32.36,33.37,32.29,33.21,2271324,0
20130417,32.98,33.23,32.17,32.89,3140912,0
20130418,33.10,33.10,32.38,32.47,799890,0
20130419,32.71,32.79,31.81,32.71,2159266,0
20130422,32.90,32.90,32.22,32.66,922060,0
20130423,32.78,32.96,31.50,31.70,2736343,0
20130424,31.63,31.69,30.42,30.62,4149243,0
20130425,30.93,31.99,30.75,31.55,1520556,0
20130426,31.61,32.68,31.61,32.64,1421827,0
20130429,32.95,32.95,32.17,32.66,1711593,0
20130430,33.68,34.74,32.93,33.02,3390321,0
20130501,32.97,33.51,32.66,33.39,1394436,0
20130502,33.38,33.87,33.11,33.28,696250,0
20130503,33.62,33.64,33.00,33.21,998866,0
20130506,33.35,33.49,32.75,32.94,503640,0
20130507,33.08,33.08,32.29,32.88,700677,0
20130508,33.00,33.44,32.72,33.26,1034104,0
20130509,33.31,33.67,33.28,33.55,977130,0
20130510,33.54,33.61,32.97,33.18,534009,0
20130513,33.06,33.49,32.75,33.04,438632,0
20130514,33.13,33.75,32.85,33.08,872233,0
20130515,32.94,33.06,32.56,32.79,563406,0
20130516,33.48,33.80,33.16,33.39,1279483,0
20130517,33.35,33.90,33.19,33.90,962449,0
20130520,33.90,34.00,33.60,33.71,735671,0
20130521,33.57,33.74,32.99,33.04,1692350,0
20130522,32.55,33.99,31.75,33.55,26011096,0
20130523,33.25,33.80,32.71,32.84,9008453,0
20130524,33.20,33.62,32.53,33.46,5911577,0
20130528,33.80,34.28,33.59,34.26,4960455,0
20130529,34.25,34.25,32.88,32.95,3095633,0
20130530,32.77,33.10,32.10,32.24,3934038,0
20130531,32.30,32.34,31.80,32.00,6512338,0
20130603,32.01,32.84,31.31,32.75,3398831,0
20130604,32.83,32.99,31.84,32.40,4484285,0
20130605,32.42,32.42,31.75,32.17,3521856,0
20130606,32.17,32.31,31.54,32.08,2919005,0
20130607,32.26,32.33,31.21,31.50,5134189,0
20130610,31.83,32.11,31.47,32.01,4992132,0
20130611,31.70,32.02,31.40,31.70,6367498,0
20130612,31.95,32.03,31.40,31.53,7648422,0
20130613,31.47,31.55,30.87,31.17,5853198,0
20130614,31.00,31.26,30.61,30.80,10665378,0
20130617,31.40,31.76,30.71,30.96,26785572,0
20130618,31.33,31.39,30.95,31.18,24286257,0
20130619,31.06,31.24,30.82,31.00,23483382,0
20130620,30.89,31.04,30.05,30.19,14938683,0
20130621,30.55,31.09,30.34,30.60,33694457,0
20130624,30.15,30.50,29.40,30.38,40765925,0
20130625,30.80,31.62,30.50,31.49,13511685,0
20130626,31.80,31.90,30.92,30.97,23788098,0
20130627,31.46,31.51,30.79,30.87,16734836,0
20130628,30.90,31.39,30.54,30.89,19419177,0
20130701,31.02,31.06,30.13,30.61,17601074,0
20130702,30.22,30.83,29.62,29.70,11160918,0
20130703,29.67,29.74,28.97,29.28,12931571,0
20130705,29.81,30.18,29.78,30.17,10820723,0
20130708,30.45,30.97,30.22,30.94,15682364,0
20130709,31.12,31.40,30.94,30.98,8713674,0
20130710,31.08,31.24,30.47,31.04,6506188,0
20130711,31.43,31.45,30.84,30.92,4488711,0
20130712,31.02,31.38,31.01,31.35,5431095,0
20130715,31.31,31.65,31.10,31.58,4202558,0
20130716,31.56,31.65,31.10,31.16,4301147,0
20130717,31.23,31.23,30.85,30.99,3546553,0
20130718,31.11,31.20,30.77,30.82,4058764,0
20130719,30.79,30.80,30.12,30.24,8948546,0
20130722,30.36,30.59,30.16,30.28,4255736,0
20130723,30.41,30.44,29.76,30.06,5091944,0
20130724,30.13,30.55,29.66,29.90,4890004,0
20130725,29.88,30.55,29.71,30.52,5474030,0
20130726,30.40,30.53,30.00,30.43,5051867,0
20130729,30.27,30.54,29.98,30.09,4123553,0
20130730,30.15,30.32,29.89,30.04,4630067,0
20130731,30.00,30.19,29.80,29.81,5382355,0
20130801,29.97,30.21,29.46,30.16,8108412,0
20130802,30.12,30.96,29.91,30.94,5187489,0
20130805,30.47,31.39,30.47,31.25,7283523,0
20130806,31.68,32.50,31.09,31.13,12471427,0
20130807,31.10,31.40,30.65,31.24,5921384,0
20130808,31.40,31.83,31.18,31.24,7161858,0
20130809,31.14,31.24,30.78,30.91,2784105,0
20130812,30.68,30.99,30.04,30.33,5793669,0
20130813,30.50,30.75,30.20,30.45,3116215,0
20130814,30.50,30.63,30.08,30.14,3858235,0
20130815,29.94,30.16,29.79,30.02,5818910,0
20130816,29.94,30.20,29.75,30.00,3678834,0
20130819,29.91,30.30,29.84,29.87,2487689,0
20130820,29.86,30.41,29.71,30.23,3804100,0
20130821,30.07,30.19,29.60,29.85,3531428,0
20130822,29.83,30.01,29.57,29.87,3030848,0
20130823,29.88,30.23,29.64,30.20,2536299,0
20130826,30.16,30.16,29.65,29.80,7179862,0
20130827,29.53,29.67,29.00,29.20,8106184,0
20130828,29.07,29.83,28.81,29.57,7067390,0
20130829,29.43,29.61,29.22,29.47,1590580,0
20130830,29.45,29.50,29.04,29.15,2296295,0
20130903,29.46,29.77,29.19,29.43,2052149,0
20130904,29.45,29.71,29.35,29.69,3187757,0
20130905,29.72,30.49,29.66,30.33,5688117,0
20130906,30.45,30.95,29.97,30.61,5245917,0
20130909,30.64,31.00,30.35,30.59,2723837,0
20130910,31.33,31.82,30.86,30.95,5024358,0
20130911,31.36,31.46,30.89,31.33,6367914,0
20130912,31.36,31.39,30.82,31.08,2881462,0
20130913,31.07,31.30,30.91,31.05,3087304,0
20130916,31.44,32.18,31.39,31.85,7070796,0
20130917,32.01,32.51,31.98,32.38,4616280,0
20130918,32.28,32.73,31.96,32.72,3913180,0
20130919,32.80,32.90,32.15,32.51,4128746,0
20130920,32.68,32.75,31.87,32.19,11396912,0
20130923,32.19,32.19,31.35,31.58,3322080,0
20130924,31.62,31.67,31.21,31.48,2214403,0
20130925,31.48,31.59,31.03,31.06,3165797,0
20130926,31.22,31.64,31.20,31.58,2289127,0
20130927,31.56,31.60,31.05,31.15,2391036,0
20130930,31.10,31.32,30.93,31.12,2890360,0
20131001,31.12,32.04,31.01,31.78,3263593,0
20131002,31.67,32.13,31.43,32.00,3071508,0
20131003,31.79,31.82,31.34,31.48,2520456,0
20131004,32.29,32.56,31.64,32.05,5795504,0
20131007,31.70,32.38,31.59,31.93,4420227,0
20131008,31.86,32.09,31.46,31.53,4152484,0
20131009,31.73,31.73,31.08,31.43,3379940,0
20131010,31.78,32.36,31.47,32.36,4397614,0
20131011,32.44,32.77,32.03,32.40,6164770,0
20131014,32.03,32.46,31.86,32.29,2527757,0
20131015,32.22,32.42,32.00,32.07,2326575,0
20131016,32.26,32.97,32.26,32.89,3634817,0
20131017,32.83,33.19,32.77,33.03,2891468,0
20131018,33.16,33.30,32.85,33.22,3979447,0
20131021,33.16,33.34,32.62,32.77,2678231,0
20131022,32.92,33.00,32.26,32.51,3084570,0
20131023,32.48,32.90,32.48,32.60,2817761,0
20131024,32.75,32.89,32.50,32.74,2351477,0
20131025,32.80,32.80,32.35,32.47,1489764,0
20131028,32.53,32.53,31.94,31.98,3636364,0
20131029,31.99,32.30,31.92,32.03,2912021,0
20131030,32.17,32.61,31.95,32.06,4398642,0
20131031,32.00,32.28,31.66,31.66,4241692,0
20131101,31.77,31.93,31.38,31.84,5890546,0
20131104,31.84,31.99,31.52,31.93,3838920,0
20131105,31.90,31.97,31.26,31.69,6642202,0
20131106,32.08,32.18,30.89,31.27,6723340,0
20131107,31.38,31.53,30.86,31.04,5204590,0
20131108,31.17,31.63,30.96,31.59,4664000,0
20131111,31.70,32.00,31.62,31.77,3078718,0
20131112,31.75,31.98,31.45,31.84,3204215,0
20131113,31.65,31.81,31.28,31.72,4179762,0
20131114,31.93,32.18,31.48,31.68,2945035,0
20131115,31.69,31.87,31.41,31.81,3601726,0
20131118,31.84,31.96,31.46,31.62,2927512,0
20131119,31.66,31.95,31.20,31.42,2571776,0
20131120,31.42,31.82,31.21,31.37,2374419,0
20131121,31.49,31.72,31.32,31.58,4425171,0
20131122,31.64,31.73,31.25,31.36,3850494,0
20131125,31.41,31.42,31.06,31.29,4719830,0
20131126,31.46,31.92,31.39,31.42,4398447,0
20131127,31.45,31.55,31.10,31.28,1783246,0
20131129,31.29,31.45,31.08,31.15,1058601,0
20131202,31.31,31.60,31.09,31.15,4065226,0
20131203,31.13,31.24,30.89,31.09,5514818,0
20131204,31.07,31.33,30.96,31.21,3196403,0
20131205,31.20,31.70,31.00,31.44,6498010,0
20131206,31.62,31.69,31.30,31.54,3263672,0
20131209,31.56,31.94,31.39,31.75,3073774,0
20131210,31.62,31.62,31.20,31.36,2941864,0
20131211,31.43,31.54,30.76,31.09,4439435,0
20131212,30.98,31.41,30.98,31.17,3603540,0
20131213,31.31,31.89,31.23,31.58,3286505,0
20131216,31.67,32.00,31.55,31.70,2635565,0
20131217,31.91,31.97,31.32,31.64,2630326,0
20131218,31.61,32.20,31.30,32.17,3684403,0
20131219,32.14,32.37,31.66,32.31,3447344,0
20131220,32.33,32.69,32.26,32.38,3680956,0
20131223,32.61,32.64,32.16,32.37,2219816,0
20131224,32.30,32.48,32.07,32.37,624309,0
20131226,32.50,32.78,32.40,32.59,1504703,0
20131227,32.69,32.77,32.47,32.67,1322360,0
20131230,32.74,32.84,32.54,32.67,1803579,0
20131231,32.80,32.81,32.46,32.69,2270418,0
20140102,32.53,32.66,32.11,32.36,2576112,0
20140103,32.34,32.50,32.02,32.05,2524947,0
20140106,32.30,32.73,31.85,31.98,2763350,0
20140107,32.19,32.45,31.95,32.10,2338176,0
20140108,31.71,32.09,31.51,31.74,3965882,0
20140109,31.83,31.97,31.53,31.96,2303278,0
20140110,31.90,32.56,31.86,32.54,2999893,0
20140113,32.39,32.42,31.69,31.78,4042797,0
20140114,31.94,31.99,31.65,31.85,2334520,0
20140115,31.89,31.96,31.68,31.81,2916267,0
20140116,31.85,32.08,31.71,32.00,1960434,0
20140117,31.91,32.09,31.63,31.73,2502473,0
20140121,31.98,32.09,31.26,31.27,5681930,0
20140122,31.42,31.67,31.26,31.46,5693616,0
20140123,31.46,31.83,31.40,31.74,3263824,0
20140124,31.51,31.67,31.30,31.46,4532074,0
20140127,31.53,31.62,31.26,31.36,6933992,0
20140128,31.32,31.62,31.19,31.44,4203385,0
20140129,31.27,31.45,30.72,30.78,3152006,0
20140130,31.07,31.33,30.59,30.67,4700390,0
20140131,30.39,30.54,30.07,30.36,5302177,0
20140203,30.40,30.55,30.14,30.37,6569396,0
20140204,30.56,30.75,30.14,30.23,3657480,0
20140205,30.10,30.43,29.95,30.13,3758730,0
20140206,30.09,30.24,30.00,30.05,3327118,0
20140207,30.11,30.80,30.11,30.70,4134225,0
20140210,30.78,31.53,30.78,31.14,6339692,0
20140211,29.63,29.75,28.77,29.13,29137996,0
20140212,29.20,30.13,29.13,30.00,14394220,0
20140213,29.93,30.17,29.56,29.67,7891632,0
20140214,29.62,30.00,29.55,29.88,5579063,0
20140218,29.91,30.59,29.88,30.27,6087798,0
20140219,30.04,30.16,29.63,29.75,6169876,0
20140220,29.74,30.17,29.64,29.97,4699291,0
20140221,29.99,30.03,29.53,29.61,3235700,0
20140224,29.78,30.07,29.62,29.70,3106683,0
20140225,29.56,30.38,29.55,30.13,4412585,0
20140226,30.04,30.45,30.00,30.40,3647374,0
20140227,30.40,30.74,30.35,30.72,3778003,0
20140228,30.75,31.02,30.63,31.02,5186785,0
20140303,30.88,31.18,30.79,30.99,3534683,0
20140304,31.23,31.30,30.80,30.89,5502025,0
20140305,31.00,31.14,30.59,30.72,4399171,0
20140306,30.82,31.05,30.67,30.78,3617531,0
20140307,30.88,30.99,30.47,30.58,4421485,0
20140310,30.62,30.64,30.20,30.35,3902923,0
20140311,30.47,30.63,30.08,30.28,2641354,0
20140312,30.07,30.24,29.65,29.70,4363340,0
20140313,29.72,29.78,29.06,29.25,4090945,0
20140314,29.25,29.82,29.23,29.42,4021861,0
20140317,29.48,29.61,29.32,29.38,3837073,0
20140318,29.42,29.48,29.25,29.28,5453353,0
20140319,29.31,30.11,29.27,29.91,5692444,0
20140320,29.81,30.11,29.67,30.09,3672359,0
20140321,30.37,30.43,29.19,29.26,9668645,0
20140324,29.32,29.38,28.97,29.14,4632751,0
20140325,29.27,29.38,29.11,29.26,3181985,0
20140326,29.41,29.45,29.16,29.21,3914897,0
20140327,29.21,29.40,29.08,29.30,2987046,0
20140328,29.46,29.51,28.91,29.01,6398897,0
20140331,29.07,29.14,28.66,28.94,8689164,0
20140401,28.97,29.39,28.97,29.35,3657996,0
20140402,29.28,29.70,29.14,29.62,2341243,0
20140403,29.71,29.71,29.39,29.62,2896462,0
20140404,29.64,30.00,29.21,29.32,4963371,0
20140407,29.25,29.32,28.85,29.00,4073651,0
20140408,28.90,29.22,28.68,29.15,4744627,0
20140409,29.22,29.22,28.77,29.06,3631256,0
20140410,28.99,29.22,28.80,28.86,5372582,0
20140411,28.76,28.87,28.28,28.40,3185507,0
20140414,28.48,28.78,28.26,28.48,2559888,0
20140415,28.57,28.57,28.14,28.55,3231553,0
20140416,28.55,28.70,28.40,28.53,4220853,0
20140417,28.51,28.71,28.46,28.60,3425756,0
20140421,28.70,29.06,28.53,29.03,4437455,0
20140422,29.52,30.01,29.18,29.89,8353770,0
20140423,29.75,29.89,29.30,29.39,3803292,0
20140424,29.30,30.02,29.25,29.89,4412085,0
20140425,29.81,30.29,29.62,30.16,4864480,0
20140428,30.52,30.67,30.04,30.40,3704400,0
20140429,30.43,30.53,30.20,30.53,2531680,0
20140430,30.36,30.46,29.96,30.26,4116083,0
20140501,30.31,30.53,30.18,30.31,3206975,0
20140502,30.32,30.75,30.30,30.64,3042084,0
20140505,30.42,30.63,30.11,30.53,4425246,0
20140506,29.85,31.39,29.56,30.89,6532397,0
20140507,30.10,30.74,30.00,30.65,6810642,0
20140508,30.55,30.81,30.41,30.48,2687249,0
20140509,30.47,30.57,30.05,30.54,3339654,0
20140512,30.58,30.86,30.55,30.81,1970976,0
20140513,30.80,30.86,30.60,30.73,1932225,0
20140514,30.64,30.81,30.48,30.64,2253638,0
20140515,30.53,30.64,30.35,30.46,3104463,0
20140516,30.43,30.61,30.32,30.60,3058738,0
20140519,30.60,30.63,30.28,30.46,3671103,0
20140520,30.51,30.58,30.27,30.28,2538724,0
20140521,30.38,30.50,30.24,30.42,2421857,0
20140522,30.35,30.55,30.26,30.33,4522725,0
20140523,30.34,30.58,30.30,30.53,4085453,0
20140527,30.74,30.77,30.54,30.70,2395740,0
20140528,30.73,30.73,30.43,30.48,5791017,0
20140529,30.60,30.77,30.50,30.72,2610773,0
20140530,30.79,30.93,30.67,30.70,3076576,0
20140602,30.80,30.96,30.65,30.92,3561280,0
20140603,30.89,31.26,30.79,31.25,3323037,0
20140604,31.18,31.45,31.13,31.37,3349879,0
20140605,31.41,31.65,31.22,31.61,2784654,0
20140606,31.62,31.80,31.61,31.74,2524196,0
20140609,31.78,32.01,31.65,32.01,3194759,0
20140610,31.94,32.51,31.91,32.50,4639811,0
20140611,32.50,32.53,32.10,32.13,3600715,0
20140612,32.08,32.13,31.82,31.99,4298497,0
20140613,31.96,32.14,31.83,32.12,1904472,0
20140616,32.08,32.21,31.99,32.13,2197198,0
20140617,32.06,32.85,32.06,32.81,4407376,0
20140618,32.72,32.89,32.46,32.89,2482841,0
20140619,32.97,33.05,32.53,32.55,4062916,0
20140620,32.40,32.58,32.05,32.46,7836209,0
20140623,32.54,32.73,32.43,32.64,2513649,0
20140624,32.67,32.70,32.35,32.37,1772489,0
20140625,32.41,32.57,32.29,32.37,2751433,0
20140626,32.35,32.43,32.08,32.24,2240152,0
20140627,32.21,32.41,32.16,32.38,1435038,0
20140630,32.45,32.73,32.12,32.27,1852751,0
20140701,32.46,32.61,32.31,32.51,2263485,0
20140702,32.50,32.76,32.50,32.74,1850691,0
20140703,32.76,32.92,32.65,32.91,1370189,0
20140707,32.88,32.89,32.56,32.56,2087559,0
20140708,32.40,32.51,32.17,32.48,1846249,0
20140709,32.47,32.64,32.29,32.46,1339862,0
20140710,32.22,32.69,32.02,32.52,2003750,0
20140711,32.44,32.56,32.30,32.37,1422893,0
20140714,32.56,32.85,32.40,32.73,1900180,0
20140715,32.63,32.71,32.26,32.39,2496213,0
20140716,32.43,32.70,32.35,32.63,1768097,0
20140717,32.43,32.51,32.15,32.21,2154325,0
20140718,32.15,32.74,32.07,32.69,3261028,0
20140721,32.61,32.88,32.60,32.85,2513326,0
20140722,32.96,33.23,32.83,32.87,2590603,0
20140723,32.85,32.94,32.78,32.84,2078639,0
20140724,32.90,32.97,32.76,32.89,2007927,0
20140725,32.77,32.90,32.68,32.82,1579592,0
20140728,32.77,32.97,32.67,32.86,1627838,0
20140729,32.80,33.22,32.70,33.03,2994380,0
20140730,33.15,33.25,32.92,33.14,1800583,0
20140731,32.91,33.13,32.87,32.91,3002684,0
20140801,32.77,33.04,32.59,32.74,5381094,0
20140804,32.72,33.35,32.58,33.24,4676097,0
20140805,32.57,32.88,31.98,32.21,5935961,0
20140806,32.03,32.37,32.01,32.30,3163841,0
20140807,32.37,32.48,31.67,31.79,3747757,0
20140808,31.80,32.34,31.80,32.32,2191479,0
20140811,32.46,32.65,32.38,32.60,2282458,0
20140812,32.48,32.69,32.35,32.45,2837930,0
20140813,32.71,33.04,32.69,32.87,3729172,0
20140814,32.93,33.10,32.87,33.07,2562480,0
20140815,33.13,33.69,33.13,33.69,3842973,0
20140818,33.75,34.01,33.70,33.93,3459887,0
20140819,33.95,34.57,33.89,34.52,2922483,0
20140820,34.52,34.85,34.45,34.79,2720929,0
20140821,34.77,34.98,34.69,34.89,2041808,0
20140822,34.82,34.94,34.73,34.89,2300500,0
20140825,35.00,35.03,34.81,34.90,2417191,0
20140826,34.98,35.21,34.84,35.13,2956572,0
20140827,35.18,35.48,35.07,35.34,2746146,0
20140828,35.17,35.38,35.07,35.33,3760673,0
20140829,35.33,35.44,35.01,35.44,1190898,0
20140902,35.44,35.59,35.32,35.48,1654045,0
20140903,36.63,36.65,35.53,35.76,4220636,0
20140904,35.77,35.89,35.39,35.51,2383078,0
20140905,35.61,36.05,35.45,36.04,1602883,0
20140908,36.00,36.31,35.95,36.28,1913558,0
20140909,36.25,36.30,36.01,36.18,2832460,0
20140910,36.31,36.34,35.88,36.24,2287436,0
20140911,36.15,36.29,36.09,36.27,1768941,0
20140912,36.21,36.24,36.09,36.18,1920161,0
20140915,36.25,36.32,36.13,36.27,2164630,0
20140916,36.28,36.55,36.20,36.49,2252994,0
20140917,36.54,36.68,36.34,36.65,2525609,0
20140918,36.74,37.08,36.63,36.70,2336323,0
20140919,36.84,37.31,36.84,37.20,6105052,0
20140922,37.22,37.30,36.50,36.62,4951128,0
20140923,36.31,36.49,35.85,35.88,4421779,0
20140924,35.99,36.63,35.95,36.58,4714096,0
20140925,36.57,36.59,36.12,36.30,2061965,0
20140926,36.36,36.75,36.19,36.63,2124766,0
20140929,36.30,36.81,36.17,36.79,2075649,0
20140930,37.05,37.11,36.77,36.95,3412903,0
20141001,36.87,37.01,36.23,36.45,5508285,0
20141002,36.58,36.97,36.46,36.91,3670179,0
20141003,36.87,37.72,36.87,37.67,5948543,0
20141006,37.81,37.97,37.60,37.66,2693668,0
20141007,37.40,37.56,36.62,36.71,8116899,0
20141008,36.80,37.57,36.63,37.55,3565702,0
20141009,37.49,37.63,36.90,37.02,4336710,0
20141010,37.02,37.30,36.64,36.68,3689339,0
20141013,36.67,36.67,35.53,35.57,6677195,0
20141014,35.83,36.16,35.46,35.87,3078656,0
20141015,35.36,35.39,34.16,35.26,7155794,0
20141016,34.74,35.52,34.18,35.07,4181274,0
20141017,35.40,35.60,34.95,35.37,3438534,0
20141020,35.37,35.69,35.31,35.41,2543453,0
20141021,35.57,36.18,35.54,36.09,4772831,0
20141022,36.06,36.34,35.88,35.89,2263456,0
20141023,35.80,36.45,35.47,36.11,2925838,0
20141024,36.20,36.60,36.10,36.58,1418378,0
20141027,36.60,36.78,36.49,36.57,2511405,0
20141028,36.66,37.02,36.51,37.01,1533402,0
20141029,36.88,36.94,36.31,36.62,2271776,0
20141030,36.63,37.40,36.55,37.32,2137901,0
20141031,37.74,37.91,37.05,37.16,2589530,0
20141103,37.08,37.82,37.02,37.72,4071275,0
20141104,38.01,39.12,38.01,39.12,9723740,0
20141105,39.29,39.41,38.76,39.27,11878891,0
20141106,39.35,39.72,39.27,39.71,4457084,0
20141107,39.65,40.30,39.62,40.23,6818977,0
20141110,40.30,40.34,40.03,40.16,7530110,0
20141111,40.16,44.13,39.92,43.72,20246313,0
20141112,43.90,43.96,42.56,42.64,21414898,0
20141113,42.66,43.29,42.61,43.24,6151288,0
20141114,43.19,43.45,42.86,43.14,2689490,0
20141117,43.86,44.43,42.98,44.23,9537394,0
20141118,44.88,44.94,43.03,44.19,12181375,0
20141119,44.33,44.38,43.21,43.40,7031136,0
20141120,42.91,43.25,42.71,43.15,5091131,0
20141121,43.48,43.87,42.85,43.87,5192498,0
20141124,44.09,44.93,43.83,44.58,4179357,0
20141125,44.58,44.72,43.87,43.91,3589015,0
20141126,44.27,44.70,43.87,44.67,2131385,0
20141128,44.75,45.09,44.75,44.93,1332156,0
20141201,45.20,45.24,44.26,44.37,3153115,0
20141202,44.37,44.95,44.28,44.74,2500597,0
20141203,44.74,45.01,44.39,44.88,2008310,0
20141204,44.79,44.90,43.85,44.00,4294633,0
20141205,43.97,44.46,43.83,43.98,3313964,0
20141208,44.20,44.39,43.87,44.10,5889345,0
20141209,43.18,44.49,42.74,43.82,5516141,0
20141210,43.85,44.20,42.70,42.77,4398000,0
20141211,42.97,43.50,42.76,42.88,4942195,0
20141212,42.72,43.09,41.74,41.77,4050331,0
20141215,42.25,42.49,41.34,41.74,5947406,0
20141216,41.65,42.01,40.83,40.85,4606599,0
20141217,41.08,41.43,40.83,41.13,7628313,0
20141218,41.84,43.15,41.79,43.15,6578062,0
20141219,43.03,43.73,42.63,43.51,5601641,0
20141222,43.57,43.78,42.95,43.41,1921541,0
20141223,43.60,43.73,42.76,42.97,2612498,0
20141224,43.06,43.99,43.00,43.84,1300640,0
20141226,43.80,44.28,43.80,44.20,1518039,0
20141229,44.02,44.23,43.85,44.01,2007239,0
20141230,43.98,44.10,43.09,43.35,2251147,0
20141231,43.46,43.88,43.00,43.03,2148909,0
20150102,43.46,43.70,43.06,43.31,1784851,0
20150105,43.25,43.63,42.97,43.05,3116681,0
20150106,43.15,43.36,42.29,42.63,3987015,0
20150107,43.00,43.56,42.98,43.51,2481935,0
20150108,44.75,44.87,44.00,44.18,3121258,0
20150109,44.06,44.44,43.68,44.25,2999107,0
20150112,44.34,44.34,43.28,43.42,2168274,0
20150113,43.89,44.22,42.57,42.81,3668576,0
20150114,42.50,43.23,42.29,43.03,2481327,0
20150115,43.27,43.77,42.90,42.94,2719250,0
20150116,42.80,44.29,42.77,44.22,2761564,0
20150120,44.20,44.20,43.22,43.56,3471042,0
20150121,43.57,44.63,43.44,44.25,1991904,0
20150122,44.35,44.82,43.65,44.51,2914674,0
20150123,44.52,44.80,43.97,44.12,2885511,0
20150126,44.04,44.31,43.85,44.09,1926811,0
20150127,43.60,43.90,43.21,43.30,3008263,0
20150128,43.73,44.29,43.07,43.11,2425148,0
20150129,43.05,43.67,42.56,43.32,4927327,0
20150130,43.18,43.56,42.64,42.73,3146933,0
20150202,43.03,43.38,42.37,43.38,2136733,0
20150203,43.51,43.81,43.20,43.50,4910840,0
20150204,43.86,44.04,43.22,43.46,5102908,0
20150205,43.55,44.08,43.12,43.40,3470904,0
20150206,43.44,44.24,43.28,43.66,5408025,0
20150209,43.50,43.66,42.66,42.87,4467136,0
20150210,43.13,44.01,42.81,43.91,4112336,0
20150211,44.88,46.12,44.88,45.77,7071088,0
20150212,47.24,47.40,45.26,45.79,6989570,0
20150213,44.74,45.50,44.36,45.46,6413282,0
20150217,45.55,46.24,45.45,46.20,4055844,0
20150218,46.11,46.43,45.82,45.85,3276876,0
20150219,45.83,46.00,45.49,45.65,2928791,0
20150220,45.70,45.89,45.11,45.60,3713002,0
20150223,45.71,45.93,45.21,45.58,2664458,0
20150224,45.65,45.79,45.28,45.40,1869770,0
20150225,45.55,45.97,45.39,45.72,2958773,0
20150226,45.83,46.69,45.80,46.62,4902993,0
20150227,46.54,46.88,46.04,46.09,5555462,0
20150302,46.55,47.61,46.55,47.31,5261715,0
20150303,47.28,47.34,46.34,46.54,2256151,0
20150304,46.40,46.49,45.86,46.23,3293014,0
20150305,46.69,46.83,45.99,46.46,2327567,0
20150306,46.30,46.53,45.67,45.78,3486498,0
20150309,45.87,46.96,45.48,46.29,3758563,0
20150310,46.13,46.28,45.68,45.70,2189462,0
20150311,45.88,46.58,45.73,46.01,3245036,0
20150312,46.31,46.87,46.14,46.84,2276543,0
20150313,46.86,46.86,46.02,46.45,2487056,0
20150316,46.71,47.03,46.55,46.98,2519822,0
20150317,46.62,47.34,46.41,47.15,2906852,0
20150318,46.98,47.76,46.67,47.51,3055969,0
20150319,47.46,47.74,47.10,47.41,2000710,0
20150320,47.49,47.92,47.10,47.34,4542700,0
20150323,47.55,47.70,47.04,47.15,4820293,0
20150324,47.24,47.60,46.76,47.02,1938127,0
20150325,47.17,47.38,46.22,46.27,4148401,0
20150326,46.02,46.39,45.69,46.11,3550763,0
20150327,46.14,46.53,46.00,46.22,2801671,0
20150330,46.47,46.96,46.42,46.92,2207792,0
20150331,46.76,46.93,46.29,46.29,2768436,0
20150401,46.30,46.56,45.96,46.27,4752533,0
20150402,46.45,46.66,46.20,46.50,3083956,0
20150406,46.15,46.67,46.01,46.33,2385312,0
20150407,46.40,46.86,46.33,46.36,2367075,0
20150408,46.37,46.61,46.12,46.21,2565899,0
20150409,46.30,46.74,46.16,46.55,2721260,0
20150410,46.60,47.29,46.30,47.17,2278282,0
20150413,47.25,47.44,46.64,46.66,2009281,0
20150414,46.66,46.99,46.02,46.90,2672548,0
20150415,47.05,47.22,46.91,47.00,1578545,0
20150416,46.80,47.17,46.63,47.14,1586498,0
20150417,46.90,47.03,46.46,46.77,2885118,0
20150420,46.89,47.13,46.71,47.04,2890179,0
20150421,47.28,47.58,47.10,47.54,3139377,0
20150422,47.45,47.52,46.92,47.03,2075661,0
20150423,46.94,47.10,46.57,47.05,2113277,0
20150424,46.89,47.99,46.73,47.91,3449546,0
20150427,47.98,47.99,46.74,46.83,2684146,0
20150428,46.72,46.82,45.64,45.73,4492421,0
20150429,45.50,45.94,45.10,45.22,3997612,0
20150430,45.08,45.45,44.31,44.42,4330171,0
20150501,44.73,44.91,44.39,44.61,5835126,0
20150504,44.75,45.56,44.71,45.40,4782867,0
20150505,47.13,47.44,45.13,45.68,7681179,0
20150506,45.93,45.94,45.19,45.29,4441355,0
20150507,45.33,45.75,45.03,45.56,2426957,0
20150508,45.99,46.09,45.57,45.90,2548154,0
20150511,45.91,46.35,45.67,46.09,3405113,0
20150512,45.72,45.86,45.34,45.58,2230384,0
20150513,45.62,46.00,45.42,45.62,2160588,0
20150514,45.87,46.32,45.48,46.28,1959621,0
20150515,46.52,46.91,46.43,46.49,2701041,0
20150518,46.45,46.77,46.32,46.73,2890623,0
20150519,46.88,47.69,46.74,47.45,3845744,0
20150520,47.47,47.81,46.99,47.28,2206640,0
20150521,47.33,47.89,47.05,47.80,3599250,0
20150522,47.71,47.84,47.50,47.63,1832276,0
20150526,47.52,48.05,47.51,47.95,3999519,0
20150527,47.98,49.48,47.67,49.45,5447771,0
20150528,49.29,49.55,48.40,49.11,4933974,0
20150529,49.44,49.96,49.13,49.77,5617083,0
20150601,49.92,50.37,49.37,49.78,4496147,0
20150602,49.72,49.97,48.90,49.58,2680479,0
20150603,49.88,49.90,49.34,49.55,1976555,0
20150604,49.05,49.59,48.85,48.90,2080683,0
20150605,48.70,49.17,48.41,49.01,2411992,0
20150608,48.75,49.22,48.74,48.80,1906372,0
20150609,48.67,49.37,48.52,49.24,2675509,0
20150610,49.41,49.90,49.00,49.69,2012119,0
20150611,49.80,50.04,49.60,49.87,2055692,0
20150612,49.63,49.86,49.01,49.08,2033278,0
20150615,48.84,49.35,48.71,49.27,3014964,0
20150616,49.30,49.73,48.90,49.71,1817939,0
20150617,49.75,50.37,49.71,50.17,2804407,0
20150618,50.29,50.60,50.16,50.50,3696096,0
20150619,50.36,50.62,50.20,50.24,2906848,0
20150622,50.60,50.70,50.06,50.22,2040419,0
20150623,50.41,50.85,50.24,50.47,2104111,0
20150624,50.25,50.30,49.71,49.71,2561857,0
20150625,49.84,55.38,49.57,55.38,3228130,0
20150626,53.93,54.00,48.26,48.62,20823304,0
20150629,48.51,48.69,47.04,47.07,5149372,0
20150630,47.67,48.61,47.21,48.22,4372753,0
20150701,48.75,49.04,47.83,48.43,5532098,0
20150702,48.60,48.66,47.89,48.31,2070875,0
20150706,48.04,48.40,47.77,48.40,3088073,0
20150707,48.54,48.78,47.10,47.88,5656174,0
20150708,47.35,47.43,46.46,46.48,3452761,0
20150709,47.11,47.37,46.56,46.57,3417433,0
20150710,47.00,47.19,46.82,46.96,2917524,0
20150713,47.10,47.44,46.84,47.04,3050077,0
20150714,47.04,47.56,46.28,47.46,5636273,0
20150715,47.50,47.63,47.01,47.11,2099419,0
20150716,47.39,48.22,47.39,48.00,3423487,0
20150717,48.00,48.30,47.72,47.80,2324025,0
20150720,48.10,49.03,48.02,48.98,3364218,0
20150721,49.70,49.75,48.93,49.12,4412671,0
20150722,49.05,50.06,49.02,50.02,2937633,0
20150723,49.96,50.39,49.51,49.85,2457852,0
20150724,49.90,50.30,49.33,49.49,2081039,0
20150727,49.39,49.57,48.77,49.48,1683893,0
20150728,49.52,49.57,48.17,48.85,4846275,0
20150729,49.10,49.16,47.87,48.40,3629936,0
20150730,47.96,48.72,47.96,48.55,1576778,0
20150731,48.82,49.45,48.74,48.98,2539760,0
20150803,49.16,49.49,47.99,48.48,3559549,0
20150804,49.11,50.00,48.28,48.85,4867278,0
20150805,48.95,49.12,48.52,48.61,4118231,0
20150806,49.56,50.25,47.97,48.28,3223414,0
20150807,48.12,48.47,47.44,48.31,3465953,0
20150810,48.50,49.09,48.28,48.39,3064542,0
20150811,48.07,48.53,47.84,48.21,1946691,0
20150812,47.90,48.08,46.88,47.86,3574600,0
20150813,47.82,48.38,47.60,47.66,2574807,0
20150814,47.65,47.65,46.94,47.47,2594522,0
20150817,47.30,48.71,47.26,48.69,1849735,0
20150818,48.59,48.78,47.69,47.73,2848398,0
20150819,47.45,48.18,47.22,47.91,2153534,0
20150820,47.36,47.68,46.28,46.38,2516558,0
20150821,45.85,46.32,45.01,45.02,3775238,0
20150824,42.51,44.97,37.73,43.53,5725519,0
20150825,44.59,44.84,42.56,42.56,3814312,0
20150826,43.55,44.33,41.99,44.25,5873296,0
20150827,44.71,46.15,44.11,45.86,4602075,0
20150828,46.01,46.13,45.06,45.78,2711444,0
20150831,45.74,45.91,44.77,44.87,2580044,0
20150901,43.95,44.89,43.78,43.98,4346069,0
20150902,44.52,45.16,43.90,45.12,2699665,0
20150903,45.32,45.62,44.31,44.53,2932537,0
20150904,43.97,44.73,43.53,44.01,4195457,0
20150908,44.72,44.94,43.81,44.89,4134947,0
20150909,45.18,45.26,43.85,43.95,2964688,0
20150910,43.93,44.93,43.80,44.34,2871193,0
20150911,44.60,45.13,44.12,45.00,2476212,0
20150914,44.87,45.00,44.19,44.47,2182175,0
20150915,44.70,45.13,44.48,45.06,1999886,0
20150916,44.79,44.85,43.70,44.51,4242562,0
20150917,44.75,46.63,44.75,46.01,5470489,0
20150918,45.31,45.70,44.90,45.12,8078649,0
20150921,45.28,45.57,44.11,44.50,2502669,0
20150922,44.01,44.52,43.74,44.23,2368410,0
20150923,44.20,44.66,43.99,44.32,1802527,0
20150924,44.13,44.20,43.01,43.59,3202025,0
20150925,44.11,44.14,41.88,42.51,3498042,0
20150928,42.27,42.30,39.38,39.96,8954944,0
20150929,40.30,40.77,38.98,39.65,7328436,0
20150930,40.63,41.22,40.35,41.18,4954107,0
20151001,41.07,41.34,40.37,41.29,4131846,0
20151002,40.63,43.04,40.49,43.02,4036770,0
20151005,43.15,43.39,42.35,42.85,5467739,0
20151006,42.78,43.10,41.19,41.39,4622168,0
20151007,41.59,42.71,41.23,42.67,4182644,0
20151008,42.56,43.40,41.98,43.22,4434607,0
20151009,43.11,43.31,42.77,42.80,2862997,0
20151012,42.88,43.07,42.42,42.71,2848060,0
20151013,42.54,43.12,42.19,42.32,3285476,0
20151014,42.34,42.96,42.13,42.38,2940841,0
20151015,41.69,43.12,41.58,43.00,2481460,0
20151016,43.21,44.14,43.19,43.93,4120374,0
20151019,43.81,44.01,43.23,43.78,1924842,0
20151020,43.66,43.78,42.83,43.09,2890406,0
20151021,43.38,43.56,39.53,41.66,9780195,0
20151022,41.69,41.90,39.98,40.80,8907977,0
20151023,41.16,43.18,41.05,42.54,7391491,0
20151026,42.44,42.96,41.99,42.35,2929346,0
20151027,42.51,43.36,42.29,42.74,4570269,0
20151028,42.69,43.79,42.31,43.34,3219143,0
20151029,43.31,43.91,43.24,43.55,3019034,0
20151030,43.38,43.69,42.89,43.01,3774428,0
20151102,43.54,44.52,43.17,44.24,4298821,0
20151103,46.47,46.90,45.40,46.63,8007228,0
20151104,46.65,47.14,46.23,46.55,7718164,0
20151105,46.56,46.78,44.92,45.46,5177517,0
20151106,45.40,46.28,44.83,45.97,3496194,0
20151109,45.78,46.03,44.96,45.80,3707943,0
20151110,45.85,46.04,45.26,45.88,2963165,0
20151111,45.92,45.92,45.06,45.08,2118879,0
20151112,45.01,45.19,44.46,44.53,2858613,0
20151113,44.37,45.08,44.20,44.85,3283657,0
20151116,45.00,45.42,44.73,45.30,3532313,0
20151117,45.03,46.11,44.73,45.77,3638669,0
20151118,45.81,47.20,45.36,47.18,3377964,0
20151119,47.05,47.21,46.57,46.90,2928496,0
20151120,47.00,47.57,46.86,47.32,3679430,0
20151123,47.23,47.43,46.61,46.96,3265258,0
20151124,46.56,46.99,46.30,46.93,1713458,0
20151125,46.80,47.23,46.66,46.97,2196761,0
20151127,47.14,47.23,46.91,47.08,1155073,0
20151130,47.08,47.25,46.46,46.70,3481867,0
20151201,46.81,47.13,46.21,47.01,2956927,0
20151202,47.07,47.18,46.07,46.37,2335144,0
20151203,46.48,46.54,44.94,45.20,2465441,0
20151204,45.36,46.49,45.17,46.46,2237818,0
20151207,46.47,46.83,45.35,45.91,2108735,0
20151208,45.45,46.20,45.40,45.94,1335773,0
20151209,45.61,46.18,44.97,45.21,1768035,0
20151210,45.16,46.49,45.15,46.10,2472296,0
20151211,45.39,46.00,45.33,45.83,4233680,0
20151214,45.85,46.64,45.55,46.59,3895918,0
20151215,47.05,47.65,46.87,46.97,4154091,0
20151216,47.42,47.55,46.16,47.09,3441944,0
20151217,47.27,47.57,46.49,46.73,2642412,0
20151218,46.60,47.62,46.49,46.60,5439713,0
20151221,46.83,47.37,46.56,47.34,2467076,0
20151222,47.50,48.46,47.39,47.72,2404647,0
20151223,47.84,48.10,47.61,47.98,2368420,0
20151224,47.86,48.45,47.63,48.13,965268,0
20151228,47.96,48.20,47.59,47.90,928748,0
20151229,48.37,48.62,47.96,48.33,1483846,0
20151230,48.33,48.65,48.01,48.26,1453861,0
20151231,47.93,48.40,47.81,47.92,1768460,0
20160104,46.94,47.72,46.75,47.27,2871687,0
20160105,47.51,48.10,47.28,48.01,3117022,0
20160106,47.27,48.35,47.26,48.02,4670537,0
20160107,46.99,48.00,46.29,46.56,4324437,0
20160108,46.94,47.57,45.65,45.88,4946099,0
20160111,46.10,46.34,43.83,44.58,4306864,0
20160112,43.87,45.05,43.25,44.97,7774895,0
20160113,45.25,45.33,43.03,43.25,4197604,0
20160114,43.34,44.40,42.66,44.13,4794946,0
20160115,43.00,43.85,42.77,43.38,4529139,0
20160119,44.11,44.72,42.73,43.19,4594992,0
20160120,42.57,44.28,42.41,43.79,5212889,0
20160121,43.79,43.92,42.98,43.08,3777690,0
20160122,43.59,43.82,43.10,43.40,3397483,0
20160125,43.25,43.76,43.06,43.20,2364183,0
20160126,43.30,44.06,43.15,43.87,3797639,0
20160127,43.67,44.36,42.79,43.15,3242486,0
20160128,43.40,43.58,42.71,42.84,5660560,0
20160129,43.20,43.36,42.61,43.05,7032635,0
20160201,43.00,43.39,42.51,42.96,4703045,0
20160202,42.43,42.53,41.37,41.72,3441505,0
20160203,41.84,42.00,40.45,41.31,5145113,0
20160204,41.15,41.95,40.93,41.54,3949771,0
20160205,41.32,41.51,40.61,40.91,4058061,0
20160208,40.40,40.71,39.59,40.19,4314301,0
20160209,39.58,40.96,39.39,39.86,6277573,0
20160210,40.17,40.48,39.25,39.33,6629167,0
20160211,38.98,39.53,38.26,39.36,8058209,0
20160212,39.81,40.48,39.21,40.43,6734704,0
20160216,41.66,41.87,39.73,40.43,5614323,0
20160217,40.78,42.00,40.47,41.80,7226927,0
20160218,41.56,42.37,41.53,42.02,5350351,0
20160219,42.07,42.23,41.40,41.83,3844525,0
20160222,42.12,42.83,41.79,42.77,3476629,0
20160223,42.58,43.20,42.29,42.37,2498957,0
20160224,41.94,42.42,41.25,42.37,3086771,0
20160225,42.37,42.92,41.78,42.90,4135866,0
20160226,42.99,43.34,42.22,42.36,2654311,0
20160229,42.10,42.17,41.05,41.06,3550490,0
20160301,41.49,42.14,40.88,42.10,5280733,0
20160302,41.91,42.18,41.51,41.72,2508011,0
20160303,41.72,41.85,40.70,41.08,4473742,0
20160304,41.08,41.32,40.62,40.80,3557937,0
20160307,40.60,41.43,40.46,41.20,3540458,0
20160308,40.84,41.14,40.16,40.23,3266342,0
20160309,40.55,40.60,39.84,40.46,4083719,0
20160310,39.92,40.61,39.35,39.91,7999495,0
20160311,40.20,41.90,40.02,41.87,5890901,0
20160314,41.63,41.71,41.07,41.31,3338468,0
20160315,41.06,41.09,39.97,40.72,7035117,0
20160316,40.86,40.86,40.10,40.46,5147364,0
20160317,40.49,40.67,39.52,39.72,7288060,0
20160318,39.92,41.04,39.80,40.86,5812842,0
20160321,40.91,42.03,40.88,41.62,5461655,0
20160322,41.59,42.88,41.59,42.75,7592572,0
20160323,42.80,42.84,42.15,42.64,5261521,0
20160324,42.27,43.06,42.13,42.48,4796624,0
20160328,42.49,42.64,41.97,42.18,2038308,0
20160329,42.00,43.14,41.86,43.12,2763536,0
20160330,43.24,44.38,43.23,44.02,5311700,0
20160331,43.40,44.54,43.25,44.33,6326689,0
20160401,44.02,45.06,43.97,44.99,4549824,0
20160404,45.10,46.04,45.03,45.76,5400869,0
20160405,45.26,45.98,45.01,45.85,6004348,0
20160406,45.80,47.60,45.70,47.27,6181360,0
20160407,46.96,47.24,46.83,47.19,5865559,0
20160408,47.36,47.46,46.54,46.94,4872705,0
20160411,47.00,47.04,46.48,46.67,3962142,0
20160412,46.84,47.12,46.60,47.01,3634764,0
20160413,47.15,47.50,46.94,47.50,3295670,0
20160414,47.27,47.96,47.12,47.67,3065321,0
20160415,47.75,48.14,47.57,48.11,3189355,0
20160418,47.98,48.78,47.77,48.57,3034017,0
20160419,48.69,49.10,48.36,48.56,2426212,0
20160420,48.56,48.72,47.89,48.47,2702109,0
20160421,48.42,48.83,48.03,48.44,2998927,0
20160422,48.54,48.95,48.18,48.64,2117646,0
20160425,48.34,48.36,47.21,47.32,5239550,0
20160426,47.40,47.76,46.94,47.61,3360295,0
20160427,47.61,47.81,47.34,47.46,2490103,0
20160428,47.23,47.64,46.97,47.19,1888639,0
20160429,47.16,47.31,46.62,47.03,3342808,0
20160502,47.20,48.10,46.87,48.03,3705382,0
20160503,47.89,48.37,47.62,48.15,4474579,0
20160504,47.91,48.04,46.05,47.05,5430442,0
20160505,47.32,48.28,47.03,48.24,3536184,0
20160506,47.31,47.73,46.86,47.34,3499648,0
20160509,47.38,48.03,47.12,47.50,6012409,0
20160510,46.29,46.64,46.14,46.56,12371394,0
20160511,46.50,46.85,45.99,46.00,5596511,0
20160512,45.85,46.42,45.56,46.25,6171418,0
20160513,46.35,46.60,46.03,46.39,3167516,0
20160516,46.14,46.94,46.08,46.77,3694258,0
20160517,46.71,46.92,46.23,46.50,2562566,0
20160518,46.35,47.22,46.31,46.96,3498454,0
20160519,46.79,46.93,45.92,46.43,2189232,0
20160520,46.70,47.10,46.52,47.06,5065175,0
20160523,47.00,47.04,46.40,46.40,2356010,0
20160524,46.81,47.36,46.74,47.29,3450293,0
20160525,47.39,47.56,46.88,47.00,4637693,0
20160526,46.89,47.47,46.77,47.33,3116865,0
20160527,47.54,47.68,47.10,47.18,2023188,0
20160531,47.42,47.71,47.11,47.42,2804245,0
20160601,47.49,48.00,47.23,47.85,2140723,0
20160602,47.89,48.18,47.66,48.13,1751077,0
20160603,48.09,48.11,47.43,47.93,2286990,0
20160606,47.93,48.42,47.83,48.41,2006568,0
20160607,48.08,48.53,47.89,48.35,2433152,0
20160608,48.37,48.58,48.21,48.45,1827284,0
20160609,48.36,48.68,47.92,48.14,2121841,0
20160610,47.34,47.60,46.95,47.39,4035668,0
20160613,47.17,47.32,46.15,46.19,2829876,0
20160614,46.03,47.23,45.97,47.19,4245084,0
20160615,47.19,47.71,47.13,47.22,3517855,0
20160616,47.00,47.36,46.56,47.26,2366903,0
20160617,47.21,47.26,46.44,46.44,4009953,0
20160620,47.01,47.31,46.83,46.91,2543883,0
20160621,47.13,47.37,46.68,47.29,2698758,0
20160622,47.16,47.79,46.84,47.33,2640346,0
20160623,47.60,47.90,47.44,47.90,2291503,0
20160624,46.23,47.36,46.18,46.51,6423664,0
20160627,46.30,46.59,45.28,45.42,5047270,0
20160628,45.90,46.42,45.68,46.42,3628498,0
20160629,46.88,47.38,46.68,47.24,3603850,0
20160630,47.19,47.53,46.97,47.46,3769037,0
20160701,47.50,47.98,47.35,47.45,2008304,0
20160705,47.18,47.63,46.84,47.50,2655385,0
20160706,47.21,48.14,47.01,48.09,3451627,0
20160707,48.10,48.17,47.46,47.69,2338037,0
20160708,47.84,48.61,47.79,48.50,2851969,0
20160711,48.58,48.68,48.28,48.29,2011628,0
20160712,48.53,48.92,48.22,48.87,1824095,0
20160713,49.07,49.28,48.94,49.19,2574381,0
20160714,49.62,50.06,49.37,49.98,2618327,0
20160715,50.08,50.27,49.52,49.68,2089057,0
20160718,49.69,50.21,49.58,49.72,2757160,0
20160719,49.50,49.74,49.00,49.37,2305717,0
20160720,49.52,50.34,49.46,50.25,2530802,0
20160721,50.21,50.39,50.01,50.14,1721719,0
20160722,50.17,50.36,49.87,50.26,1308113,0
20160725,50.19,50.24,49.73,49.99,2053656,0
20160726,50.00,50.05,49.69,49.92,2582557,0
20160727,49.92,50.06,49.63,49.85,3930217,0
20160728,49.85,50.17,49.57,50.06,2852855,0
20160729,49.99,50.58,49.97,50.47,3504973,0
20160801,50.47,50.74,50.37,50.40,3715417,0
20160802,50.22,50.25,49.29,49.72,5500497,0
20160803,52.15,52.18,50.72,51.21,5425472,0
20160804,51.53,51.99,51.19,51.41,4520261,0
20160805,51.74,51.74,51.02,51.09,4222031,0
20160808,51.02,51.06,50.48,50.80,5174616,0
20160809,50.83,50.98,50.64,50.93,3667152,0
20160810,50.77,52.00,50.61,51.81,5086371,0
20160811,51.89,52.16,51.64,52.07,3056889,0
20160812,51.93,52.10,51.70,51.98,1980656,0
20160815,52.16,52.48,52.08,52.38,2280767,0
20160816,52.16,52.46,51.94,52.09,2696898,0
20160817,52.30,52.37,51.69,52.30,3027602,0
20160818,52.40,52.64,52.09,52.29,1842527,0
20160819,52.06,52.61,52.06,52.54,2714250,0
20160822,52.00,52.27,51.11,51.23,5297999,0
20160823,51.39,51.64,51.23,51.25,3518734,0
20160824,51.26,51.42,50.56,50.63,3262792,0
20160825,50.62,51.03,50.36,50.47,2919317,0
20160826,50.66,51.16,50.47,50.76,2707091,0
20160829,50.76,50.96,50.42,50.76,2370656,0
20160830,50.68,50.90,50.37,50.75,2878680,0
20160831,50.74,51.18,50.48,51.10,3446680,0
20160901,51.15,51.15,50.62,51.11,2695047,0
20160902,51.34,51.40,51.08,51.26,2226546,0
20160906,51.41,51.71,51.16,51.29,3957429,0
20160907,51.44,52.05,51.39,52.04,3766819,0
20160908,52.03,52.10,51.30,51.41,5517323,0
20160909,51.23,51.23,50.38,50.39,3173250,0
20160912,50.19,51.34,50.07,51.15,5678035,0
20160913,50.73,50.92,50.19,50.32,3880000,0
20160914,50.42,50.83,50.35,50.55,3544556,0
20160915,50.71,50.93,50.20,50.72,3331049,0
20160916,50.87,50.87,50.30,50.51,8679598,0
20160919,50.65,50.84,50.27,50.32,2428959,0
20160920,50.65,50.75,50.51,50.60,1722833,0
20160921,50.60,51.12,50.42,51.06,2487488,0
20160922,51.20,51.82,51.15,51.63,3173490,0
20160923,51.63,51.77,51.33,51.51,2560491,0
20160926,51.40,51.40,51.06,51.21,3266966,0
20160927,51.20,51.88,50.89,51.87,3203389,0
20160928,51.98,52.17,51.22,51.75,2842261,0
20160929,51.74,51.91,50.93,51.02,2877920,0
20160930,51.14,52.12,50.95,52.01,3971569,0
20161003,51.76,52.43,51.63,52.36,2412695,0
20161004,52.43,52.61,51.78,52.31,3189769,0
20161005,52.31,52.42,51.95,52.18,2608084,0
20161006,51.94,52.02,51.40,51.65,2702501,0
20161007,52.08,52.21,51.55,51.85,3323648,0
20161010,52.00,53.14,52.00,52.69,3119094,0
20161011,52.31,52.35,50.23,50.96,7512167,0
20161012,51.03,51.57,50.79,51.42,4602127,0
20161013,51.13,51.20,50.65,51.02,2812177,0
20161014,51.16,51.17,50.18,50.18,2485377,0
20161017,50.15,50.29,49.87,50.03,2644607,0
20161018,50.57,51.13,50.51,51.06,2032614,0
20161019,51.39,51.39,50.82,51.11,1605234,0
20161020,51.08,51.41,50.97,51.30,1497785,0
20161021,50.98,51.17,50.70,50.94,2032227,0
20161024,51.06,51.19,50.81,51.03,1674033,0
20161025,50.46,50.46,49.64,49.99,3557260,0
20161026,49.56,49.64,48.73,48.77,3930051,0
20161027,49.12,49.25,48.66,48.77,2564509,0
20161028,48.49,48.72,47.90,48.56,3621768,0
20161031,48.69,48.78,47.76,47.80,4635765,0
20161101,47.61,47.90,46.86,47.25,8722821,0
20161102,50.91,50.98,48.83,50.11,8106716,0
20161103,50.17,50.22,48.71,48.95,4550193,0
20161104,49.06,50.22,48.97,49.94,4234161,0
20161107,50.62,50.84,49.82,49.98,9364491,0
20161108,49.72,50.96,49.35,50.31,3863185,0
20161109,51.89,52.19,50.32,51.00,5102875,0
20161110,51.65,51.84,50.48,51.09,5661784,0
20161111,50.84,50.96,50.13,50.61,3527011,0
20161114,50.85,51.00,48.90,48.96,3681828,0
20161115,48.71,49.19,48.24,49.15,5996815,0
20161116,49.26,49.64,48.77,48.84,2941523,0
20161117,49.08,49.56,48.80,49.21,3645088,0
20161118,49.25,50.11,49.23,49.89,4747938,0
20161121,49.95,50.15,49.75,50.00,2730212,0
20161122,49.85,50.00,49.07,49.63,3018483,0
20161123,49.38,50.18,48.87,50.18,2056184,0
20161125,50.35,50.49,50.06,50.18,804749,0
20161128,50.00,50.39,49.79,50.15,2695157,0
20161129,50.03,50.58,50.03,50.45,2314144,0
20161130,50.61,50.82,50.27,50.38,3782081,0
20161201,50.41,50.55,48.62,49.16,4252362,0
20161202,49.32,49.36,48.55,49.10,3183437,0
20161205,48.95,49.84,48.95,49.82,2578193,0
20161206,49.68,50.23,49.55,50.22,2573040,0
20161207,51.20,51.38,49.79,51.26,4037819,0
20161208,50.90,51.70,50.66,51.68,3217027,0
20161209,51.86,52.48,51.60,51.89,2664496,0
20161212,51.82,51.93,50.77,50.92,5021826,0
20161213,51.26,51.43,50.81,51.05,5177724,0
20161214,51.03,51.47,50.57,50.84,2890470,0
20161215,52.17,52.77,51.66,52.32,3995397,0
20161216,52.46,52.75,52.23,52.46,3959794,0
20161219,52.46,53.06,52.26,52.39,2137792,0
20161220,53.22,53.48,52.83,53.10,2580756,0
20161221,53.33,53.41,52.73,53.12,2755192,0
20161222,52.67,53.37,52.67,53.26,1515790,0
20161223,53.20,53.78,53.18,53.78,1942469,0
20161227,53.78,54.15,53.65,53.72,1344976,0
20161228,53.76,53.85,53.35,53.44,1241854,0
20161229,53.47,53.78,53.40,53.62,1047017,0
20161230,53.64,53.74,53.27,53.53,1701204,0
20170103,53.88,54.38,53.34,53.59,3580369,0
20170104,53.72,54.18,53.10,54.11,3316309,0
20170105,54.14,54.17,53.60,53.93,2469121,0
20170106,53.85,54.72,53.73,54.10,2845753,0
20170109,54.09,54.35,53.39,53.95,2123301,0
20170110,54.03,54.29,53.69,53.93,2087082,0
20170111,53.84,54.11,52.71,53.31,3400547,0
20170112,53.09,53.58,53.03,53.39,1513688,0
20170113,53.55,53.88,53.35,53.74,2458676,0
20170117,53.50,53.68,52.93,53.22,2213400,0
20170118,53.39,54.01,53.04,53.30,3199880,0
20170119,53.30,53.62,53.12,53.50,2902544,0
20170120,53.63,54.39,53.60,53.97,3573514,0
20170123,53.65,54.00,53.59,53.75,2978626,0
20170124,53.75,53.99,53.46,53.78,2490862,0
20170125,54.10,54.29,53.73,54.00,5709082,0
20170126,53.63,54.44,53.59,53.84,2272268,0
20170127,54.09,54.72,53.97,54.65,2326838,0
20170130,54.39,54.51,53.87,54.27,2317125,0
20170131,54.01,54.97,53.80,54.94,3616460,0
20170201,54.93,55.35,54.62,55.32,2492158,0
20170202,55.01,55.72,54.72,55.70,2723044,0
20170203,55.85,56.07,55.53,55.92,2309365,0
20170206,55.66,55.85,55.42,55.77,2894262,0
20170207,56.11,56.32,55.69,55.98,2402728,0
20170208,55.97,56.32,55.73,55.96,2888874,0
20170209,55.97,56.50,55.91,55.96,2655773,0
20170210,56.00,56.09,55.55,55.73,6160949,0
20170213,54.50,55.49,54.45,55.14,5636017,0
20170214,55.14,55.26,54.79,55.02,5216391,0
20170215,54.79,55.31,54.20,55.15,5639895,0
20170216,54.69,54.88,52.00,52.78,12881819,0
20170217,53.01,53.52,52.32,52.51,8167474,0
20170221,52.49,53.66,52.34,53.47,5931413,0
20170222,52.86,53.54,52.73,53.38,3596975,0
20170223,53.50,53.79,53.26,53.58,4673432,0
20170224,53.53,53.91,53.20,53.88,4819662,0
20170227,53.85,54.18,53.55,53.83,4220561,0
20170228,53.46,53.97,53.24,53.31,4106339,0
20170301,53.73,54.08,53.55,53.89,3581081,0
20170302,54.00,54.08,53.31,53.37,3299974,0
20170303,53.34,53.72,53.25,53.42,2483602,0
20170306,53.01,53.33,52.88,53.08,1832305,0
20170307,52.86,53.38,52.64,53.07,2763243,0
20170308,53.02,53.41,52.79,53.00,2095304,0
20170309,53.05,53.72,52.91,53.69,3187968,0
20170310,53.70,53.76,53.20,53.34,2833539,0
20170313,53.33,53.63,53.24,53.56,2297765,0
20170314,53.33,53.55,53.06,53.42,2277529,0
20170315,53.39,54.39,53.39,54.28,2926129,0
20170316,54.48,54.48,54.10,54.43,3245909,0
20170317,54.62,54.82,53.85,54.00,4510179,0
20170320,54.04,54.45,53.83,54.28,2180574,0
20170321,54.47,54.79,53.24,53.39,3008336,0
20170322,53.40,53.95,53.24,53.87,3276789,0
20170323,53.89,54.19,53.60,53.80,3015617,0
20170324,53.85,54.21,53.59,53.85,2384029,0
20170327,53.49,54.17,53.40,53.97,3168491,0
20170328,53.81,54.31,53.69,54.16,2328150,0
20170329,54.04,54.27,53.72,53.82,2269855,0
20170330,53.82,53.82,53.25,53.47,2697544,0
20170331,52.98,53.65,52.98,53.37,3163836,0
20170403,53.35,53.45,52.82,53.17,2806458,0
20170404,53.07,53.17,52.37,52.65,3002457,0
20170405,52.74,53.33,52.62,52.67,3762934,0
20170406,52.68,52.76,52.25,52.67,4210467,0
20170407,52.58,52.76,52.37,52.54,2218732,0
20170410,52.60,53.06,52.47,52.74,1772287,0
20170411,52.57,52.86,52.36,52.85,1976384,0
20170412,52.57,53.23,52.53,53.22,2764541,0
20170413,53.11,53.36,52.96,53.10,2104936,0
20170417,53.09,53.57,53.00,53.50,1975296,0
20170418,53.20,53.64,53.05,53.55,2194420,0
20170419,53.72,54.19,53.64,53.85,4102669,0
20170420,53.99,54.46,53.65,54.29,2233370,0
20170421,54.23,54.38,54.00,54.19,2124663,0
20170424,54.68,55.15,54.59,54.99,2770642,0
20170425,55.12,55.16,54.70,55.12,4346140,0
20170426,55.15,55.68,55.08,55.57,2665816,0
20170427,55.66,56.65,55.52,56.46,2986421,0
20170428,56.46,56.62,56.08,56.11,3341793,0
20170501,56.14,56.56,56.03,56.28,3607817,0
20170502,56.29,56.53,55.89,56.47,3728559,0
20170503,56.09,56.40,55.50,55.59,5795937,0
20170504,55.48,59.60,55.48,58.87,6923157,0
20170505,58.76,59.61,58.48,59.47,6896027,0
20170508,59.39,59.74,58.30,58.81,3160708,0
20170509,58.80,59.69,58.55,59.43,3130507,0
20170510,58.99,60.13,58.99,59.90,4052762,0
20170511,59.68,59.89,59.25,59.72,3175456,0
20170512,60.03,60.19,59.57,59.88,3425146,0
20170515,59.77,60.07,59.56,60.00,2319379,0
20170516,60.24,60.38,59.90,60.33,1816297,0
20170517,59.86,60.19,59.69,59.73,2397563,0
20170518,59.73,60.29,59.61,59.91,1583662,0
20170519,59.98,60.61,59.94,60.31,2567745,0
20170522,60.39,60.88,60.28,60.31,3117309,0
20170523,60.50,61.46,60.50,61.43,3330549,0
20170524,61.43,62.49,61.39,62.30,3869148,0
20170525,62.56,62.64,62.17,62.58,2864917,0
20170526,62.78,63.11,62.39,62.61,1985460,0
20170530,62.45,62.70,61.86,62.26,2884394,0
20170531,62.58,62.70,62.10,62.28,3789807,0
20170601,62.45,62.64,61.99,62.64,3112530,0
20170602,62.78,63.30,62.39,62.50,4110099,0
20170605,62.42,62.78,62.15,62.67,3364563,0
20170606,62.50,63.08,62.49,62.98,2420424,0
20170607,62.93,63.42,62.85,63.26,1904655,0
20170608,63.41,63.49,62.46,62.58,3201991,0
20170609,62.49,63.10,62.37,62.59,2021775,0
20170612,62.61,62.71,61.26,61.85,4522559,0
20170613,61.72,62.30,60.92,61.96,2007271,0
20170614,62.01,62.60,61.71,62.23,1822111,0
20170615,61.83,62.54,61.73,62.39,1605500,0
20170616,62.73,63.00,62.27,62.55,2821302,0
20170619,62.88,63.29,62.79,63.03,1839510,0
20170620,63.38,63.85,62.85,63.00,2077458,0
20170621,63.13,63.48,62.84,63.00,2363021,0
20170622,63.00,63.84,62.81,63.51,2379279,0
20170623,63.50,63.52,62.48,62.78,5215502,0
20170626,62.87,62.92,62.24,62.72,1911717,0
20170627,62.72,63.20,62.62,62.76,2330039,0
20170628,63.00,63.46,62.61,62.95,1635153,0
20170629,63.07,63.28,62.05,62.50,1782124,0
20170630,62.46,62.93,62.37,62.38,1890227,0
20170703,62.40,62.84,62.27,62.67,744262,0
20170705,62.71,62.88,62.34,62.55,3000331,0
20170706,62.35,62.50,61.66,61.79,2319605,0
20170707,62.30,62.81,62.12,62.59,2289463,0
20170710,62.50,62.71,62.28,62.47,1596841,0
20170711,62.41,62.50,61.96,62.21,1220979,0
20170712,62.45,62.94,62.41,62.56,2016188,0
20170713,62.56,63.09,62.49,63.05,2976754,0
20170714,63.15,63.53,62.90,63.35,2131365,0
20170717,63.45,63.51,63.03,63.07,1695813,0
20170718,63.00,63.00,62.26,62.46,1808388,0
20170719,62.71,62.79,62.29,62.42,1850573,0
20170720,62.56,62.94,62.52,62.75,1394582,0
20170721,62.75,63.42,62.39,63.16,2097192,0
20170724,63.20,63.46,63.05,63.29,1811946,0
20170725,62.98,63.03,61.12,61.28,6067931,0
20170726,60.88,62.20,60.80,62.06,3153569,0
20170727,62.06,62.20,61.70,62.01,2090512,0
20170728,62.15,62.65,62.06,62.21,1540607,0
20170731,62.45,62.83,62.32,62.52,2130374,0
20170801,62.60,62.69,61.92,62.27,1750974,0
20170802,62.04,62.21,61.38,61.54,1831228,0
20170803,61.23,62.47,61.20,62.28,1768815,0
20170804,62.37,62.85,61.86,62.12,1277542,0
20170807,62.12,62.34,61.25,61.83,4208287,0
20170808,60.49,61.00,59.50,60.00,4663668,0
20170809,59.95,60.87,59.76,60.81,4017297,0
20170810,60.87,61.37,59.71,59.74,2690725,0
20170811,60.05,60.22,59.64,59.73,2285863,0
20170814,60.19,60.83,60.04,60.74,2475394,0
20170815,60.86,61.68,60.56,61.03,2220781,0
20170816,61.27,61.54,61.08,61.50,1388941,0
20170817,61.42,61.97,60.88,60.90,1765704,0
20170818,60.71,61.08,60.44,60.75,1513092,0
20170821,60.82,61.47,60.65,61.35,1806313,0
20170822,61.26,61.81,61.10,61.60,3459347,0
20170823,61.44,61.60,61.23,61.36,1597889,0
20170824,61.61,61.61,61.15,61.39,2098981,0
20170825,61.73,61.97,61.24,61.33,1965984,0
20170828,61.53,61.84,61.38,61.54,2102054,0
20170829,61.36,61.67,61.08,61.50,1331328,0
20170830,61.52,62.19,61.50,61.94,2101838,0
20170831,62.16,62.82,61.88,62.70,2934224,0
20170901,62.75,62.97,62.43,62.87,1407533,0
20170905,62.70,63.25,62.64,63.17,2860197,0
20170906,63.55,63.60,63.06,63.39,3216109,0
20170907,63.58,65.12,63.23,64.85,2558538,0
20170908,64.85,65.09,64.62,64.70,2608157,0
20170911,65.33,65.39,64.52,65.28,1842380,0
20170912,65.25,65.50,65.18,65.40,1832450,0
20170913,65.32,65.83,65.22,65.28,1517180,0
20170914,65.10,65.27,64.77,65.25,2584337,0
20170915,65.41,65.64,64.87,65.20,2115398,0
20170918,65.31,65.42,64.64,65.20,1584970,0
20170919,65.38,65.41,64.53,64.78,2005847,0
20170920,64.72,65.08,64.01,64.48,2634685,0
20170921,64.50,64.86,64.20,64.24,1232176,0
20170922,64.30,64.55,63.94,64.16,1538406,0
20170925,64.18,64.28,63.51,63.67,2214327,0
20170926,63.71,64.14,63.29,63.33,1580127,0
20170927,63.39,63.68,63.02,63.21,1959710,0
20170928,63.37,63.73,62.79,63.32,1689750,0
20170929,63.36,63.78,62.89,63.76,1981436,0
20171002,63.84,64.39,63.69,63.75,1838530,0
20171003,63.75,64.10,63.40,63.59,1809492,0
20171004,63.68,64.01,63.48,63.57,1954410,0
20171005,63.42,63.99,63.28,63.75,2345538,0
20171006,63.75,63.96,63.58,63.75,2543606,0
20171009,63.81,63.87,63.51,63.73,1232323,0
20171010,63.75,64.03,63.44,63.99,1739221,0
20171011,63.90,64.28,63.79,64.28,1368286,0
20171012,64.24,64.94,64.20,64.91,1757557,0
20171013,64.93,65.53,64.72,65.44,2133543,0
20171016,65.59,65.80,65.36,65.71,2168743,0
20171017,65.65,66.11,65.43,65.81,2056869,0
20171018,65.91,65.91,65.25,65.56,1632895,0
20171019,65.50,65.69,65.16,65.58,1556858,0
20171020,65.63,65.99,65.24,65.94,1617494,0
20171023,66.20,66.35,65.27,65.28,1771036,0
20171024,65.33,65.73,64.84,64.98,1610110,0
20171025,64.81,64.99,64.28,64.38,1802395,0
20171026,64.59,64.59,63.59,63.74,2751532,0
20171027,63.76,64.37,63.52,64.05,2839875,0
20171030,64.05,64.05,63.03,63.24,3704638,0
20171031,63.41,64.14,63.25,63.82,2514753,0
20171101,64.20,65.09,64.02,64.51,3028945,0
20171102,64.30,67.85,64.30,67.31,5042964,0
20171103,67.77,68.80,67.44,68.69,4020915,0
20171106,68.92,70.48,68.85,69.71,3863396,0
20171107,69.73,70.26,68.15,68.45,4392399,0
20171108,68.00,69.62,67.76,69.51,3777192,0
20171109,69.16,69.50,68.96,69.30,2380869,0
20171110,68.95,69.24,68.58,69.13,1826380,0
20171113,69.01,69.30,68.56,68.88,2551596,0
20171114,68.78,69.95,68.57,69.90,2288361,0
20171115,69.69,70.33,69.35,69.62,2016014,0
20171116,69.97,70.49,69.71,70.41,2034272,0
20171117,70.24,71.12,70.24,70.79,2109857,0
20171120,70.80,71.14,70.49,70.95,2138385,0
20171121,71.03,72.14,70.97,71.36,2645592,0
20171122,71.33,71.83,70.95,71.07,1370643,0
20171124,71.17,71.42,70.93,71.29,1195981,0
20171127,71.49,71.80,71.22,71.54,1684156,0
20171128,71.59,71.63,71.26,71.39,2565510,0
20171129,71.99,72.10,71.28,71.61,1599956,0
20171130,71.84,72.71,71.84,72.29,2458256,0
20171201,72.22,72.35,71.28,72.30,1887860,0
20171204,72.44,72.79,71.00,71.02,3402504,0
20171205,70.82,71.77,70.60,70.85,2160086,0
20171206,70.60,71.11,70.48,70.97,1409883,0
20171207,70.97,71.84,70.76,71.64,1922074,0
20171208,71.89,71.98,71.30,71.88,1586859,0
20171211,71.84,71.97,71.52,71.77,1109525,0
20171212,71.77,72.66,71.64,72.23,1874700,0
20171213,72.14,72.99,72.06,72.38,1527343,0
20171214,72.25,72.46,71.57,71.76,1328050,0
20171215,72.21,72.27,71.52,71.96,2492303,0
20171218,71.96,72.92,71.91,72.63,1500798,0
20171219,72.82,73.58,72.73,72.80,1921082,0
20171220,72.68,73.16,72.17,72.71,1714427,0
20171221,73.00,73.31,72.27,72.28,1080080,0
20171222,72.27,72.37,71.79,71.99,1259402,0
20171226,72.40,72.55,71.90,72.34,777312,0
20171227,72.59,72.69,72.25,72.45,912983,0
20171228,72.49,72.60,72.14,72.39,668613,0
20171229,72.55,72.76,72.04,72.04,1427331,0
20180102,72.54,72.59,71.47,71.77,2098095,0
20180103,71.77,72.18,71.34,72.10,2303724,0
20180104,72.75,72.91,72.26,72.53,2459595,0
20180105,72.83,73.92,72.57,73.36,2099132,0
20180108,73.43,74.42,73.16,74.24,2768134,0
20180109,74.70,75.48,74.47,75.11,2658706,0
20180110,74.58,74.80,73.28,73.91,2185112,0
20180111,74.05,74.68,73.72,74.59,1502667,0
20180112,74.91,75.69,74.77,75.39,1796821,0
20180116,76.06,76.40,75.21,75.54,2473679,0
20180117,75.81,77.03,75.39,76.77,2612741,0
20180118,76.65,76.65,75.85,76.33,2172174,0
20180119,76.69,76.91,76.22,76.62,3108045,0
20180122,76.67,77.58,76.62,77.48,4060086,0
20180123,77.30,78.32,76.97,77.59,2193670,0
20180124,78.16,78.51,77.60,78.33,2492188,0
20180125,78.47,79.38,78.35,79.25,2280691,0
20180126,79.49,80.13,79.38,80.09,2432686,0
20180129,79.81,79.95,79.11,79.18,2593854,0
20180130,78.44,78.69,77.91,78.35,3756615,0
20180131,78.49,78.77,76.54,76.73,4059999,0
20180201,76.84,78.27,76.69,77.82,2937764,0
20180202,77.53,78.12,76.73,76.78,2530920,0
20180205,76.64,76.92,73.18,73.83,2849698,0
20180206,72.74,74.56,72.13,73.27,4722102,0
20180207,72.70,75.00,72.69,73.86,3296136,0
20180208,73.96,74.56,71.50,71.51,2729966,0
